기준_년분기_코드,상권_구분_코드,상권_구분_코드_명,상권_코드,상권_코드_명,총_상주인구_수,남성_상주인구_수,여성_상주인구_수,연령대_10_상주인구_수,연령대_20_상주인구_수,연령대_30_상주인구_수,연령대_40_상주인구_수,연령대_50_상주인구_수,연령대_60_이상_상주인구_수,남성연령대_10_상주인구_수,남성연령대_20_상주인구_수,남성연령대_30_상주인구_수,남성연령대_40_상주인구_수,남성연령대_50_상주인구_수,남성연령대_60_이상_상주인구_수,여성연령대_10_상주인구_수,여성연령대_20_상주인구_수,여성연령대_30_상주인구_수,여성연령대_40_상주인구_수,여성연령대_50_상주인구_수,여성연령대_60_이상_상주인구_수,총_가구_수,아파트_가구_수,비_아파트_가구_수
20211,A,골목상권,3110001,이북5도청사,1020,466,554,160,142,94,160,194,270,85,64,44,68,84,121,75,78,50,92,110,149,401,0,401
20211,A,골목상권,3110002,독립문역 1번,629,309,320,79,57,59,78,91,265,39,29,30,45,51,115,40,28,29,33,40,150,343,0,343
20211,A,골목상권,3110003,세검정초등학교,3212,1505,1707,603,399,372,551,533,754,285,203,179,256,234,348,318,196,193,295,299,406,1270,0,1270
20211,A,골목상권,3110004,대신고등학교,471,221,250,57,61,47,69,77,160,30,34,24,33,33,67,27,27,23,36,44,93,244,0,244
20211,A,골목상권,3110005,세검정,2153,1044,1109,356,294,250,346,374,533,205,153,119,152,173,242,151,141,131,194,201,291,878,0,878
20211,A,골목상권,3110006,부암동주민센터,687,319,368,64,70,75,94,129,255,36,38,32,45,59,109,28,32,43,49,70,146,384,0,384
20211,A,골목상권,3110007,사직공원(한국사회과학도서관),1927,882,1045,267,268,257,315,325,495,131,127,132,148,139,205,136,141,125,167,186,290,885,0,885
20211,A,골목상권,3110008,배화여자대학교(박노수미술관),4595,2051,2544,714,563,656,846,716,1100,347,255,317,360,329,443,367,308,339,486,387,657,2045,0,2045
20211,A,골목상권,3110009,자하문터널,1602,770,832,216,209,237,305,277,358,123,110,122,138,119,158,93,99,115,167,158,200,713,0,713
20211,A,골목상권,3110010,평창동서측,3134,1408,1726,428,389,369,499,549,900,208,189,160,216,244,391,220,200,209,283,305,509,1417,0,1417
20211,A,골목상권,3110011,청운초등학교,431,215,216,74,68,46,63,90,90,44,42,15,30,42,42,30,26,31,33,48,48,164,0,164
20211,A,골목상권,3110012,성곡미술관,1928,873,1055,272,287,267,291,375,436,130,134,117,124,178,190,142,153,150,167,197,246,847,0,847
20211,A,골목상권,3110013,체부동홍종문가옥,374,179,195,46,49,70,53,57,99,26,25,29,27,26,46,20,24,41,26,31,53,198,0,198
20211,A,골목상권,3110014,경복고등학교,931,429,502,136,113,93,162,161,266,76,58,37,73,75,110,60,55,56,89,86,156,464,0,464
20211,A,골목상권,3110015,청와대사랑채,589,279,310,98,82,91,103,94,121,54,38,37,52,41,57,44,44,54,51,53,64,254,0,254
20211,A,골목상권,3110016,평창동동측,2075,986,1089,259,311,233,268,353,651,136,164,104,126,155,301,123,147,129,142,198,350,901,0,901
20211,A,골목상권,3110017,정독도서관,731,353,378,103,88,101,115,129,195,56,42,49,57,63,86,47,46,52,58,66,109,321,0,321
20211,A,골목상권,3110018,중앙고등학교,2795,1324,1471,371,339,398,509,431,747,201,164,190,233,208,328,170,175,208,276,223,419,1295,0,1295
20211,A,골목상권,3110019,창덕궁,243,143,100,6,20,32,37,35,113,4,16,16,25,24,58,2,4,16,12,11,55,159,0,159
20211,A,골목상권,3110020,서울국제고등학교,3990,2018,1972,430,1169,468,478,512,933,201,634,281,233,258,411,229,535,187,245,254,522,2299,0,2299
20211,A,골목상권,3110021,성균관대학교,1915,930,985,180,725,240,208,213,349,89,353,129,102,98,159,91,372,111,106,115,190,1229,0,1229
20211,A,골목상권,3110022,경신고등학교,1552,707,845,265,368,196,278,184,261,128,168,88,130,78,115,137,200,108,148,106,146,784,0,784
20211,A,골목상권,3110023,서울대병원,554,258,296,32,178,108,51,59,126,18,90,50,24,25,51,14,88,58,27,34,75,365,0,365
20211,A,골목상권,3110024,혜회동주민센터,1257,561,696,118,273,155,183,179,349,59,118,81,81,81,141,59,155,74,102,98,208,800,0,800
20211,A,골목상권,3110025,충신시장옆,479,262,217,37,76,76,71,85,134,25,46,44,40,41,66,12,30,32,31,44,68,264,0,264
20211,A,골목상권,3110026,종로5가역 4번,108,53,55,3,14,14,9,30,38,0,8,5,4,14,22,3,6,9,5,16,16,62,0,62
20211,A,골목상권,3110027,혜화역 1번,2669,1220,1449,245,549,407,376,387,705,112,251,190,187,188,292,133,298,217,189,199,413,1450,0,1450
20211,A,골목상권,3110028,이화달팽이길,3909,1998,1911,354,716,514,461,763,1101,179,360,284,254,403,518,175,356,230,207,360,583,2181,0,2181
20211,A,골목상권,3110029,동대문역 1번,5260,2757,2503,487,788,561,683,1174,1567,266,435,329,364,619,744,221,353,232,319,555,823,2569,0,2569
20211,A,골목상권,3110030,동대문역 3번,179,92,87,9,20,16,24,42,68,3,10,11,11,27,30,6,10,5,13,15,38,116,0,116
20211,A,골목상권,3110031,창신역 1번,486,236,250,44,76,61,54,97,154,21,38,27,29,47,74,23,38,34,25,50,80,266,0,266
20211,A,골목상권,3110032,수족관거리,27,14,13,1,0,5,3,4,14,1,0,3,2,3,5,0,0,2,1,1,9,16,0,16
20211,A,골목상권,3110033,창신역 4번,2007,979,1028,161,254,239,291,408,654,75,140,133,155,195,281,86,114,106,136,213,373,1077,0,1077
20211,A,골목상권,3110034,창신1동주민센터,348,200,148,3,5,15,44,74,207,1,1,8,26,41,123,2,4,7,18,33,84,308,0,308
20211,A,골목상권,3110035,동묘앞역 2번,3468,1809,1659,223,472,433,479,765,1096,124,221,254,272,411,527,99,251,179,207,354,569,2014,0,2014
20211,A,골목상권,3110036,동묘앞역 3번,386,213,173,9,208,80,20,29,40,2,106,48,13,18,26,7,102,32,7,11,14,342,0,342
20211,A,골목상권,3110037,신설동역 12번,1535,772,763,117,221,205,191,318,483,60,120,113,94,163,222,57,101,92,97,155,261,807,0,807
20211,A,골목상권,3110038,경향신문사,12,9,3,2,1,2,1,3,3,2,1,2,0,3,1,0,0,0,1,0,2,7,0,7
20211,A,골목상권,3110039,회현역 1번,87,53,34,5,8,6,17,13,38,5,3,5,10,11,19,0,5,1,7,2,19,51,0,51
20211,A,골목상권,3110040,중구회현체육센터(정화예술대남산캠퍼스),906,428,478,76,126,93,131,146,334,35,66,51,68,72,136,41,60,42,63,74,198,482,0,482
20211,A,골목상권,3110041,남산케이블카,701,351,350,76,100,115,106,102,202,40,53,64,60,47,87,36,47,51,46,55,115,439,0,439
20211,A,골목상권,3110042,남산골공원옆,965,470,495,83,200,166,134,130,252,39,87,87,76,66,115,44,113,79,58,64,137,532,0,532
20211,A,골목상권,3110043,충무초등학교,2208,1145,1063,215,814,310,218,238,413,108,440,169,115,138,175,107,374,141,103,100,238,1458,0,1458
20211,A,골목상권,3110044,관성묘,231,109,122,26,45,39,38,31,52,13,21,20,21,14,20,13,24,19,17,17,32,130,0,130
20211,A,골목상권,3110045,동대문역사문화공원역 5번,910,473,437,65,129,119,109,163,325,37,68,71,64,86,147,28,61,48,45,77,178,528,0,528
20211,A,골목상권,3110046,버티고개,3660,1824,1836,336,598,605,547,607,967,184,309,337,276,280,438,152,289,268,271,327,529,1656,0,1656
20211,A,골목상권,3110047,다산성곽길,2754,1296,1458,266,406,379,405,467,831,130,208,190,190,233,345,136,198,189,215,234,486,1360,0,1360
20211,A,골목상권,3110048,장충동주민센터,2453,1191,1262,251,455,421,343,368,615,129,230,209,179,174,270,122,225,212,164,194,345,1262,0,1262
20211,A,골목상권,3110049,장충단 고개,1958,913,1045,236,397,330,292,282,421,128,183,167,136,126,173,108,214,163,156,156,248,988,0,988
20211,A,골목상권,3110050,약수역 7번,769,365,404,73,136,107,113,105,235,40,73,50,53,50,99,33,63,57,60,55,136,396,0,396
20211,A,골목상권,3110051,한양공고앞 교차로,1222,640,582,78,160,158,149,240,437,41,88,90,80,130,211,37,72,68,69,110,226,710,0,710
20211,A,골목상권,3110052,장충초등학교,1688,851,837,176,283,251,213,306,459,91,127,145,113,155,220,85,156,106,100,151,239,876,0,876
20211,A,골목상권,3110053,청구역 1번,2634,1310,1324,209,418,383,371,524,729,100,209,204,210,270,317,109,209,179,161,254,412,1498,0,1498
20211,A,골목상권,3110054,청구역 3번,1988,951,1037,192,442,382,278,282,412,102,204,188,136,138,183,90,238,194,142,144,229,1121,0,1121
20211,A,골목상권,3110055,황학동벼룩시장,302,150,152,10,70,74,29,48,71,4,30,36,17,27,36,6,40,38,12,21,35,224,0,224
20211,A,골목상권,3110056,신당역 3번,5008,2455,2553,460,796,620,682,998,1452,257,358,316,365,525,634,203,438,304,317,473,818,2699,0,2699
20211,A,골목상권,3110057,황학코아루아파트,1743,729,1014,92,567,495,202,187,200,48,179,210,95,102,95,44,388,285,107,85,105,1288,0,1288
20211,A,골목상권,3110058,성심여자고등학교,3736,1777,1959,420,585,504,551,633,1043,188,289,265,285,297,453,232,296,239,266,336,590,1972,0,1972
20211,A,골목상권,3110059,새남터성지,1785,831,954,172,180,210,259,321,643,84,92,122,131,156,246,88,88,88,128,165,397,953,0,953
20211,A,골목상권,3110060,효창공원앞역 6번,3491,1660,1831,375,602,610,540,528,836,195,291,303,253,265,353,180,311,307,287,263,483,1728,0,1728
20211,A,골목상권,3110061,효창동주민센터,3871,1838,2033,506,622,631,559,613,940,263,288,321,267,292,407,243,334,310,292,321,533,1764,0,1764
20211,A,골목상권,3110062,한강로동땡땡거리(은행나무길),1263,664,599,77,154,159,175,207,491,45,77,103,103,121,215,32,77,56,72,86,276,734,0,734
20211,A,골목상권,3110063,효창공원앞역 5번,2934,1472,1462,250,514,641,358,415,756,120,244,355,202,221,330,130,270,286,156,194,426,1651,0,1651
20211,A,골목상권,3110064,효창공원앞역 2번,2998,1377,1621,391,601,542,473,426,565,190,240,282,220,207,238,201,361,260,253,219,327,1454,0,1454
20211,A,골목상권,3110065,남정초등학교,155,72,83,25,28,27,23,18,34,14,14,11,13,5,15,11,14,16,10,13,19,85,0,85
20211,A,골목상권,3110066,서울역 15번,2709,1373,1336,244,423,409,379,524,730,125,218,236,195,266,333,119,205,173,184,258,397,1541,0,1541
20211,A,골목상권,3110067,배문고등학교,7697,3889,3808,806,1439,1229,1132,1338,1753,426,718,711,581,667,786,380,721,518,551,671,967,3893,0,3893
20211,A,골목상권,3110068,남영역 1번,3437,1616,1821,265,719,765,463,442,783,132,276,403,240,222,343,133,443,362,223,220,440,2038,0,2038
20211,A,골목상권,3110069,숙대입구,5535,2202,3333,426,1478,865,734,685,1347,200,410,420,351,308,513,226,1068,445,383,377,834,3446,0,3446
20211,A,골목상권,3110070,용산세무서,105,49,56,18,12,13,16,15,31,6,7,6,9,7,14,12,5,7,7,8,17,43,0,43
20211,A,골목상권,3110071,한강미주맨션아파트,534,241,293,104,54,60,88,88,140,47,29,29,37,46,53,57,25,31,51,42,87,179,0,179
20211,A,골목상권,3110072,열정도,124,91,33,1,8,12,16,23,64,0,8,8,11,22,42,1,0,4,5,1,22,97,0,97
20211,A,골목상권,3110073,삼각지역 3번,478,226,252,17,93,114,65,46,143,13,47,55,36,25,50,4,46,59,29,21,93,364,0,364
20211,A,골목상권,3110074,서울역 12번,3273,2153,1120,170,345,395,468,761,1134,94,158,220,320,582,779,76,187,175,148,179,355,2493,0,2493
20211,A,골목상권,3110075,숙대입구역 1번,3263,1729,1534,243,483,457,463,590,1027,120,248,236,245,346,534,123,235,221,218,244,493,2033,0,2033
20211,A,골목상권,3110076,삼각지역 14번,18,12,6,0,0,1,1,5,11,0,0,1,1,4,6,0,0,0,0,1,5,15,0,15
20211,A,골목상권,3110077,삼광초등학교,1233,595,638,150,159,157,209,198,360,80,77,82,99,104,153,70,82,75,110,94,207,618,0,618
20211,A,골목상권,3110078,이촌동점보아파트,465,217,248,91,61,36,76,88,113,46,33,10,34,38,56,45,28,26,42,50,57,146,0,146
20211,A,골목상권,3110079,후암동주민센터,10480,5031,5449,1365,1572,1771,1716,1654,2402,719,773,912,818,785,1024,646,799,859,898,869,1378,5148,0,5148
20211,A,골목상권,3110080,해방촌예술마을,4131,2028,2103,438,606,664,626,610,1187,242,302,356,326,284,518,196,304,308,300,326,669,2097,0,2097
20211,A,골목상권,3110081,해방촌 남동측,3336,1544,1792,243,528,533,442,506,1084,111,269,255,227,218,464,132,259,278,215,288,620,1950,0,1950
20211,A,골목상권,3110082,용산구청,978,464,514,70,161,210,132,136,269,37,80,106,68,56,117,33,81,104,64,80,152,564,0,564
20211,A,골목상권,3110083,서빙고역 1번,727,358,369,121,82,149,134,92,149,64,37,73,69,51,64,57,45,76,65,41,85,350,0,350
20211,A,골목상권,3110084,경리단길북측,3620,1629,1991,271,528,624,560,524,1113,126,270,314,265,230,424,145,258,310,295,294,689,2154,0,2154
20211,A,골목상권,3110085,경리단길남측,2745,1282,1463,306,460,513,430,370,666,157,218,254,204,177,272,149,242,259,226,193,394,1508,0,1508
20211,A,골목상권,3110086,이태원역 북측,1103,533,570,152,174,191,171,135,280,80,92,90,82,59,130,72,82,101,89,76,150,549,0,549
20211,A,골목상권,3110087,이태원엔틱가구거리,1686,743,943,85,222,211,223,273,672,49,114,131,105,126,218,36,108,80,118,147,454,1150,0,1150
20211,A,골목상권,3110088,오산고등학교,1727,850,877,209,265,258,280,308,407,106,138,136,136,163,171,103,127,122,144,145,236,813,0,813
20211,A,골목상권,3110089,서빙고동주민센터,2539,1233,1306,264,329,348,385,434,779,145,164,194,194,211,325,119,165,154,191,223,454,1322,0,1322
20211,A,골목상권,3110090,한국폴리텍대학서울정수캠퍼스,1963,915,1048,185,298,331,303,331,515,90,144,179,122,167,213,95,154,152,181,164,302,1109,0,1109
20211,A,골목상권,3110091,리움미술관,153,75,78,14,18,35,17,16,53,7,9,21,6,8,24,7,9,14,11,8,29,82,0,82
20211,A,골목상권,3110092,NH농협은행 보광동지점,3527,1743,1784,312,586,534,497,633,965,178,344,277,260,287,397,134,242,257,237,346,568,1848,0,1848
20211,A,골목상권,3110093,우사단길,6035,3127,2908,490,956,1123,925,930,1611,269,534,654,505,489,676,221,422,469,420,441,935,3613,0,3613
20211,A,골목상권,3110094,오산중학교,358,183,175,26,63,49,46,71,103,13,25,35,23,40,47,13,38,14,23,31,56,201,0,201
20211,A,골목상권,3110095,한강진역 3번,2566,1144,1422,196,227,483,452,380,828,108,100,223,230,180,303,88,127,260,222,200,525,1717,0,1717
20211,A,골목상권,3110096,한남힐사이드아파트,972,437,535,118,126,205,148,149,226,64,56,86,77,65,89,54,70,119,71,84,137,454,0,454
20211,A,골목상권,3110097,한남초등학교,226,100,126,26,25,73,33,24,45,12,12,31,16,10,19,14,13,42,17,14,26,131,0,131
20211,A,골목상권,3110098,서울독일학교,219,104,115,29,35,30,30,39,56,16,12,18,18,17,23,13,23,12,12,22,33,117,0,117
20211,A,골목상권,3110099,유엔빌리지길,1823,895,928,312,201,329,273,313,395,162,105,151,132,156,189,150,96,178,141,157,206,835,0,835
20211,A,골목상권,3110100,옥수동우편취급국,107,55,52,16,20,15,12,22,22,11,11,8,6,10,9,5,9,7,6,12,13,43,0,43
20211,A,골목상권,3110101,옥정중학교,662,281,381,79,104,155,123,87,114,38,31,78,50,39,45,41,73,77,73,48,69,378,0,378
20211,A,골목상권,3110102,옥수역 6번,813,385,428,89,131,121,144,101,227,48,55,55,79,56,92,41,76,66,65,45,135,455,0,455
20211,A,골목상권,3110103,옥수터널,409,196,213,36,69,69,58,65,112,16,40,39,31,32,38,20,29,30,27,33,74,215,0,215
20211,A,골목상권,3110104,신금호역 4번,2904,1414,1490,368,407,346,473,507,803,183,203,194,242,249,343,185,204,152,231,258,460,1334,0,1334
20211,A,골목상권,3110105,금동어린이공원,2845,1380,1465,307,395,382,396,486,879,171,214,194,193,237,371,136,181,188,203,249,508,1398,0,1398
20211,A,골목상권,3110106,금북초등학교,919,458,461,118,141,125,119,149,267,68,81,61,54,71,123,50,60,64,65,78,144,407,0,407
20211,A,골목상권,3110107,금호사거리,224,105,119,17,21,30,30,41,85,11,8,15,16,20,35,6,13,15,14,21,50,132,0,132
20211,A,골목상권,3110108,성동구립금호도서관,3,1,2,0,0,0,1,0,2,0,0,0,0,0,1,0,0,0,1,0,1,1,0,1
20211,A,골목상권,3110109,금호삼성래미안아파트,451,226,225,32,73,63,60,75,148,12,39,38,32,36,69,20,34,25,28,39,79,242,0,242
20211,A,골목상권,3110110,상왕십리역 6번,1988,928,1060,156,429,336,277,316,474,77,174,164,148,166,199,79,255,172,129,150,275,1159,0,1159
20211,A,골목상권,3110111,대현산장미원,1418,713,705,162,168,174,255,221,438,83,85,108,125,113,199,79,83,66,130,108,239,617,0,617
20211,A,골목상권,3110112,행당역 2번,2689,1292,1397,308,519,374,390,453,645,159,260,182,189,209,293,149,259,192,201,244,352,1348,0,1348
20211,A,골목상권,3110113,응봉산,1424,710,714,195,186,183,207,276,377,104,103,88,113,136,166,91,83,95,94,140,211,633,0,633
20211,A,골목상권,3110114,왕십리파출소,826,402,424,109,133,126,124,147,187,55,64,60,68,77,78,54,69,66,56,70,109,372,0,372
20211,A,골목상권,3110115,상왕십리역 3번,2063,1044,1019,183,471,355,259,363,432,111,229,199,119,193,193,72,242,156,140,170,239,1116,0,1116
20211,A,골목상권,3110116,청계천박물관,1932,982,950,198,284,218,257,404,571,106,156,118,130,215,257,92,128,100,127,189,314,948,0,948
20211,A,골목상권,3110117,성동구보건소,1595,818,777,175,257,239,205,281,438,101,136,126,114,137,204,74,121,113,91,144,234,795,0,795
20211,A,골목상권,3110118,왕십리역 9번,1097,581,516,86,156,149,131,227,348,41,91,91,62,130,166,45,65,58,69,97,182,694,0,694
20211,A,골목상권,3110119,마장지하차도,284,141,143,34,35,30,43,50,92,17,19,13,25,25,42,17,16,17,18,25,50,147,0,147
20211,A,골목상권,3110120,서울숲카페거리,839,412,427,93,134,149,140,130,193,48,75,68,71,65,85,45,59,81,69,65,108,432,0,432
20211,A,골목상권,3110121,한양대역 4번,934,555,379,73,527,104,50,68,112,34,337,73,30,36,45,39,190,31,20,32,67,771,0,771
20211,A,골목상권,3110122,마장역 2번,846,429,417,123,128,120,136,139,200,59,64,70,69,71,96,64,64,50,67,68,104,365,0,365
20211,A,골목상권,3110123,마장역 3번,2776,1384,1392,249,521,356,337,456,857,129,248,192,176,242,397,120,273,164,161,214,460,1611,0,1611
20211,A,골목상권,3110124,뚝섬역교차로,856,476,380,64,167,124,113,152,236,32,94,74,56,93,127,32,73,50,57,59,109,512,0,512
20211,A,골목상권,3110125,사근동살곶이상점가,4343,2239,2104,383,1637,473,417,490,943,163,917,290,234,227,408,220,720,183,183,263,535,2833,0,2833
20211,A,골목상권,3110126,서울숲역 1번,607,293,314,54,117,114,83,85,154,37,57,60,38,36,65,17,60,54,45,49,89,316,0,316
20211,A,골목상권,3110127,성수1가1동주민센터,980,487,493,51,232,258,142,141,156,22,112,123,64,93,73,29,120,135,78,48,83,715,0,715
20211,A,골목상권,3110128,성원중학교,7452,3995,3457,721,1190,1027,1034,1613,1867,369,669,590,551,904,912,352,521,437,483,709,955,4002,0,4002
20211,A,골목상권,3110129,성원어린이공원,1602,788,814,189,261,296,263,244,349,89,134,136,136,129,164,100,127,160,127,115,185,833,0,833
20211,A,골목상권,3110130,답십리역 6번,1188,587,601,102,197,115,169,224,381,45,101,62,85,120,174,57,96,53,84,104,207,627,0,627
20211,A,골목상권,3110131,성수동카페거리,2618,1405,1213,228,551,480,298,449,612,120,270,277,160,249,329,108,281,203,138,200,283,1526,0,1526
20211,A,골목상권,3110132,성수2가3동주민센터,2091,1066,1025,146,425,453,281,295,491,76,198,235,141,178,238,70,227,218,140,117,253,1318,0,1318
20211,A,골목상권,3110133,서울교통공사,1855,944,911,202,218,254,291,350,540,100,109,125,163,187,260,102,109,129,128,163,280,977,0,977
20211,A,골목상권,3110134,성수119안전센터,5535,2971,2564,521,757,834,786,1121,1516,264,434,458,424,643,748,257,323,376,362,478,768,2888,0,2888
20211,A,골목상권,3110135,성동세무서,1157,628,529,106,212,207,170,190,272,63,113,110,98,105,139,43,99,97,72,85,133,657,0,657
20211,A,골목상권,3110136,경수초등학교,2505,1300,1205,297,332,401,360,427,688,150,169,210,198,218,355,147,163,191,162,209,333,1203,0,1203
20211,A,골목상권,3110137,성수초등학교,1611,857,754,174,321,372,232,235,277,85,136,208,142,132,154,89,185,164,90,103,123,920,0,920
20211,A,골목상권,3110138,송정체육공원,3513,1886,1627,337,616,510,451,667,932,175,319,290,250,387,465,162,297,220,201,280,467,1973,0,1973
20211,A,골목상권,3110139,자양4동주민센터,5303,2677,2626,418,780,779,746,969,1611,195,393,432,400,520,737,223,387,347,346,449,874,3040,0,3040
20211,A,골목상권,3110140,건대입구역 6번,4954,2481,2473,392,805,723,682,859,1493,194,380,395,375,464,673,198,425,328,307,395,820,2848,0,2848
20211,A,골목상권,3110141,건대입구역 1번,3062,1462,1600,149,1224,590,307,287,505,77,523,322,170,138,232,72,701,268,137,149,273,2208,0,2208
20211,A,골목상권,3110142,화양사거리,6199,2984,3215,274,2946,1266,546,509,658,136,1264,701,314,269,300,138,1682,565,232,240,358,4850,0,4850
20211,A,골목상권,3110143,뚝섬유원지역 1번,116,59,57,18,15,11,17,25,30,8,8,5,8,14,16,10,7,6,9,11,14,49,0,49
20211,A,골목상권,3110144,어린이대공원역 4번,2130,1033,1097,83,898,326,196,239,388,38,405,167,109,142,172,45,493,159,87,97,216,1732,0,1732
20211,A,골목상권,3110145,장안초등학교,551,270,281,48,152,75,62,82,132,22,80,40,32,39,57,26,72,35,30,43,75,308,0,308
20211,A,골목상권,3110146,신자초등학교,3818,1938,1880,471,567,591,552,665,972,247,304,308,283,333,463,224,263,283,269,332,509,1853,0,1853
20211,A,골목상권,3110147,능동우편취급국,6260,3171,3089,617,1355,1161,849,968,1310,329,698,616,443,474,611,288,657,545,406,494,699,3407,0,3407
20211,A,골목상권,3110148,어린이대공원역 3번,1537,769,768,82,602,244,154,166,289,36,298,129,90,90,126,46,304,115,64,76,163,1068,0,1068
20211,A,골목상권,3110149,세종대학교,1055,490,565,96,301,204,131,143,180,45,141,100,65,61,78,51,160,104,66,82,102,598,0,598
20211,A,골목상권,3110150,중곡1동 마을마당,6333,3133,3200,631,1107,1244,863,974,1514,333,560,625,445,487,683,298,547,619,418,487,831,3330,0,3330
20211,A,골목상권,3110151,자양한강도서관,4732,2306,2426,538,763,774,752,799,1106,288,380,378,385,375,500,250,383,396,367,424,606,2312,0,2312
20211,A,골목상권,3110152,중곡어린이공원,2023,1029,994,243,293,326,308,360,493,134,138,179,165,181,232,109,155,147,143,179,261,996,0,996
20211,A,골목상권,3110153,중곡1동주민센터,2573,1221,1352,233,437,546,368,370,619,122,180,279,186,173,281,111,257,267,182,197,338,1412,0,1412
20211,A,골목상권,3110154,광진정말공원,4366,2121,2245,482,727,672,640,775,1070,268,364,336,319,371,463,214,363,336,321,404,607,2148,0,2148
20211,A,골목상권,3110155,광진구청,4200,2072,2128,487,926,626,615,675,871,256,463,336,292,323,402,231,463,290,323,352,469,2111,0,2111
20211,A,골목상권,3110156,군자역 5번,6239,2862,3377,602,1308,1363,923,747,1296,304,561,616,472,343,566,298,747,747,451,404,730,3544,0,3544
20211,A,골목상권,3110157,자양동우체국,5774,2858,2916,823,890,889,971,994,1207,423,481,445,481,481,547,400,409,444,490,513,660,2602,0,2602
20211,A,골목상권,3110158,중곡3동주민센터,6729,3352,3377,651,1043,1054,958,1201,1822,355,494,573,488,609,833,296,549,481,470,592,989,3649,0,3649
20211,A,골목상권,3110159,구의역 4번,8894,4239,4655,857,1714,1470,1232,1443,2178,396,798,739,633,701,972,461,916,731,599,742,1206,4855,0,4855
20211,A,골목상권,3110160,광진경찰서,1893,905,988,232,351,336,341,297,336,126,172,161,164,140,142,106,179,175,177,157,194,944,0,944
20211,A,골목상권,3110161,중곡역 3번,4891,2419,2472,495,811,834,667,826,1258,256,411,434,348,385,585,239,400,400,319,441,673,2469,0,2469
20211,A,골목상권,3110162,군자역 4번,3729,1750,1979,523,643,667,572,540,784,249,301,321,277,249,353,274,342,346,295,291,431,1665,0,1665
20211,A,골목상권,3110163,성자초등학교,2923,1365,1558,424,454,503,484,449,609,212,201,241,236,210,265,212,253,262,248,239,344,1278,0,1278
20211,A,골목상권,3110164,아차산역 5번,3398,1584,1814,369,642,816,451,437,683,203,275,359,227,202,318,166,367,457,224,235,365,1755,0,1755
20211,A,골목상권,3110165,국립정신건강센터,4189,2027,2162,474,747,667,548,778,975,236,371,346,264,364,446,238,376,321,284,414,529,1913,0,1913
20211,A,골목상권,3110166,구의1동주민센터,6101,2891,3210,473,1390,1160,867,897,1314,232,640,585,429,426,579,241,750,575,438,471,735,3508,0,3508
20211,A,골목상권,3110167,용마초등학교,6882,3267,3615,958,1127,1201,1019,1097,1480,497,530,585,489,506,660,461,597,616,530,591,820,3155,0,3155
20211,A,골목상권,3110168,대원고등학교,2583,1265,1318,359,456,392,366,495,515,191,225,200,168,239,242,168,231,192,198,256,273,1104,0,1104
20211,A,골목상권,3110169,성동초등학교,2609,1307,1302,238,529,579,311,420,532,130,252,325,153,194,253,108,277,254,158,226,279,1360,0,1360
20211,A,골목상권,3110170,동대부여고,6237,3026,3211,541,1276,1256,896,892,1376,242,616,672,454,440,602,299,660,584,442,452,774,3367,0,3367
20211,A,골목상권,3110171,중곡4동주민센터,2409,1145,1264,245,327,310,355,457,715,116,163,153,192,207,314,129,164,157,163,250,401,1190,0,1190
20211,A,골목상권,3110172,광진초등학교,4010,1933,2077,565,547,588,631,668,1011,295,261,293,321,322,441,270,286,295,310,346,570,1960,0,1960
20211,A,골목상권,3110173,구남초등학교,1410,654,756,149,272,254,170,236,329,76,126,130,73,108,141,73,146,124,97,128,188,716,0,716
20211,A,골목상권,3110174,아차산역 1번,4692,2250,2442,592,655,690,669,787,1299,304,326,333,334,360,593,288,329,357,335,427,706,2047,0,2047
20211,A,골목상권,3110175,푸른동산공원,5000,2357,2643,644,917,882,792,753,1012,318,416,441,380,347,455,326,501,441,412,406,557,2478,0,2478
20211,A,골목상권,3110176,해오름공원,6118,3036,3082,644,932,843,864,1122,1713,350,484,440,449,562,751,294,448,403,415,560,962,2913,0,2913
20211,A,골목상권,3110177,동의초등학교,1551,751,800,249,202,171,257,250,422,119,106,92,128,122,184,130,96,79,129,128,238,661,0,661
20211,A,골목상권,3110178,장로회신학대학교,1132,552,580,142,168,162,157,161,342,74,83,81,78,76,160,68,85,81,79,85,182,559,0,559
20211,A,골목상권,3110179,광나루역 1번,1086,525,561,130,153,133,191,184,295,69,81,63,88,89,135,61,72,70,103,95,160,580,0,580
20211,A,골목상권,3110180,광진정보도서관,1307,630,677,171,209,215,205,212,295,91,104,105,94,91,145,80,105,110,111,121,150,618,0,618
20211,A,골목상권,3110181,신설동역 9번,1395,634,761,63,494,338,167,141,192,30,179,149,93,80,103,33,315,189,74,61,89,1033,0,1033
20211,A,골목상권,3110182,용두희망어린이공원,1036,614,422,95,398,158,112,107,166,51,261,103,59,62,78,44,137,55,53,45,88,700,0,700
20211,A,골목상권,3110183,한국의류시험연구원,556,324,232,38,84,55,69,101,209,20,44,31,46,67,116,18,40,24,23,34,93,350,0,350
20211,A,골목상권,3110184,용두사거리,218,115,103,19,32,38,37,30,62,10,15,22,23,17,28,9,17,16,14,13,34,135,0,135
20211,A,골목상권,3110185,용두초등학교,431,244,187,37,62,50,65,81,136,21,40,33,38,48,64,16,22,17,27,33,72,249,0,249
20211,A,골목상권,3110186,종암초등학교,423,258,165,31,159,57,47,49,80,16,105,38,27,30,42,15,54,19,20,19,38,295,0,295
20211,A,골목상권,3110187,제기동역 6번,4444,2136,2308,285,1185,864,592,614,904,145,506,452,325,309,399,140,679,412,267,305,505,2930,0,2930
20211,A,골목상권,3110188,용두동신동아아파트,4502,2200,2302,561,736,722,691,696,1096,298,334,371,364,339,494,263,402,351,327,357,602,2161,0,2161
20211,A,골목상권,3110189,제기동역 1번,2213,1105,1108,256,464,355,326,341,471,128,251,197,165,161,203,128,213,158,161,180,268,1104,0,1104
20211,A,골목상권,3110190,고대앞사거리,2383,1269,1114,279,647,326,256,306,569,136,373,188,142,164,266,143,274,138,114,142,303,1415,0,1415
20211,A,골목상권,3110191,고려대역 6번,1199,659,540,65,340,159,132,154,349,32,199,87,85,86,170,33,141,72,47,68,179,843,0,843
20211,A,골목상권,3110192,동의보감타워,605,345,260,16,98,143,73,94,181,8,49,79,46,61,102,8,49,64,27,33,79,481,0,481
20211,A,골목상권,3110193,고려대역 4번,1342,699,643,81,364,205,131,167,394,41,183,122,78,91,184,40,181,83,53,76,210,875,0,875
20211,A,골목상권,3110194,홍파초등학교,1726,898,828,117,213,233,217,271,675,66,122,137,132,146,295,51,91,96,85,125,380,922,0,922
20211,A,골목상권,3110195,동대문구청,3708,1911,1797,258,717,576,418,584,1155,142,357,313,248,322,529,116,360,263,170,262,626,2226,0,2226
20211,A,골목상권,3110196,홍릉근린공원,1288,660,628,80,107,118,152,219,612,33,60,72,87,123,285,47,47,46,65,96,327,820,0,820
20211,A,골목상권,3110197,세종대왕기념관교차로,548,278,270,52,86,72,71,99,168,27,46,47,41,45,72,25,40,25,30,54,96,307,0,307
20211,A,골목상권,3110198,동대문중앙새마을금고본점,120,62,58,5,12,11,13,21,58,2,5,9,8,12,26,3,7,2,5,9,32,80,0,80
20211,A,골목상권,3110199,홍릉시장,1064,569,495,48,109,99,131,176,501,21,60,65,79,114,230,27,49,34,52,62,271,699,0,699
20211,A,골목상권,3110200,동대문경찰서,807,436,371,59,98,109,113,137,291,35,55,62,70,79,135,24,43,47,43,58,156,463,0,463
20211,A,골목상권,3110201,전농119안전센터,528,304,224,30,56,60,71,101,210,16,30,31,40,71,116,14,26,29,31,30,94,354,0,354
20211,A,골목상권,3110202,전농1동주민센터(전농시장),1418,803,615,49,104,105,165,276,719,28,55,58,98,175,389,21,49,47,67,101,330,1053,0,1053
20211,A,골목상권,3110203,떡전교사거리,1769,905,864,160,216,194,235,329,635,87,117,113,120,180,288,73,99,81,115,149,347,1013,0,1013
20211,A,골목상권,3110204,간데메공원,3492,1721,1771,510,453,584,562,519,864,267,211,286,295,261,401,243,242,298,267,258,463,1692,0,1692
20211,A,골목상권,3110205,경희대삼거리,2596,1265,1331,220,816,355,317,318,570,110,391,195,173,176,220,110,425,160,144,142,350,1683,0,1683
20211,A,골목상권,3110206,텃골근린공원,3750,1882,1868,386,589,504,551,619,1101,214,301,286,291,284,506,172,288,218,260,335,595,2011,0,2011
20211,A,골목상권,3110207,시립대앞사거리,967,498,469,58,191,168,114,166,270,29,106,89,65,91,118,29,85,79,49,75,152,576,0,576
20211,A,골목상권,3110208,시조사삼거리,841,405,436,54,251,147,82,116,191,26,127,68,43,56,85,28,124,79,39,60,106,540,0,540
20211,A,골목상권,3110209,답십리 장령당공원,668,336,332,63,93,95,81,124,212,27,55,50,49,66,89,36,38,45,32,58,123,372,0,372
20211,A,골목상권,3110210,서울시립대,3839,1978,1861,350,1058,508,426,491,1006,167,577,315,224,244,451,183,481,193,202,247,555,2186,0,2186
20211,A,골목상권,3110211,전곡마을마당공원,3550,1773,1777,333,505,403,490,645,1174,169,278,227,258,321,520,164,227,176,232,324,654,1938,0,1938
20211,A,골목상권,3110212,답십리초등학교,2112,1082,1030,224,296,242,306,362,682,127,157,134,156,183,325,97,139,108,150,179,357,1077,0,1077
20211,A,골목상권,3110213,청량초등학교,802,389,413,81,299,91,72,114,145,32,142,58,40,51,66,49,157,33,32,63,79,500,0,500
20211,A,골목상권,3110214,경희대후문,2745,1403,1342,231,1325,288,212,251,438,122,685,188,102,122,184,109,640,100,110,129,254,1930,0,1930
20211,A,골목상권,3110215,회기역 1번,2091,1008,1083,109,953,314,184,177,354,48,416,167,112,105,160,61,537,147,72,72,194,1579,0,1579
20211,A,골목상권,3110216,전농중학교,1182,593,589,114,158,156,158,223,373,56,81,89,91,118,158,58,77,67,67,105,215,589,0,589
20211,A,골목상권,3110217,자동차부품상가,575,310,265,36,93,72,79,126,169,21,53,40,47,70,79,15,40,32,32,56,90,301,0,301
20211,A,골목상권,3110218,답십리사거리,2509,1279,1230,223,321,333,311,481,840,113,178,182,168,250,388,110,143,151,143,231,452,1289,0,1289
20211,A,골목상권,3110219,삼육보건대학교,6955,3620,3335,573,2455,882,730,816,1499,291,1357,517,381,399,675,282,1098,365,349,417,824,4386,0,4386
20211,A,골목상권,3110220,외대앞역 1번,2003,1022,981,144,602,260,239,277,481,63,286,163,137,159,214,81,316,97,102,118,267,1341,0,1341
20211,A,골목상권,3110221,의릉,1028,514,514,118,220,146,157,168,219,64,105,72,88,83,102,54,115,74,69,85,117,565,0,565
20211,A,골목상권,3110222,회기역 2번,108,50,58,18,20,13,18,18,21,7,8,7,9,9,10,11,12,6,9,9,11,44,0,44
20211,A,골목상권,3110223,군자초등학교,1640,845,795,155,257,269,215,306,438,92,130,151,109,147,216,63,127,118,106,159,222,750,0,750
20211,A,골목상권,3110224,외대앞역 2번,470,255,215,19,81,53,73,83,161,11,45,36,35,46,82,8,36,17,38,37,79,321,0,321
20211,A,골목상권,3110225,촬영소사거리,1228,637,591,119,159,155,172,235,388,61,79,89,100,120,188,58,80,66,72,115,200,603,0,603
20211,A,골목상권,3110226,장안1동주민센터,11209,5639,5570,1171,1511,1793,1786,2048,2900,610,757,958,937,1023,1354,561,754,835,849,1025,1546,5867,0,5867
20211,A,골목상권,3110227,답십리공원,820,397,423,102,127,96,123,165,207,55,60,48,69,77,88,47,67,48,54,88,119,380,0,380
20212,A,골목상권,3110001,이북5도청사,1020,466,554,160,142,94,160,194,270,85,64,44,68,84,121,75,78,50,92,110,149,401,0,401
20212,A,골목상권,3110002,독립문역 1번,629,309,320,79,57,59,78,91,265,39,29,30,45,51,115,40,28,29,33,40,150,343,0,343
20212,A,골목상권,3110003,세검정초등학교,3212,1505,1707,603,399,372,551,533,754,285,203,179,256,234,348,318,196,193,295,299,406,1270,0,1270
20212,A,골목상권,3110004,대신고등학교,471,221,250,57,61,47,69,77,160,30,34,24,33,33,67,27,27,23,36,44,93,244,0,244
20212,A,골목상권,3110005,세검정,2153,1044,1109,356,294,250,346,374,533,205,153,119,152,173,242,151,141,131,194,201,291,878,0,878
20212,A,골목상권,3110006,부암동주민센터,687,319,368,64,70,75,94,129,255,36,38,32,45,59,109,28,32,43,49,70,146,384,0,384
20212,A,골목상권,3110007,사직공원(한국사회과학도서관),1927,882,1045,267,268,257,315,325,495,131,127,132,148,139,205,136,141,125,167,186,290,885,0,885
20212,A,골목상권,3110008,배화여자대학교(박노수미술관),4595,2051,2544,714,563,656,846,716,1100,347,255,317,360,329,443,367,308,339,486,387,657,2045,0,2045
20212,A,골목상권,3110009,자하문터널,1602,770,832,216,209,237,305,277,358,123,110,122,138,119,158,93,99,115,167,158,200,713,0,713
20212,A,골목상권,3110010,평창동서측,3134,1408,1726,428,389,369,499,549,900,208,189,160,216,244,391,220,200,209,283,305,509,1417,0,1417
20212,A,골목상권,3110011,청운초등학교,431,215,216,74,68,46,63,90,90,44,42,15,30,42,42,30,26,31,33,48,48,164,0,164
20212,A,골목상권,3110012,성곡미술관,1928,873,1055,272,287,267,291,375,436,130,134,117,124,178,190,142,153,150,167,197,246,847,0,847
20212,A,골목상권,3110013,체부동홍종문가옥,374,179,195,46,49,70,53,57,99,26,25,29,27,26,46,20,24,41,26,31,53,198,0,198
20212,A,골목상권,3110014,경복고등학교,931,429,502,136,113,93,162,161,266,76,58,37,73,75,110,60,55,56,89,86,156,464,0,464
20212,A,골목상권,3110015,청와대사랑채,589,279,310,98,82,91,103,94,121,54,38,37,52,41,57,44,44,54,51,53,64,254,0,254
20212,A,골목상권,3110016,평창동동측,2075,986,1089,259,311,233,268,353,651,136,164,104,126,155,301,123,147,129,142,198,350,901,0,901
20212,A,골목상권,3110017,정독도서관,731,353,378,103,88,101,115,129,195,56,42,49,57,63,86,47,46,52,58,66,109,321,0,321
20212,A,골목상권,3110018,중앙고등학교,2795,1324,1471,371,339,398,509,431,747,201,164,190,233,208,328,170,175,208,276,223,419,1295,0,1295
20212,A,골목상권,3110019,창덕궁,243,143,100,6,20,32,37,35,113,4,16,16,25,24,58,2,4,16,12,11,55,159,0,159
20212,A,골목상권,3110020,서울국제고등학교,3990,2018,1972,430,1169,468,478,512,933,201,634,281,233,258,411,229,535,187,245,254,522,2299,0,2299
20212,A,골목상권,3110021,성균관대학교,1915,930,985,180,725,240,208,213,349,89,353,129,102,98,159,91,372,111,106,115,190,1229,0,1229
20212,A,골목상권,3110022,경신고등학교,1552,707,845,265,368,196,278,184,261,128,168,88,130,78,115,137,200,108,148,106,146,784,0,784
20212,A,골목상권,3110023,서울대병원,554,258,296,32,178,108,51,59,126,18,90,50,24,25,51,14,88,58,27,34,75,365,0,365
20212,A,골목상권,3110024,혜회동주민센터,1257,561,696,118,273,155,183,179,349,59,118,81,81,81,141,59,155,74,102,98,208,800,0,800
20212,A,골목상권,3110025,충신시장옆,479,262,217,37,76,76,71,85,134,25,46,44,40,41,66,12,30,32,31,44,68,264,0,264
20212,A,골목상권,3110026,종로5가역 4번,108,53,55,3,14,14,9,30,38,0,8,5,4,14,22,3,6,9,5,16,16,62,0,62
20212,A,골목상권,3110027,혜화역 1번,2669,1220,1449,245,549,407,376,387,705,112,251,190,187,188,292,133,298,217,189,199,413,1450,0,1450
20212,A,골목상권,3110028,이화달팽이길,3909,1998,1911,354,716,514,461,763,1101,179,360,284,254,403,518,175,356,230,207,360,583,2181,0,2181
20212,A,골목상권,3110029,동대문역 1번,5260,2757,2503,487,788,561,683,1174,1567,266,435,329,364,619,744,221,353,232,319,555,823,2569,0,2569
20212,A,골목상권,3110030,동대문역 3번,179,92,87,9,20,16,24,42,68,3,10,11,11,27,30,6,10,5,13,15,38,116,0,116
20212,A,골목상권,3110031,창신역 1번,486,236,250,44,76,61,54,97,154,21,38,27,29,47,74,23,38,34,25,50,80,266,0,266
20212,A,골목상권,3110032,수족관거리,27,14,13,1,0,5,3,4,14,1,0,3,2,3,5,0,0,2,1,1,9,16,0,16
20212,A,골목상권,3110033,창신역 4번,2007,979,1028,161,254,239,291,408,654,75,140,133,155,195,281,86,114,106,136,213,373,1077,0,1077
20212,A,골목상권,3110034,창신1동주민센터,348,200,148,3,5,15,44,74,207,1,1,8,26,41,123,2,4,7,18,33,84,308,0,308
20212,A,골목상권,3110035,동묘앞역 2번,3468,1809,1659,223,472,433,479,765,1096,124,221,254,272,411,527,99,251,179,207,354,569,2014,0,2014
20212,A,골목상권,3110036,동묘앞역 3번,386,213,173,9,208,80,20,29,40,2,106,48,13,18,26,7,102,32,7,11,14,342,0,342
20212,A,골목상권,3110037,신설동역 12번,1535,772,763,117,221,205,191,318,483,60,120,113,94,163,222,57,101,92,97,155,261,807,0,807
20212,A,골목상권,3110038,경향신문사,12,9,3,2,1,2,1,3,3,2,1,2,0,3,1,0,0,0,1,0,2,7,0,7
20212,A,골목상권,3110039,회현역 1번,87,53,34,5,8,6,17,13,38,5,3,5,10,11,19,0,5,1,7,2,19,51,0,51
20212,A,골목상권,3110040,중구회현체육센터(정화예술대남산캠퍼스),906,428,478,76,126,93,131,146,334,35,66,51,68,72,136,41,60,42,63,74,198,482,0,482
20212,A,골목상권,3110041,남산케이블카,701,351,350,76,100,115,106,102,202,40,53,64,60,47,87,36,47,51,46,55,115,439,0,439
20212,A,골목상권,3110042,남산골공원옆,965,470,495,83,200,166,134,130,252,39,87,87,76,66,115,44,113,79,58,64,137,532,0,532
20212,A,골목상권,3110043,충무초등학교,2208,1145,1063,215,814,310,218,238,413,108,440,169,115,138,175,107,374,141,103,100,238,1458,0,1458
20212,A,골목상권,3110044,관성묘,231,109,122,26,45,39,38,31,52,13,21,20,21,14,20,13,24,19,17,17,32,130,0,130
20212,A,골목상권,3110045,동대문역사문화공원역 5번,910,473,437,65,129,119,109,163,325,37,68,71,64,86,147,28,61,48,45,77,178,528,0,528
20212,A,골목상권,3110046,버티고개,3660,1824,1836,336,598,605,547,607,967,184,309,337,276,280,438,152,289,268,271,327,529,1656,0,1656
20212,A,골목상권,3110047,다산성곽길,2754,1296,1458,266,406,379,405,467,831,130,208,190,190,233,345,136,198,189,215,234,486,1360,0,1360
20212,A,골목상권,3110048,장충동주민센터,2453,1191,1262,251,455,421,343,368,615,129,230,209,179,174,270,122,225,212,164,194,345,1262,0,1262
20212,A,골목상권,3110049,장충단 고개,1958,913,1045,236,397,330,292,282,421,128,183,167,136,126,173,108,214,163,156,156,248,988,0,988
20212,A,골목상권,3110050,약수역 7번,769,365,404,73,136,107,113,105,235,40,73,50,53,50,99,33,63,57,60,55,136,396,0,396
20212,A,골목상권,3110051,한양공고앞 교차로,1222,640,582,78,160,158,149,240,437,41,88,90,80,130,211,37,72,68,69,110,226,710,0,710
20212,A,골목상권,3110052,장충초등학교,1688,851,837,176,283,251,213,306,459,91,127,145,113,155,220,85,156,106,100,151,239,876,0,876
20212,A,골목상권,3110053,청구역 1번,2634,1310,1324,209,418,383,371,524,729,100,209,204,210,270,317,109,209,179,161,254,412,1498,0,1498
20212,A,골목상권,3110054,청구역 3번,1988,951,1037,192,442,382,278,282,412,102,204,188,136,138,183,90,238,194,142,144,229,1121,0,1121
20212,A,골목상권,3110055,황학동벼룩시장,302,150,152,10,70,74,29,48,71,4,30,36,17,27,36,6,40,38,12,21,35,224,0,224
20212,A,골목상권,3110056,신당역 3번,5008,2455,2553,460,796,620,682,998,1452,257,358,316,365,525,634,203,438,304,317,473,818,2699,0,2699
20212,A,골목상권,3110057,황학코아루아파트,1743,729,1014,92,567,495,202,187,200,48,179,210,95,102,95,44,388,285,107,85,105,1288,0,1288
20212,A,골목상권,3110058,성심여자고등학교,3736,1777,1959,420,585,504,551,633,1043,188,289,265,285,297,453,232,296,239,266,336,590,1972,0,1972
20212,A,골목상권,3110059,새남터성지,1785,831,954,172,180,210,259,321,643,84,92,122,131,156,246,88,88,88,128,165,397,953,0,953
20212,A,골목상권,3110060,효창공원앞역 6번,3491,1660,1831,375,602,610,540,528,836,195,291,303,253,265,353,180,311,307,287,263,483,1728,0,1728
20212,A,골목상권,3110061,효창동주민센터,3871,1838,2033,506,622,631,559,613,940,263,288,321,267,292,407,243,334,310,292,321,533,1764,0,1764
20212,A,골목상권,3110062,한강로동땡땡거리(은행나무길),1263,664,599,77,154,159,175,207,491,45,77,103,103,121,215,32,77,56,72,86,276,734,0,734
20212,A,골목상권,3110063,효창공원앞역 5번,2934,1472,1462,250,514,641,358,415,756,120,244,355,202,221,330,130,270,286,156,194,426,1651,0,1651
20212,A,골목상권,3110064,효창공원앞역 2번,2998,1377,1621,391,601,542,473,426,565,190,240,282,220,207,238,201,361,260,253,219,327,1454,0,1454
20212,A,골목상권,3110065,남정초등학교,155,72,83,25,28,27,23,18,34,14,14,11,13,5,15,11,14,16,10,13,19,85,0,85
20212,A,골목상권,3110066,서울역 15번,2709,1373,1336,244,423,409,379,524,730,125,218,236,195,266,333,119,205,173,184,258,397,1541,0,1541
20212,A,골목상권,3110067,배문고등학교,7697,3889,3808,806,1439,1229,1132,1338,1753,426,718,711,581,667,786,380,721,518,551,671,967,3893,0,3893
20212,A,골목상권,3110068,남영역 1번,3437,1616,1821,265,719,765,463,442,783,132,276,403,240,222,343,133,443,362,223,220,440,2038,0,2038
20212,A,골목상권,3110069,숙대입구,5535,2202,3333,426,1478,865,734,685,1347,200,410,420,351,308,513,226,1068,445,383,377,834,3446,0,3446
20212,A,골목상권,3110070,용산세무서,105,49,56,18,12,13,16,15,31,6,7,6,9,7,14,12,5,7,7,8,17,43,0,43
20212,A,골목상권,3110071,한강미주맨션아파트,534,241,293,104,54,60,88,88,140,47,29,29,37,46,53,57,25,31,51,42,87,179,0,179
20212,A,골목상권,3110072,열정도,124,91,33,1,8,12,16,23,64,0,8,8,11,22,42,1,0,4,5,1,22,97,0,97
20212,A,골목상권,3110073,삼각지역 3번,478,226,252,17,93,114,65,46,143,13,47,55,36,25,50,4,46,59,29,21,93,364,0,364
20212,A,골목상권,3110074,서울역 12번,3273,2153,1120,170,345,395,468,761,1134,94,158,220,320,582,779,76,187,175,148,179,355,2493,0,2493
20212,A,골목상권,3110075,숙대입구역 1번,3263,1729,1534,243,483,457,463,590,1027,120,248,236,245,346,534,123,235,221,218,244,493,2033,0,2033
20212,A,골목상권,3110076,삼각지역 14번,18,12,6,0,0,1,1,5,11,0,0,1,1,4,6,0,0,0,0,1,5,15,0,15
20212,A,골목상권,3110077,삼광초등학교,1233,595,638,150,159,157,209,198,360,80,77,82,99,104,153,70,82,75,110,94,207,618,0,618
20212,A,골목상권,3110078,이촌동점보아파트,465,217,248,91,61,36,76,88,113,46,33,10,34,38,56,45,28,26,42,50,57,146,0,146
20212,A,골목상권,3110079,후암동주민센터,10480,5031,5449,1365,1572,1771,1716,1654,2402,719,773,912,818,785,1024,646,799,859,898,869,1378,5148,0,5148
20212,A,골목상권,3110080,해방촌예술마을,4131,2028,2103,438,606,664,626,610,1187,242,302,356,326,284,518,196,304,308,300,326,669,2097,0,2097
20212,A,골목상권,3110081,해방촌 남동측,3336,1544,1792,243,528,533,442,506,1084,111,269,255,227,218,464,132,259,278,215,288,620,1950,0,1950
20212,A,골목상권,3110082,용산구청,978,464,514,70,161,210,132,136,269,37,80,106,68,56,117,33,81,104,64,80,152,564,0,564
20212,A,골목상권,3110083,서빙고역 1번,727,358,369,121,82,149,134,92,149,64,37,73,69,51,64,57,45,76,65,41,85,350,0,350
20212,A,골목상권,3110084,경리단길북측,3620,1629,1991,271,528,624,560,524,1113,126,270,314,265,230,424,145,258,310,295,294,689,2154,0,2154
20212,A,골목상권,3110085,경리단길남측,2745,1282,1463,306,460,513,430,370,666,157,218,254,204,177,272,149,242,259,226,193,394,1508,0,1508
20212,A,골목상권,3110086,이태원역 북측,1103,533,570,152,174,191,171,135,280,80,92,90,82,59,130,72,82,101,89,76,150,549,0,549
20212,A,골목상권,3110087,이태원엔틱가구거리,1686,743,943,85,222,211,223,273,672,49,114,131,105,126,218,36,108,80,118,147,454,1150,0,1150
20212,A,골목상권,3110088,오산고등학교,1727,850,877,209,265,258,280,308,407,106,138,136,136,163,171,103,127,122,144,145,236,813,0,813
20212,A,골목상권,3110089,서빙고동주민센터,2539,1233,1306,264,329,348,385,434,779,145,164,194,194,211,325,119,165,154,191,223,454,1322,0,1322
20212,A,골목상권,3110090,한국폴리텍대학서울정수캠퍼스,1963,915,1048,185,298,331,303,331,515,90,144,179,122,167,213,95,154,152,181,164,302,1109,0,1109
20212,A,골목상권,3110091,리움미술관,153,75,78,14,18,35,17,16,53,7,9,21,6,8,24,7,9,14,11,8,29,82,0,82
20212,A,골목상권,3110092,NH농협은행 보광동지점,3527,1743,1784,312,586,534,497,633,965,178,344,277,260,287,397,134,242,257,237,346,568,1848,0,1848
20212,A,골목상권,3110093,우사단길,6035,3127,2908,490,956,1123,925,930,1611,269,534,654,505,489,676,221,422,469,420,441,935,3613,0,3613
20212,A,골목상권,3110094,오산중학교,358,183,175,26,63,49,46,71,103,13,25,35,23,40,47,13,38,14,23,31,56,201,0,201
20212,A,골목상권,3110095,한강진역 3번,2566,1144,1422,196,227,483,452,380,828,108,100,223,230,180,303,88,127,260,222,200,525,1717,0,1717
20212,A,골목상권,3110096,한남힐사이드아파트,972,437,535,118,126,205,148,149,226,64,56,86,77,65,89,54,70,119,71,84,137,454,0,454
20212,A,골목상권,3110097,한남초등학교,226,100,126,26,25,73,33,24,45,12,12,31,16,10,19,14,13,42,17,14,26,131,0,131
20212,A,골목상권,3110098,서울독일학교,219,104,115,29,35,30,30,39,56,16,12,18,18,17,23,13,23,12,12,22,33,117,0,117
20212,A,골목상권,3110099,유엔빌리지길,1823,895,928,312,201,329,273,313,395,162,105,151,132,156,189,150,96,178,141,157,206,835,0,835
20212,A,골목상권,3110100,옥수동우편취급국,107,55,52,16,20,15,12,22,22,11,11,8,6,10,9,5,9,7,6,12,13,43,0,43
20212,A,골목상권,3110101,옥정중학교,662,281,381,79,104,155,123,87,114,38,31,78,50,39,45,41,73,77,73,48,69,378,0,378
20212,A,골목상권,3110102,옥수역 6번,813,385,428,89,131,121,144,101,227,48,55,55,79,56,92,41,76,66,65,45,135,455,0,455
20212,A,골목상권,3110103,옥수터널,409,196,213,36,69,69,58,65,112,16,40,39,31,32,38,20,29,30,27,33,74,215,0,215
20212,A,골목상권,3110104,신금호역 4번,2904,1414,1490,368,407,346,473,507,803,183,203,194,242,249,343,185,204,152,231,258,460,1334,0,1334
20212,A,골목상권,3110105,금동어린이공원,2845,1380,1465,307,395,382,396,486,879,171,214,194,193,237,371,136,181,188,203,249,508,1398,0,1398
20212,A,골목상권,3110106,금북초등학교,919,458,461,118,141,125,119,149,267,68,81,61,54,71,123,50,60,64,65,78,144,407,0,407
20212,A,골목상권,3110107,금호사거리,224,105,119,17,21,30,30,41,85,11,8,15,16,20,35,6,13,15,14,21,50,132,0,132
20212,A,골목상권,3110108,성동구립금호도서관,3,1,2,0,0,0,1,0,2,0,0,0,0,0,1,0,0,0,1,0,1,1,0,1
20212,A,골목상권,3110109,금호삼성래미안아파트,451,226,225,32,73,63,60,75,148,12,39,38,32,36,69,20,34,25,28,39,79,242,0,242
20212,A,골목상권,3110110,상왕십리역 6번,1988,928,1060,156,429,336,277,316,474,77,174,164,148,166,199,79,255,172,129,150,275,1159,0,1159
20212,A,골목상권,3110111,대현산장미원,1418,713,705,162,168,174,255,221,438,83,85,108,125,113,199,79,83,66,130,108,239,617,0,617
20212,A,골목상권,3110112,행당역 2번,2689,1292,1397,308,519,374,390,453,645,159,260,182,189,209,293,149,259,192,201,244,352,1348,0,1348
20212,A,골목상권,3110113,응봉산,1424,710,714,195,186,183,207,276,377,104,103,88,113,136,166,91,83,95,94,140,211,633,0,633
20212,A,골목상권,3110114,왕십리파출소,826,402,424,109,133,126,124,147,187,55,64,60,68,77,78,54,69,66,56,70,109,372,0,372
20212,A,골목상권,3110115,상왕십리역 3번,2063,1044,1019,183,471,355,259,363,432,111,229,199,119,193,193,72,242,156,140,170,239,1116,0,1116
20212,A,골목상권,3110116,청계천박물관,1932,982,950,198,284,218,257,404,571,106,156,118,130,215,257,92,128,100,127,189,314,948,0,948
20212,A,골목상권,3110117,성동구보건소,1595,818,777,175,257,239,205,281,438,101,136,126,114,137,204,74,121,113,91,144,234,795,0,795
20212,A,골목상권,3110118,왕십리역 9번,1097,581,516,86,156,149,131,227,348,41,91,91,62,130,166,45,65,58,69,97,182,694,0,694
20212,A,골목상권,3110119,마장지하차도,284,141,143,34,35,30,43,50,92,17,19,13,25,25,42,17,16,17,18,25,50,147,0,147
20212,A,골목상권,3110120,서울숲카페거리,839,412,427,93,134,149,140,130,193,48,75,68,71,65,85,45,59,81,69,65,108,432,0,432
20212,A,골목상권,3110121,한양대역 4번,934,555,379,73,527,104,50,68,112,34,337,73,30,36,45,39,190,31,20,32,67,771,0,771
20212,A,골목상권,3110122,마장역 2번,846,429,417,123,128,120,136,139,200,59,64,70,69,71,96,64,64,50,67,68,104,365,0,365
20212,A,골목상권,3110123,마장역 3번,2776,1384,1392,249,521,356,337,456,857,129,248,192,176,242,397,120,273,164,161,214,460,1611,0,1611
20212,A,골목상권,3110124,뚝섬역교차로,856,476,380,64,167,124,113,152,236,32,94,74,56,93,127,32,73,50,57,59,109,512,0,512
20212,A,골목상권,3110125,사근동살곶이상점가,4343,2239,2104,383,1637,473,417,490,943,163,917,290,234,227,408,220,720,183,183,263,535,2833,0,2833
20212,A,골목상권,3110126,서울숲역 1번,607,293,314,54,117,114,83,85,154,37,57,60,38,36,65,17,60,54,45,49,89,316,0,316
20212,A,골목상권,3110127,성수1가1동주민센터,980,487,493,51,232,258,142,141,156,22,112,123,64,93,73,29,120,135,78,48,83,715,0,715
20212,A,골목상권,3110128,성원중학교,7452,3995,3457,721,1190,1027,1034,1613,1867,369,669,590,551,904,912,352,521,437,483,709,955,4002,0,4002
20212,A,골목상권,3110129,성원어린이공원,1602,788,814,189,261,296,263,244,349,89,134,136,136,129,164,100,127,160,127,115,185,833,0,833
20212,A,골목상권,3110130,답십리역 6번,1188,587,601,102,197,115,169,224,381,45,101,62,85,120,174,57,96,53,84,104,207,627,0,627
20212,A,골목상권,3110131,성수동카페거리,2618,1405,1213,228,551,480,298,449,612,120,270,277,160,249,329,108,281,203,138,200,283,1526,0,1526
20212,A,골목상권,3110132,성수2가3동주민센터,2091,1066,1025,146,425,453,281,295,491,76,198,235,141,178,238,70,227,218,140,117,253,1318,0,1318
20212,A,골목상권,3110133,서울교통공사,1855,944,911,202,218,254,291,350,540,100,109,125,163,187,260,102,109,129,128,163,280,977,0,977
20212,A,골목상권,3110134,성수119안전센터,5535,2971,2564,521,757,834,786,1121,1516,264,434,458,424,643,748,257,323,376,362,478,768,2888,0,2888
20212,A,골목상권,3110135,성동세무서,1157,628,529,106,212,207,170,190,272,63,113,110,98,105,139,43,99,97,72,85,133,657,0,657
20212,A,골목상권,3110136,경수초등학교,2505,1300,1205,297,332,401,360,427,688,150,169,210,198,218,355,147,163,191,162,209,333,1203,0,1203
20212,A,골목상권,3110137,성수초등학교,1611,857,754,174,321,372,232,235,277,85,136,208,142,132,154,89,185,164,90,103,123,920,0,920
20212,A,골목상권,3110138,송정체육공원,3513,1886,1627,337,616,510,451,667,932,175,319,290,250,387,465,162,297,220,201,280,467,1973,0,1973
20212,A,골목상권,3110139,자양4동주민센터,5303,2677,2626,418,780,779,746,969,1611,195,393,432,400,520,737,223,387,347,346,449,874,3040,0,3040
20212,A,골목상권,3110140,건대입구역 6번,4954,2481,2473,392,805,723,682,859,1493,194,380,395,375,464,673,198,425,328,307,395,820,2848,0,2848
20212,A,골목상권,3110141,건대입구역 1번,3062,1462,1600,149,1224,590,307,287,505,77,523,322,170,138,232,72,701,268,137,149,273,2208,0,2208
20212,A,골목상권,3110142,화양사거리,6199,2984,3215,274,2946,1266,546,509,658,136,1264,701,314,269,300,138,1682,565,232,240,358,4850,0,4850
20212,A,골목상권,3110143,뚝섬유원지역 1번,116,59,57,18,15,11,17,25,30,8,8,5,8,14,16,10,7,6,9,11,14,49,0,49
20212,A,골목상권,3110144,어린이대공원역 4번,2130,1033,1097,83,898,326,196,239,388,38,405,167,109,142,172,45,493,159,87,97,216,1732,0,1732
20212,A,골목상권,3110145,장안초등학교,551,270,281,48,152,75,62,82,132,22,80,40,32,39,57,26,72,35,30,43,75,308,0,308
20212,A,골목상권,3110146,신자초등학교,3818,1938,1880,471,567,591,552,665,972,247,304,308,283,333,463,224,263,283,269,332,509,1853,0,1853
20212,A,골목상권,3110147,능동우편취급국,6260,3171,3089,617,1355,1161,849,968,1310,329,698,616,443,474,611,288,657,545,406,494,699,3407,0,3407
20212,A,골목상권,3110148,어린이대공원역 3번,1537,769,768,82,602,244,154,166,289,36,298,129,90,90,126,46,304,115,64,76,163,1068,0,1068
20212,A,골목상권,3110149,세종대학교,1055,490,565,96,301,204,131,143,180,45,141,100,65,61,78,51,160,104,66,82,102,598,0,598
20212,A,골목상권,3110150,중곡1동 마을마당,6333,3133,3200,631,1107,1244,863,974,1514,333,560,625,445,487,683,298,547,619,418,487,831,3330,0,3330
20212,A,골목상권,3110151,자양한강도서관,4732,2306,2426,538,763,774,752,799,1106,288,380,378,385,375,500,250,383,396,367,424,606,2312,0,2312
20212,A,골목상권,3110152,중곡어린이공원,2023,1029,994,243,293,326,308,360,493,134,138,179,165,181,232,109,155,147,143,179,261,996,0,996
20212,A,골목상권,3110153,중곡1동주민센터,2573,1221,1352,233,437,546,368,370,619,122,180,279,186,173,281,111,257,267,182,197,338,1412,0,1412
20212,A,골목상권,3110154,광진정말공원,4366,2121,2245,482,727,672,640,775,1070,268,364,336,319,371,463,214,363,336,321,404,607,2148,0,2148
20212,A,골목상권,3110155,광진구청,4200,2072,2128,487,926,626,615,675,871,256,463,336,292,323,402,231,463,290,323,352,469,2111,0,2111
20212,A,골목상권,3110156,군자역 5번,6239,2862,3377,602,1308,1363,923,747,1296,304,561,616,472,343,566,298,747,747,451,404,730,3544,0,3544
20212,A,골목상권,3110157,자양동우체국,5774,2858,2916,823,890,889,971,994,1207,423,481,445,481,481,547,400,409,444,490,513,660,2602,0,2602
20212,A,골목상권,3110158,중곡3동주민센터,6729,3352,3377,651,1043,1054,958,1201,1822,355,494,573,488,609,833,296,549,481,470,592,989,3649,0,3649
20212,A,골목상권,3110159,구의역 4번,8894,4239,4655,857,1714,1470,1232,1443,2178,396,798,739,633,701,972,461,916,731,599,742,1206,4855,0,4855
20212,A,골목상권,3110160,광진경찰서,1893,905,988,232,351,336,341,297,336,126,172,161,164,140,142,106,179,175,177,157,194,944,0,944
20212,A,골목상권,3110161,중곡역 3번,4891,2419,2472,495,811,834,667,826,1258,256,411,434,348,385,585,239,400,400,319,441,673,2469,0,2469
20212,A,골목상권,3110162,군자역 4번,3729,1750,1979,523,643,667,572,540,784,249,301,321,277,249,353,274,342,346,295,291,431,1665,0,1665
20212,A,골목상권,3110163,성자초등학교,2923,1365,1558,424,454,503,484,449,609,212,201,241,236,210,265,212,253,262,248,239,344,1278,0,1278
20212,A,골목상권,3110164,아차산역 5번,3398,1584,1814,369,642,816,451,437,683,203,275,359,227,202,318,166,367,457,224,235,365,1755,0,1755
20212,A,골목상권,3110165,국립정신건강센터,4189,2027,2162,474,747,667,548,778,975,236,371,346,264,364,446,238,376,321,284,414,529,1913,0,1913
20212,A,골목상권,3110166,구의1동주민센터,6101,2891,3210,473,1390,1160,867,897,1314,232,640,585,429,426,579,241,750,575,438,471,735,3508,0,3508
20212,A,골목상권,3110167,용마초등학교,6882,3267,3615,958,1127,1201,1019,1097,1480,497,530,585,489,506,660,461,597,616,530,591,820,3155,0,3155
20212,A,골목상권,3110168,대원고등학교,2583,1265,1318,359,456,392,366,495,515,191,225,200,168,239,242,168,231,192,198,256,273,1104,0,1104
20212,A,골목상권,3110169,성동초등학교,2609,1307,1302,238,529,579,311,420,532,130,252,325,153,194,253,108,277,254,158,226,279,1360,0,1360
20212,A,골목상권,3110170,동대부여고,6237,3026,3211,541,1276,1256,896,892,1376,242,616,672,454,440,602,299,660,584,442,452,774,3367,0,3367
20212,A,골목상권,3110171,중곡4동주민센터,2409,1145,1264,245,327,310,355,457,715,116,163,153,192,207,314,129,164,157,163,250,401,1190,0,1190
20212,A,골목상권,3110172,광진초등학교,4010,1933,2077,565,547,588,631,668,1011,295,261,293,321,322,441,270,286,295,310,346,570,1960,0,1960
20212,A,골목상권,3110173,구남초등학교,1410,654,756,149,272,254,170,236,329,76,126,130,73,108,141,73,146,124,97,128,188,716,0,716
20212,A,골목상권,3110174,아차산역 1번,4692,2250,2442,592,655,690,669,787,1299,304,326,333,334,360,593,288,329,357,335,427,706,2047,0,2047
20212,A,골목상권,3110175,푸른동산공원,5000,2357,2643,644,917,882,792,753,1012,318,416,441,380,347,455,326,501,441,412,406,557,2478,0,2478
20212,A,골목상권,3110176,해오름공원,6118,3036,3082,644,932,843,864,1122,1713,350,484,440,449,562,751,294,448,403,415,560,962,2913,0,2913
20212,A,골목상권,3110177,동의초등학교,1551,751,800,249,202,171,257,250,422,119,106,92,128,122,184,130,96,79,129,128,238,661,0,661
20212,A,골목상권,3110178,장로회신학대학교,1132,552,580,142,168,162,157,161,342,74,83,81,78,76,160,68,85,81,79,85,182,559,0,559
20212,A,골목상권,3110179,광나루역 1번,1086,525,561,130,153,133,191,184,295,69,81,63,88,89,135,61,72,70,103,95,160,580,0,580
20212,A,골목상권,3110180,광진정보도서관,1307,630,677,171,209,215,205,212,295,91,104,105,94,91,145,80,105,110,111,121,150,618,0,618
20212,A,골목상권,3110181,신설동역 9번,1395,634,761,63,494,338,167,141,192,30,179,149,93,80,103,33,315,189,74,61,89,1033,0,1033
20212,A,골목상권,3110182,용두희망어린이공원,1036,614,422,95,398,158,112,107,166,51,261,103,59,62,78,44,137,55,53,45,88,700,0,700
20212,A,골목상권,3110183,한국의류시험연구원,556,324,232,38,84,55,69,101,209,20,44,31,46,67,116,18,40,24,23,34,93,350,0,350
20212,A,골목상권,3110184,용두사거리,218,115,103,19,32,38,37,30,62,10,15,22,23,17,28,9,17,16,14,13,34,135,0,135
20212,A,골목상권,3110185,용두초등학교,431,244,187,37,62,50,65,81,136,21,40,33,38,48,64,16,22,17,27,33,72,249,0,249
20212,A,골목상권,3110186,종암초등학교,423,258,165,31,159,57,47,49,80,16,105,38,27,30,42,15,54,19,20,19,38,295,0,295
20212,A,골목상권,3110187,제기동역 6번,4444,2136,2308,285,1185,864,592,614,904,145,506,452,325,309,399,140,679,412,267,305,505,2930,0,2930
20212,A,골목상권,3110188,용두동신동아아파트,4502,2200,2302,561,736,722,691,696,1096,298,334,371,364,339,494,263,402,351,327,357,602,2161,0,2161
20212,A,골목상권,3110189,제기동역 1번,2213,1105,1108,256,464,355,326,341,471,128,251,197,165,161,203,128,213,158,161,180,268,1104,0,1104
20212,A,골목상권,3110190,고대앞사거리,2383,1269,1114,279,647,326,256,306,569,136,373,188,142,164,266,143,274,138,114,142,303,1415,0,1415
20212,A,골목상권,3110191,고려대역 6번,1199,659,540,65,340,159,132,154,349,32,199,87,85,86,170,33,141,72,47,68,179,843,0,843
20212,A,골목상권,3110192,동의보감타워,605,345,260,16,98,143,73,94,181,8,49,79,46,61,102,8,49,64,27,33,79,481,0,481
20212,A,골목상권,3110193,고려대역 4번,1342,699,643,81,364,205,131,167,394,41,183,122,78,91,184,40,181,83,53,76,210,875,0,875
20212,A,골목상권,3110194,홍파초등학교,1726,898,828,117,213,233,217,271,675,66,122,137,132,146,295,51,91,96,85,125,380,922,0,922
20212,A,골목상권,3110195,동대문구청,3708,1911,1797,258,717,576,418,584,1155,142,357,313,248,322,529,116,360,263,170,262,626,2226,0,2226
20212,A,골목상권,3110196,홍릉근린공원,1288,660,628,80,107,118,152,219,612,33,60,72,87,123,285,47,47,46,65,96,327,820,0,820
20212,A,골목상권,3110197,세종대왕기념관교차로,548,278,270,52,86,72,71,99,168,27,46,47,41,45,72,25,40,25,30,54,96,307,0,307
20212,A,골목상권,3110198,동대문중앙새마을금고본점,120,62,58,5,12,11,13,21,58,2,5,9,8,12,26,3,7,2,5,9,32,80,0,80
20212,A,골목상권,3110199,홍릉시장,1064,569,495,48,109,99,131,176,501,21,60,65,79,114,230,27,49,34,52,62,271,699,0,699
20212,A,골목상권,3110200,동대문경찰서,807,436,371,59,98,109,113,137,291,35,55,62,70,79,135,24,43,47,43,58,156,463,0,463
20212,A,골목상권,3110201,전농119안전센터,528,304,224,30,56,60,71,101,210,16,30,31,40,71,116,14,26,29,31,30,94,354,0,354
20212,A,골목상권,3110202,전농1동주민센터(전농시장),1418,803,615,49,104,105,165,276,719,28,55,58,98,175,389,21,49,47,67,101,330,1053,0,1053
20212,A,골목상권,3110203,떡전교사거리,1769,905,864,160,216,194,235,329,635,87,117,113,120,180,288,73,99,81,115,149,347,1013,0,1013
20212,A,골목상권,3110204,간데메공원,3492,1721,1771,510,453,584,562,519,864,267,211,286,295,261,401,243,242,298,267,258,463,1692,0,1692
20212,A,골목상권,3110205,경희대삼거리,2596,1265,1331,220,816,355,317,318,570,110,391,195,173,176,220,110,425,160,144,142,350,1683,0,1683
20212,A,골목상권,3110206,텃골근린공원,3750,1882,1868,386,589,504,551,619,1101,214,301,286,291,284,506,172,288,218,260,335,595,2011,0,2011
20212,A,골목상권,3110207,시립대앞사거리,967,498,469,58,191,168,114,166,270,29,106,89,65,91,118,29,85,79,49,75,152,576,0,576
20212,A,골목상권,3110208,시조사삼거리,841,405,436,54,251,147,82,116,191,26,127,68,43,56,85,28,124,79,39,60,106,540,0,540
20212,A,골목상권,3110209,답십리 장령당공원,668,336,332,63,93,95,81,124,212,27,55,50,49,66,89,36,38,45,32,58,123,372,0,372
20212,A,골목상권,3110210,서울시립대,3839,1978,1861,350,1058,508,426,491,1006,167,577,315,224,244,451,183,481,193,202,247,555,2186,0,2186
20212,A,골목상권,3110211,전곡마을마당공원,3550,1773,1777,333,505,403,490,645,1174,169,278,227,258,321,520,164,227,176,232,324,654,1938,0,1938
20212,A,골목상권,3110212,답십리초등학교,2112,1082,1030,224,296,242,306,362,682,127,157,134,156,183,325,97,139,108,150,179,357,1077,0,1077
20212,A,골목상권,3110213,청량초등학교,802,389,413,81,299,91,72,114,145,32,142,58,40,51,66,49,157,33,32,63,79,500,0,500
20212,A,골목상권,3110214,경희대후문,2745,1403,1342,231,1325,288,212,251,438,122,685,188,102,122,184,109,640,100,110,129,254,1930,0,1930
20212,A,골목상권,3110215,회기역 1번,2091,1008,1083,109,953,314,184,177,354,48,416,167,112,105,160,61,537,147,72,72,194,1579,0,1579
20212,A,골목상권,3110216,전농중학교,1182,593,589,114,158,156,158,223,373,56,81,89,91,118,158,58,77,67,67,105,215,589,0,589
20212,A,골목상권,3110217,자동차부품상가,575,310,265,36,93,72,79,126,169,21,53,40,47,70,79,15,40,32,32,56,90,301,0,301
20212,A,골목상권,3110218,답십리사거리,2509,1279,1230,223,321,333,311,481,840,113,178,182,168,250,388,110,143,151,143,231,452,1289,0,1289
20212,A,골목상권,3110219,삼육보건대학교,6955,3620,3335,573,2455,882,730,816,1499,291,1357,517,381,399,675,282,1098,365,349,417,824,4386,0,4386
20212,A,골목상권,3110220,외대앞역 1번,2003,1022,981,144,602,260,239,277,481,63,286,163,137,159,214,81,316,97,102,118,267,1341,0,1341
20212,A,골목상권,3110221,의릉,1028,514,514,118,220,146,157,168,219,64,105,72,88,83,102,54,115,74,69,85,117,565,0,565
20212,A,골목상권,3110222,회기역 2번,108,50,58,18,20,13,18,18,21,7,8,7,9,9,10,11,12,6,9,9,11,44,0,44
20212,A,골목상권,3110223,군자초등학교,1640,845,795,155,257,269,215,306,438,92,130,151,109,147,216,63,127,118,106,159,222,750,0,750
20212,A,골목상권,3110224,외대앞역 2번,470,255,215,19,81,53,73,83,161,11,45,36,35,46,82,8,36,17,38,37,79,321,0,321
20212,A,골목상권,3110225,촬영소사거리,1228,637,591,119,159,155,172,235,388,61,79,89,100,120,188,58,80,66,72,115,200,603,0,603
20212,A,골목상권,3110226,장안1동주민센터,11209,5639,5570,1171,1511,1793,1786,2048,2900,610,757,958,937,1023,1354,561,754,835,849,1025,1546,5867,0,5867
20212,A,골목상권,3110227,답십리공원,820,397,423,102,127,96,123,165,207,55,60,48,69,77,88,47,67,48,54,88,119,380,0,380
20212,A,골목상권,3110228,장안근린공원,5530,2789,2741,590,768,689,773,987,1723,289,410,378,411,504,797,301,358,311,362,483,926,2855,0,2855
20212,A,골목상권,3110229,장평중학교,7315,3691,3624,1121,814,1188,1237,1104,1851,612,403,603,650,529,894,509,411,585,587,575,957,3145,0,3145
20212,A,골목상권,3110230,장안현대홈타운1차아파트,3650,1811,1839,508,519,752,579,498,794,263,250,375,311,240,372,245,269,377,268,258,422,1685,0,1685
20212,A,골목상권,3110231,장안교,196,103,93,22,33,33,24,35,49,10,20,17,15,18,23,12,13,16,9,17,26,83,0,83
20212,A,골목상권,3110232,동대부고,3318,1689,1629,533,381,530,563,492,819,309,185,279,292,241,383,224,196,251,271,251,436,1455,0,1455
20212,A,골목상권,3110233,중랑역 1번,5225,2706,2519,457,790,739,640,1056,1543,225,400,401,363,570,747,232,390,338,277,486,796,2875,0,2875
20212,A,골목상권,3110234,중랑역 4번,781,366,415,69,182,172,121,116,121,34,69,69,64,66,64,35,113,103,57,50,57,494,0,494
20212,A,골목상권,3110235,세화어린이공원,1398,762,636,96,202,160,193,316,431,57,113,90,103,166,233,39,89,70,90,150,198,799,0,799
20212,A,골목상권,3110236,신묵초등학교,8221,4039,4182,1055,1175,1408,1243,1373,1967,544,572,736,623,670,894,511,603,672,620,703,1073,4017,0,4017
20212,A,골목상권,3110237,메가박스 상봉,4316,2182,2134,432,649,573,631,857,1174,210,324,315,345,457,531,222,325,258,286,400,643,2348,0,2348
20212,A,골목상권,3110238,배꽃어린이공원,1506,722,784,161,239,259,211,239,397,79,105,143,105,112,178,82,134,116,106,127,219,785,0,785
20212,A,골목상권,3110239,중랑역 2번,269,149,120,22,33,30,43,56,85,10,18,17,23,34,47,12,15,13,20,22,38,166,0,166
20212,A,골목상권,3110240,태릉시장 특화거리,1282,651,631,100,203,158,160,259,402,51,97,83,89,137,194,49,106,75,71,122,208,706,0,706
20212,A,골목상권,3110241,먹골역 5번,3184,1617,1567,289,464,533,438,589,871,142,229,289,232,311,414,147,235,244,206,278,457,1755,0,1755
20212,A,골목상권,3110242,면목5동주민센터,4233,2145,2088,516,543,614,610,801,1149,263,278,326,330,417,531,253,265,288,280,384,618,2108,0,2108
20212,A,골목상권,3110243,중랑노인종합복지관,4607,2312,2295,608,645,515,706,943,1190,298,318,266,382,493,555,310,327,249,324,450,635,2219,0,2219
20212,A,골목상권,3110244,중화역 4번,1764,911,853,168,286,253,244,335,478,101,150,131,121,169,239,67,136,122,123,166,239,847,0,847
20212,A,골목상권,3110245,KB국민은행 중화동지점,2284,1177,1107,162,310,304,319,462,727,94,150,176,182,243,332,68,160,128,137,219,395,1317,0,1317
20212,A,골목상권,3110246,월드순복음교회,2897,1468,1429,323,507,594,429,468,576,173,235,315,240,236,269,150,272,279,189,232,307,1591,0,1591
20212,A,골목상권,3110247,먹골역 1번,6018,2946,3072,595,934,956,936,977,1620,320,464,493,480,472,717,275,470,463,456,505,903,3032,0,3032
20212,A,골목상권,3110248,먹골파출소,1688,856,832,171,287,264,244,272,450,92,140,143,134,137,210,79,147,121,110,135,240,810,0,810
20212,A,골목상권,3110249,중화역 1번,6437,3168,3269,786,938,940,926,1126,1721,398,455,520,484,546,765,388,483,420,442,580,956,2908,0,2908
20212,A,골목상권,3110250,화랑대역 7번,1484,727,757,238,195,202,209,257,383,127,110,96,107,118,169,111,85,106,102,139,214,684,0,684
20212,A,골목상권,3110251,장안중학교,4087,1953,2134,504,670,593,549,725,1046,238,339,291,284,320,481,266,331,302,265,405,565,1895,0,1895
20212,A,골목상권,3110252,장안제일시장,4507,2296,2211,526,608,696,672,843,1162,258,326,375,364,431,542,268,282,321,308,412,620,2120,0,2120
20212,A,골목상권,3110253,중곡초등학교,3244,1653,1591,351,428,435,514,620,896,186,232,230,279,312,414,165,196,205,235,308,482,1666,0,1666
20212,A,골목상권,3110254,오거리공원,7059,3519,3540,810,980,924,1076,1325,1944,413,496,467,573,689,881,397,484,457,503,636,1063,3458,0,3458
20212,A,골목상권,3110255,상봉역 4번,6260,3116,3144,525,964,1045,851,1165,1710,294,469,531,439,606,777,231,495,514,412,559,933,3575,0,3575
20212,A,골목상권,3110256,면목2동체육관,7976,4015,3961,856,1125,1091,1111,1627,2166,447,553,586,603,815,1011,409,572,505,508,812,1155,3930,0,3930
20212,A,골목상권,3110257,상봉역 7번,4258,2142,2116,523,690,787,542,672,1044,273,334,416,284,344,491,250,356,371,258,328,553,2178,0,2178
20212,A,골목상권,3110258,면동초등학교,5895,2935,2960,669,882,882,935,1031,1496,341,450,456,471,538,679,328,432,426,464,493,817,3214,0,3214
20212,A,골목상권,3110259,사가정역 1번,3921,1974,1947,357,626,593,591,680,1074,193,300,329,310,356,486,164,326,264,281,324,588,2160,0,2160
20212,A,골목상권,3110260,면목역 3번,2212,1132,1080,195,347,346,344,403,577,103,181,188,199,209,252,92,166,158,145,194,325,1261,0,1261
20212,A,골목상권,3110261,사가정역 4번,4946,2476,2470,469,789,793,725,791,1379,260,390,430,362,396,638,209,399,363,363,395,741,2655,0,2655
20212,A,골목상권,3110262,상봉역 3번,4504,2164,2340,277,1088,1209,526,580,824,139,439,645,278,271,392,138,649,564,248,309,432,2768,0,2768
20212,A,골목상권,3110263,면목역 1번,7168,3506,3662,714,1169,1129,978,1281,1897,350,560,599,536,609,852,364,609,530,442,672,1045,3743,0,3743
20212,A,골목상권,3110264,면목역 2번,9709,4874,4835,968,1566,1599,1412,1777,2387,508,805,836,724,888,1113,460,761,763,688,889,1274,4953,0,4953
20212,A,골목상권,3110265,망우역 1번,1086,540,546,96,183,119,125,197,366,51,95,56,69,99,170,45,88,63,56,98,196,551,0,551
20212,A,골목상권,3110266,면목동우체국,5436,2647,2789,521,875,793,723,1070,1454,251,444,422,380,494,656,270,431,371,343,576,798,2780,0,2780
20212,A,골목상권,3110267,망우역 2번,4501,2191,2310,607,674,709,646,801,1064,329,306,371,326,387,472,278,368,338,320,414,592,2073,0,2073
20212,A,골목상권,3110268,망우3동주민센터,2681,1349,1332,246,360,374,397,491,813,104,176,205,212,266,386,142,184,169,185,225,427,1439,0,1439
20212,A,골목상권,3110269,용마문화복지센터,1559,804,755,135,287,233,190,293,421,62,145,122,106,157,212,73,142,111,84,136,209,841,0,841
20212,A,골목상권,3110270,혜원여고,1191,581,610,152,170,164,173,229,303,61,91,86,88,113,142,91,79,78,85,116,161,550,0,550
20212,A,골목상권,3110271,신내역 1번,266,136,130,30,37,41,38,53,67,15,21,22,23,22,33,15,16,19,15,31,34,125,0,125
20212,A,골목상권,3110272,신내1동주민센터,3761,1854,1907,561,482,489,606,657,966,293,261,238,321,324,417,268,221,251,285,333,549,1656,0,1656
20212,A,골목상권,3110273,장스여성병원,2243,1182,1061,175,297,302,271,429,769,99,158,168,140,228,389,76,139,134,131,201,380,1186,0,1186
20212,A,골목상권,3110274,서일대학교,6678,3374,3304,809,916,827,960,1250,1916,420,480,426,497,639,912,389,436,401,463,611,1004,3294,0,3294
20212,A,골목상권,3110275,하나은행 망우동지점,872,461,411,72,123,105,106,179,287,45,67,52,63,96,138,27,56,53,43,83,149,487,0,487
20212,A,골목상권,3110276,신내IC북측,515,282,233,60,57,79,82,96,141,35,31,47,45,54,70,25,26,32,37,42,71,256,0,256
20212,A,골목상권,3110277,러스크서울병원,3667,1844,1823,385,497,438,523,685,1139,207,250,214,266,352,555,178,247,224,257,333,584,1806,0,1806
20212,A,골목상권,3110278,망우본동주민센터,3996,2092,1904,321,467,422,517,847,1422,161,266,231,273,460,701,160,201,191,244,387,721,2334,0,2334
20212,A,골목상권,3110279,신내역 2번,38,24,14,1,2,5,6,11,13,0,1,4,5,6,8,1,1,1,1,5,5,25,0,25
20212,A,골목상권,3110280,북정마을,698,335,363,49,92,96,86,114,261,24,44,47,48,57,115,25,48,49,38,57,146,378,0,378
20212,A,골목상권,3110281,길상사,1150,534,616,161,143,126,183,207,330,89,61,52,76,101,155,72,82,74,107,106,175,486,0,486
20212,A,골목상권,3110282,국민대학교앞,748,385,363,83,255,78,62,90,180,44,134,45,36,49,77,39,121,33,26,41,103,473,0,473
20212,A,골목상권,3110283,성북초등학교앞,501,209,292,60,74,55,80,93,139,28,25,26,34,42,54,32,49,29,46,51,85,244,0,244
20212,A,골목상권,3110284,정릉북한산국립공원입구,1365,671,694,163,172,155,202,235,438,87,87,81,98,114,204,76,85,74,104,121,234,609,0,609
20212,A,골목상권,3110285,홍대부중,1968,939,1029,260,278,307,364,345,414,137,161,143,158,169,171,123,117,164,206,176,243,897,0,897
20212,A,골목상권,3110286,한성대입구역 5번,2682,1233,1449,266,448,444,425,428,671,128,215,202,208,198,282,138,233,242,217,230,389,1433,0,1433
20212,A,골목상권,3110287,정릉3동주민센터,1762,897,865,173,454,182,219,273,461,96,251,99,113,129,209,77,203,83,106,144,252,1036,0,1036
20212,A,골목상권,3110288,동구여중,1929,899,1030,230,317,375,275,321,411,117,154,181,126,139,182,113,163,194,149,182,229,889,0,889
20212,A,골목상권,3110289,북한산보국문역 2번,5242,2595,2647,623,983,594,729,819,1494,321,527,307,366,419,655,302,456,287,363,400,839,2448,0,2448
20212,A,골목상권,3110290,북한산보국문역 1번,1336,685,651,143,217,133,182,193,468,84,129,68,100,94,210,59,88,65,82,99,258,682,0,682
20212,A,골목상권,3110291,한성대입구역 3번,4460,2126,2334,443,905,662,636,681,1133,218,442,331,314,323,498,225,463,331,322,358,635,2385,0,2385
20212,A,골목상권,3110292,정릉역 2번,512,234,278,30,41,45,74,98,224,12,18,29,32,49,94,18,23,16,42,49,130,333,0,333
20212,A,골목상권,3110293,삼선중학교,2431,1113,1318,282,579,374,334,349,513,152,242,171,161,162,225,130,337,203,173,187,288,1340,0,1340
20212,A,골목상권,3110294,서경대학교,6750,3305,3445,850,1117,890,948,1130,1815,438,572,470,484,553,788,412,545,420,464,577,1027,3065,0,3065
20212,A,골목상권,3110295,정릉우체국,5017,2436,2581,654,698,783,722,729,1431,338,346,410,371,349,622,316,352,373,351,380,809,2294,0,2294
20212,A,골목상권,3110296,성신여대입구역 4번,1904,843,1061,261,414,287,276,259,407,131,157,130,137,128,160,130,257,157,139,131,247,952,0,952
20212,A,골목상권,3110297,경동고등학교,6528,3049,3479,716,1409,1082,897,979,1445,390,638,513,419,482,607,326,771,569,478,497,838,3502,0,3502
20212,A,골목상권,3110298,솔숲어린이공원,667,323,344,75,84,85,102,113,208,35,47,42,50,55,94,40,37,43,52,58,114,323,0,323
20212,A,골목상권,3110299,정릉역 1번,3311,1669,1642,372,448,422,450,514,1105,207,221,232,246,288,475,165,227,190,204,226,630,1690,0,1690
20212,A,골목상권,3110300,삼선동주민센터,4716,2015,2701,317,1584,702,551,552,1010,144,584,322,268,283,414,173,1000,380,283,269,596,3186,0,3186
20212,A,골목상권,3110301,성신여대입구역 7번,3569,1628,1941,284,881,635,480,458,831,125,352,317,247,227,360,159,529,318,233,231,471,2066,0,2066
20212,A,골목상권,3110302,보문역 8번,2058,987,1071,175,410,314,297,313,549,77,194,165,154,164,233,98,216,149,143,149,316,1187,0,1187
20212,A,골목상권,3110303,성신여대입구역 1번,3214,1224,1990,259,994,511,383,362,705,101,256,237,178,165,287,158,738,274,205,197,418,2158,0,2158
20212,A,골목상권,3110304,보문역 4번,1843,899,944,133,641,253,216,233,367,69,305,146,112,117,150,64,336,107,104,116,217,1203,0,1203
20212,A,골목상권,3110305,보문역 5번,4002,2066,1936,367,993,599,534,624,885,184,574,347,270,305,386,183,419,252,264,319,499,2282,0,2282
20212,A,골목상권,3110306,미아초등학교,1191,566,625,185,172,154,174,196,310,89,86,74,85,103,129,96,86,80,89,93,181,526,0,526
20212,A,골목상권,3110307,길음역 7번,238,122,116,38,39,47,45,30,39,17,17,20,26,21,21,21,22,27,19,9,18,121,0,121
20212,A,골목상권,3110308,길음역 8번,1009,486,523,104,121,107,143,168,366,44,59,62,79,85,157,60,62,45,64,83,209,556,0,556
20212,A,골목상권,3110309,대광초등학교,1410,725,685,112,351,201,192,218,336,51,199,112,112,102,149,61,152,89,80,116,187,825,0,825
20212,A,골목상권,3110310,길음역 10번,263,106,157,8,46,60,35,43,71,7,19,25,15,14,26,1,27,35,20,29,45,168,0,168
20212,A,골목상권,3110311,종암아이파크2차후문,1200,623,577,141,198,144,166,248,303,77,108,83,77,138,140,64,90,61,89,110,163,542,0,542
20212,A,골목상권,3110312,안암역 2번,1694,865,829,130,970,180,84,126,204,70,501,104,46,61,83,60,469,76,38,65,121,1306,0,1306
20212,A,골목상권,3110313,안암역 3번,1257,703,554,83,634,159,104,117,160,39,364,108,61,56,75,44,270,51,43,61,85,968,0,968
20212,A,골목상권,3110314,종암경찰서,1089,563,526,110,197,176,144,160,302,53,108,98,85,78,141,57,89,78,59,82,161,615,0,615
20212,A,골목상권,3110315,종암아이파크2차,3029,1467,1562,330,533,377,433,520,836,169,293,192,210,252,351,161,240,185,223,268,485,1486,0,1486
20212,A,골목상권,3110316,숭곡초등학교,4537,2252,2285,466,540,481,658,798,1594,224,281,253,355,402,737,242,259,228,303,396,857,2347,0,2347
20212,A,골목상권,3110317,종암중학교,2339,1288,1051,201,865,363,227,257,426,101,509,209,131,139,199,100,356,154,96,118,227,1588,0,1588
20212,A,골목상권,3110318,KT월곡지사,1844,946,898,219,265,319,278,270,493,132,129,161,159,144,221,87,136,158,119,126,272,884,0,884
20212,A,골목상권,3110319,종암동주민센터,3318,1529,1789,308,411,377,432,553,1237,162,191,196,218,280,482,146,220,181,214,273,755,1909,0,1909
20212,A,골목상권,3110320,KB국민은행 종암동지점,955,495,460,113,169,135,159,153,226,68,87,66,90,72,112,45,82,69,69,81,114,477,0,477
20212,A,골목상권,3110321,동덕여대,262,115,147,31,67,43,30,44,47,15,24,21,14,17,24,16,43,22,16,27,23,133,0,133
20212,A,골목상권,3110322,장위1동주민센터,3037,1398,1639,414,510,397,468,579,669,174,244,193,220,260,307,240,266,204,248,319,362,1288,0,1288
20212,A,골목상권,3110323,상월곡역 1번,2214,965,1249,195,753,264,237,277,488,102,226,138,131,147,221,93,527,126,106,130,267,1417,0,1417
20212,A,골목상권,3110324,월곡역 4번,641,331,310,25,156,78,85,97,200,15,70,47,51,59,89,10,86,31,34,38,111,481,0,481
20212,A,골목상권,3110325,장곡초등학교,3528,1736,1792,496,473,419,488,613,1039,268,253,237,228,302,448,228,220,182,260,311,591,1632,0,1632
20212,A,골목상권,3110326,장위동성당,1353,653,700,205,181,172,213,244,338,103,99,90,96,118,147,102,82,82,117,126,191,597,0,597
20212,A,골목상권,3110327,상월곡역 2번,3520,1766,1754,384,529,411,482,635,1079,199,290,224,252,308,493,185,239,187,230,327,586,1591,0,1591
20212,A,골목상권,3110328,상월곡역 3번,2257,1135,1122,173,411,363,286,372,652,93,195,207,155,180,305,80,216,156,131,192,347,1208,0,1208
20212,A,골목상권,3110329,우리은행체육관,2466,1223,1243,244,347,250,324,455,846,119,161,155,168,238,382,125,186,95,156,217,464,1219,0,1219
20212,A,골목상권,3110330,돌곶이역 1번,2041,1012,1029,245,293,330,256,332,585,124,146,170,141,172,259,121,147,160,115,160,326,928,0,928
20212,A,골목상권,3110331,돌곶이역 8번,3281,1600,1681,319,597,429,488,549,899,182,278,220,254,269,397,137,319,209,234,280,502,1801,0,1801
20212,A,골목상권,3110332,돌곶이역 3번,875,481,394,78,135,131,138,164,229,37,61,77,82,99,125,41,74,54,56,65,104,481,0,481
20212,A,골목상권,3110333,돌곶이역 5번,1338,661,677,156,225,173,190,232,362,78,100,97,98,111,177,78,125,76,92,121,185,680,0,680
20212,A,골목상권,3110334,석관중앙교회,2693,1370,1323,256,329,276,365,525,942,139,165,142,209,286,429,117,164,134,156,239,513,1359,0,1359
20212,A,골목상권,3110335,석계역 7번,4363,2191,2172,380,760,585,628,805,1205,195,387,320,313,400,576,185,373,265,315,405,629,2385,0,2385
20212,A,골목상권,3110336,석관고등학교,2302,1156,1146,237,339,272,312,458,684,120,172,155,165,229,315,117,167,117,147,229,369,1121,0,1121
20212,A,골목상권,3110337,아카데미하우스,2792,1365,1427,412,330,355,444,455,796,209,170,196,218,217,355,203,160,159,226,238,441,1196,0,1196
20212,A,골목상권,3110338,인수초등학교,2122,1050,1072,164,225,210,313,418,792,92,114,103,163,207,371,72,111,107,150,211,421,1213,0,1213
20212,A,골목상권,3110339,국립4.19민주묘지,41,20,21,2,1,5,10,8,15,0,0,1,6,5,8,2,1,4,4,3,7,20,0,20
20212,A,골목상권,3110340,인수중학교,1455,712,743,169,176,143,218,276,473,75,99,71,116,135,216,94,77,72,102,141,257,687,0,687
20212,A,골목상권,3110341,북한산우이역 2번,2221,1062,1159,246,279,265,283,416,732,123,133,144,136,194,332,123,146,121,147,222,400,988,0,988
20212,A,골목상권,3110342,국립재활원,2704,1292,1412,364,408,339,378,476,739,187,204,169,189,217,326,177,204,170,189,259,413,1187,0,1187
20212,A,골목상권,3110343,무너미어린이공원,4656,2278,2378,673,632,594,722,793,1242,341,327,305,366,383,556,332,305,289,356,410,686,1981,0,1981
20212,A,골목상권,3110344,화계중학교,1076,555,521,116,122,127,168,183,360,68,68,70,89,76,184,48,54,57,79,107,176,509,0,509
20212,A,골목상권,3110345,솔밭공원역 2번,2938,1428,1510,379,394,398,415,485,867,211,164,218,222,236,377,168,230,180,193,249,490,1405,0,1405
20212,A,골목상권,3110346,4.19민주묘지역 2번,1212,572,640,141,179,149,175,161,407,74,67,76,94,81,180,67,112,73,81,80,227,618,0,618
20212,A,골목상권,3110347,구세군강북종합사회복지관,1416,708,708,157,232,187,181,301,358,95,110,90,97,142,174,62,122,97,84,159,184,644,0,644
20212,A,골목상권,3110348,강북문화예술회관,3968,1902,2066,438,468,522,542,671,1327,227,224,288,274,319,570,211,244,234,268,352,757,1800,0,1800
20212,A,골목상권,3110349,화계역 2번,1123,536,587,145,149,155,168,198,308,82,61,84,83,94,132,63,88,71,85,104,176,511,0,511
20212,A,골목상권,3110350,가오리역 2번,2831,1390,1441,358,360,336,445,507,825,199,189,176,214,244,368,159,171,160,231,263,457,1299,0,1299
20212,A,골목상권,3110351,수유북부시장옆,2982,1427,1555,342,440,332,423,543,902,168,220,168,220,262,389,174,220,164,203,281,513,1406,0,1406
20212,A,골목상권,3110352,수유1동주민센터,4997,2467,2530,627,673,649,700,855,1493,321,355,349,360,406,676,306,318,300,340,449,817,2418,0,2418
20212,A,골목상권,3110353,수유동우체국,2210,1061,1149,200,326,293,316,373,702,111,157,158,171,177,287,89,169,135,145,196,415,1100,0,1100
20212,A,골목상권,3110354,삼각산119안전센터,421,213,208,89,43,47,95,66,81,52,24,23,41,40,33,37,19,24,54,26,48,159,0,159
20212,A,골목상권,3110355,삼양사거리역 2번,3076,1545,1531,264,361,317,388,580,1166,126,190,181,215,309,524,138,171,136,173,271,642,1654,0,1654
20212,A,골목상권,3110356,덕수교,3240,1528,1712,291,569,412,429,580,959,151,218,234,222,273,430,140,351,178,207,307,529,1631,0,1631
20212,A,골목상권,3110357,가오리역 1번,1698,837,861,171,244,176,218,349,540,85,138,90,111,176,237,86,106,86,107,173,303,809,0,809
20212,A,골목상권,3110358,인수동 우편취급국,3572,1755,1817,318,568,512,513,621,1040,157,286,267,271,324,450,161,282,245,242,297,590,1850,0,1850
20212,A,골목상권,3110359,수유시장옆,6446,3140,3306,597,1132,913,926,1070,1808,294,549,493,475,524,805,303,583,420,451,546,1003,3291,0,3291
20212,A,골목상권,3110360,수유초등학교,4037,1991,2046,433,644,583,576,673,1128,218,304,317,317,336,499,215,340,266,259,337,629,2172,0,2172
20212,A,골목상권,3110361,삼양사거리역 1번,2532,1277,1255,226,338,280,335,503,850,118,174,149,184,260,392,108,164,131,151,243,458,1292,0,1292
20212,A,골목상권,3110362,우이천 계성교,5408,2599,2809,610,786,695,790,973,1554,310,397,380,399,445,668,300,389,315,391,528,886,2541,0,2541
20212,A,골목상권,3110363,송천동주민센터,1003,485,518,37,75,74,140,170,507,17,38,34,79,85,232,20,37,40,61,85,275,669,0,669
20212,A,골목상권,3110364,미아역 8번,4359,2127,2232,398,672,564,608,768,1349,218,312,305,316,383,593,180,360,259,292,385,756,2314,0,2314
20212,A,골목상권,3110365,미아역 5번,4806,2307,2499,471,692,679,729,855,1380,245,334,338,374,401,615,226,358,341,355,454,765,2432,0,2432
20212,A,골목상권,3110366,광산사거리,2047,1045,1002,189,322,268,311,355,602,117,170,157,168,187,246,72,152,111,143,168,356,1091,0,1091
20212,A,골목상권,3110367,강북구청,1786,847,939,141,325,272,229,279,540,68,152,136,132,130,229,73,173,136,97,149,311,1041,0,1041
20212,A,골목상권,3110368,송천초등학교,3655,1831,1824,315,520,362,483,740,1235,162,288,209,255,370,547,153,232,153,228,370,688,1910,0,1910
20212,A,골목상권,3110369,성신여대운정그린캠퍼스,4517,2121,2396,353,912,595,594,734,1329,167,344,337,316,358,599,186,568,258,278,376,730,2544,0,2544
20212,A,골목상권,3110370,도봉세무서,2982,1483,1499,260,415,366,424,587,930,130,218,196,225,288,426,130,197,170,199,299,504,1495,0,1495
20212,A,골목상권,3110371,삼양입구사거리,1633,845,788,128,261,192,236,303,513,73,134,109,129,171,229,55,127,83,107,132,284,930,0,930
20212,A,골목상권,3110372,강북중학교,2880,1383,1497,195,641,423,362,529,730,94,328,222,171,262,306,101,313,201,191,267,424,1632,0,1632
20212,A,골목상권,3110373,수유역 2번,3416,1677,1739,233,645,526,521,564,927,122,276,290,289,284,416,111,369,236,232,280,511,2096,0,2096
20212,A,골목상권,3110374,송중초등학교,5698,2738,2960,539,713,687,887,1088,1784,278,374,366,446,495,779,261,339,321,441,593,1005,2617,0,2617
20212,A,골목상권,3110375,서울북부고용노동지청,2370,1186,1184,262,344,258,362,405,739,138,176,138,194,211,329,124,168,120,168,194,410,1138,0,1138
20212,A,골목상권,3110376,수송초등학교,7975,4020,3955,788,1379,1134,1216,1299,2159,431,708,594,630,685,972,357,671,540,586,614,1187,4334,0,4334
20212,A,골목상권,3110377,미아사거리역 3번,838,424,414,55,103,96,127,169,288,28,53,54,71,95,123,27,50,42,56,74,165,510,0,510
20212,A,골목상권,3110378,송중동주민센터,1802,884,918,159,325,212,237,332,537,85,150,111,127,169,242,74,175,101,110,163,295,982,0,982
20212,A,골목상권,3110379,KT&G 북부지사,961,506,455,97,127,117,136,176,308,54,67,68,77,91,149,43,60,49,59,85,159,497,0,497
20212,A,골목상권,3110380,강북문화정보도서관,2237,1067,1170,281,324,277,347,354,654,143,168,157,175,156,268,138,156,120,172,198,386,1043,0,1043
20212,A,골목상권,3110381,번동주공2단지,954,457,497,103,125,54,125,160,387,54,65,33,64,90,151,49,60,21,61,70,236,438,0,438
20212,A,골목상권,3110382,솔밭공원역 1번,811,385,426,109,112,123,116,127,224,50,49,68,60,59,99,59,63,55,56,68,125,376,0,376
20212,A,골목상권,3110383,덕성여대시반거리,650,269,381,71,166,82,89,71,171,42,38,41,37,32,79,29,128,41,52,39,92,358,0,358
20212,A,골목상권,3110384,문이교,1382,680,702,157,187,169,185,281,403,92,93,92,88,126,189,65,94,77,97,155,214,568,0,568
20212,A,골목상권,3110385,효문고등학교,1624,787,837,160,251,150,223,294,546,71,107,87,122,159,241,89,144,63,101,135,305,786,0,786
20212,A,골목상권,3110386,연산군묘,356,163,193,61,47,28,67,53,100,31,19,14,30,32,37,30,28,14,37,21,63,149,0,149
20212,A,골목상권,3110387,쌍문초등학교,5232,2511,2721,711,755,632,819,883,1432,355,387,318,413,405,633,356,368,314,406,478,799,2276,0,2276
20212,A,골목상권,3110388,도봉우체국,2642,1254,1388,315,361,353,401,445,767,163,174,185,211,189,332,152,187,168,190,256,435,1192,0,1192
20212,A,골목상권,3110389,한일병원,1166,599,567,111,166,193,153,205,338,55,83,109,83,106,163,56,83,84,70,99,175,561,0,561
20212,A,골목상권,3110390,방학초등학교,1725,823,902,239,244,215,237,342,448,125,122,101,109,155,211,114,122,114,128,187,237,746,0,746
20212,A,골목상권,3110391,샘말어린이공원,4840,2414,2426,684,675,546,703,865,1367,345,378,295,359,408,629,339,297,251,344,457,738,2152,0,2152
20212,A,골목상권,3110392,발바닥공원,139,63,76,18,25,11,15,37,33,8,12,4,7,20,12,10,13,7,8,17,21,53,0,53
20212,A,골목상권,3110393,국민은행방학지점,211,108,103,23,27,22,21,41,77,17,16,13,9,21,32,6,11,9,12,20,45,89,0,89
20212,A,골목상권,3110394,방학중학교,7163,3632,3531,836,928,803,1093,1333,2170,457,502,446,559,670,998,379,426,357,534,663,1172,3411,0,3411
20212,A,골목상권,3110395,신한은행 방학동지점,1363,676,687,119,186,168,190,261,439,59,101,96,104,121,195,60,85,72,86,140,244,687,0,687
20212,A,골목상권,3110396,쌍문역1번(쌍리단길),2037,989,1048,150,345,282,320,374,566,73,179,144,162,184,247,77,166,138,158,190,319,1149,0,1149
20212,A,골목상권,3110397,도봉산입구,7518,3786,3732,773,934,808,987,1324,2692,399,513,456,542,627,1249,374,421,352,445,697,1443,3609,0,3609
20212,A,골목상권,3110398,쌍문2동우체국,2979,1438,1541,360,432,437,431,512,807,187,209,228,210,232,372,173,223,209,221,280,435,1349,0,1349
20212,A,골목상권,3110399,창2동주민센터,8082,3876,4206,1196,1184,1023,1332,1463,1884,600,592,508,665,683,828,596,592,515,667,780,1056,3469,0,3469
20212,A,골목상권,3110400,도봉구보건소,4057,2016,2041,487,510,538,592,694,1236,260,263,286,319,324,564,227,247,252,273,370,672,1925,0,1925
20212,A,골목상권,3110401,도봉구민회관,686,346,340,66,118,103,94,114,191,35,64,64,50,54,79,31,54,39,44,60,112,338,0,338
20212,A,골목상권,3110402,도봉구 정병원,3210,1602,1608,370,438,411,414,627,950,200,232,217,224,312,417,170,206,194,190,315,533,1499,0,1499
20212,A,골목상권,3110403,방학1동주민센터,6007,3009,2998,603,796,652,806,1165,1985,304,413,352,418,602,920,299,383,300,388,563,1065,3104,0,3104
20212,A,골목상권,3110404,신창초등학교,10207,5135,5072,1266,1397,1185,1529,1900,2930,660,731,644,799,940,1361,606,666,541,730,960,1569,4828,0,4828
20212,A,골목상권,3110405,방학역 1번,6796,3454,3342,644,874,685,989,1297,2307,322,462,360,527,691,1092,322,412,325,462,606,1215,3425,0,3425
20212,A,골목상권,3110406,도봉산역 1번,1568,805,763,137,184,188,234,300,525,70,102,105,130,163,235,67,82,83,104,137,290,780,0,780
20212,A,골목상권,3110407,도봉역 2번,6463,3328,3135,574,798,720,880,1217,2274,301,424,403,472,623,1105,273,374,317,408,594,1169,3354,0,3354
20212,A,골목상권,3110408,가인초등학교,1204,553,651,112,276,287,157,183,189,55,125,140,68,84,81,57,151,147,89,99,108,649,0,649
20212,A,골목상권,3110409,창동역 2번,2744,1326,1418,308,443,371,381,532,709,158,227,195,182,243,321,150,216,176,199,289,388,1286,0,1286
20212,A,골목상권,3110410,방학역 2번,2564,1331,1233,185,429,412,405,440,693,105,179,205,223,272,347,80,250,207,182,168,346,1650,0,1650
20212,A,골목상권,3110411,도봉역 3번,1523,776,747,146,187,194,166,304,526,75,101,112,90,155,243,71,86,82,76,149,283,768,0,768
20212,A,골목상권,3110412,창동중학교,379,188,191,58,61,65,43,73,79,25,36,31,22,33,41,33,25,34,21,40,38,154,0,154
20212,A,골목상권,3110413,누원고등학교,1963,922,1041,216,353,403,287,264,440,115,143,193,148,127,196,101,210,210,139,137,244,1047,0,1047
20212,A,골목상권,3110414,장석교회,1035,532,503,172,137,78,170,187,291,88,73,47,94,92,138,84,64,31,76,95,153,465,0,465
20212,A,골목상권,3110415,수락산역 4번,5054,2558,2496,657,752,675,785,874,1311,342,400,368,391,437,620,315,352,307,394,437,691,2328,0,2328
20212,A,골목상권,3110416,노원초등학교,2453,1168,1285,392,362,286,369,453,591,181,185,146,170,210,276,211,177,140,199,243,315,920,0,920
20212,A,골목상권,3110417,월계역 3번,1007,530,477,102,190,114,125,159,317,54,103,62,78,88,145,48,87,52,47,71,172,590,0,590
20212,A,골목상권,3110418,광운대학교 남단,1447,802,645,138,354,140,188,211,416,79,228,88,100,117,190,59,126,52,88,94,226,824,0,824
20212,A,골목상권,3110419,수락산디자인거리,3030,1500,1530,330,464,354,417,589,876,174,240,187,203,288,408,156,224,167,214,301,468,1365,0,1365
20212,A,골목상권,3110420,광운대역 1번,1414,800,614,135,435,131,170,209,334,70,279,70,93,126,162,65,156,61,77,83,172,856,0,856
20212,A,골목상권,3110421,석계역 1번,1266,673,593,108,150,151,172,231,454,59,86,93,97,130,208,49,64,58,75,101,246,735,0,735
20212,A,골목상권,3110422,노원역 9번,920,439,481,148,139,98,169,176,190,70,64,43,87,83,92,78,75,55,82,93,98,354,0,354
20212,A,골목상권,3110423,석계역 2번,445,236,209,57,60,53,68,89,118,27,34,29,40,46,60,30,26,24,28,43,58,229,0,229
20212,A,골목상권,3110424,상계초등학교,2879,1452,1427,349,463,339,416,528,784,179,244,181,208,265,375,170,219,158,208,263,409,1378,0,1378
20212,A,골목상권,3110425,계상초등학교,3522,1765,1757,439,477,362,550,616,1078,220,268,220,278,309,470,219,209,142,272,307,608,1627,0,1627
20212,A,골목상권,3110426,상계2동주민센터,4097,2058,2039,370,660,510,571,761,1225,190,337,294,302,392,543,180,323,216,269,369,682,2202,0,2202
20212,A,골목상권,3110427,노원 을지대학교병원,599,297,302,100,106,66,81,106,140,48,62,32,39,54,62,52,44,34,42,52,78,216,0,216
20212,A,골목상권,3110428,상계5동주민센터,8437,4198,4239,841,1155,820,1237,1540,2844,409,633,447,627,794,1288,432,522,373,610,746,1556,4351,0,4351
20212,A,골목상권,3110429,공릉동 국수거리,4744,2311,2433,457,972,762,612,763,1178,221,430,384,352,364,560,236,542,378,260,399,618,2470,0,2470
20212,A,골목상권,3110430,중계초등학교,48,23,25,6,3,4,12,6,17,1,3,4,4,4,7,5,0,0,8,2,10,25,0,25
20212,A,골목상권,3110431,상계역,922,502,420,111,141,108,153,179,230,49,77,63,82,106,125,62,64,45,71,73,105,466,0,466
20212,A,골목상권,3110432,대진고등학교,1906,973,933,277,478,212,249,313,377,149,263,118,116,147,180,128,215,94,133,166,197,906,0,906
20212,A,골목상권,3110433,공릉역 2번,4310,2229,2081,336,1396,557,485,577,959,167,789,316,253,276,428,169,607,241,232,301,531,2643,0,2643
20212,A,골목상권,3110434,태릉입구역 4번,1598,791,807,153,320,257,190,251,427,75,133,151,103,127,202,78,187,106,87,124,225,862,0,862
20212,A,골목상권,3110435,서울과학기술대,291,149,142,35,68,30,53,42,63,20,29,14,30,25,31,15,39,16,23,17,32,146,0,146
20212,A,골목상권,3110436,상계제일중학교,1595,792,803,274,238,136,274,309,364,153,133,71,110,165,160,121,105,65,164,144,204,633,0,633
20212,A,골목상권,3110437,당고개역 2번,1655,838,817,176,181,167,238,286,607,96,91,92,124,152,283,80,90,75,114,134,324,823,0,823
20212,A,골목상권,3110438,경춘선숲길 우측,3531,1909,1622,320,1430,429,363,392,597,166,833,233,185,202,290,154,597,196,178,190,307,2292,0,2292
20212,A,골목상권,3110439,당고개역 5번,3932,1944,1988,471,484,441,590,710,1236,255,271,235,307,359,517,216,213,206,283,351,719,1835,0,1835
20212,A,골목상권,3110440,상계3동4동주민센터,1554,804,750,170,194,155,243,270,522,85,107,91,135,145,241,85,87,64,108,125,281,750,0,750
20212,A,골목상권,3110441,영신여고,2203,1063,1140,456,305,206,391,380,465,237,152,105,166,198,205,219,153,101,225,182,260,856,0,856
20212,A,골목상권,3110442,화랑대철도공원,384,98,286,70,155,33,35,38,53,21,14,12,16,17,18,49,141,21,19,21,35,234,0,234
20212,A,골목상권,3110443,수색역 1번,17,12,5,0,2,1,1,1,12,0,2,1,1,1,7,0,0,0,0,0,5,12,0,12
20212,A,골목상권,3110444,수색성당,540,254,286,67,77,87,70,89,150,31,40,40,37,44,62,36,37,47,33,45,88,219,0,219
20212,A,골목상권,3110445,덕산중학교,1685,811,874,253,248,241,245,274,424,134,127,128,122,122,178,119,121,113,123,152,246,716,0,716
20212,A,골목상권,3110446,내를건너서숲으로도서관,1879,914,965,188,204,211,269,319,688,96,98,108,138,164,310,92,106,103,131,155,378,936,0,936
20212,A,골목상권,3110447,구산초등학교,1640,764,876,233,198,215,267,260,467,113,94,110,131,119,197,120,104,105,136,141,270,758,0,758
20212,A,골목상권,3110448,상신초등학교입구,2604,1307,1297,361,386,381,387,450,639,195,201,211,197,220,283,166,185,170,190,230,356,1145,0,1145
20212,A,골목상권,3110449,증산역 3번,5119,2441,2678,640,712,641,746,844,1536,323,341,324,360,418,675,317,371,317,386,426,861,2367,0,2367
20212,A,골목상권,3110450,시립서북병원,7856,3710,4146,1148,1117,1100,1307,1283,1901,565,521,534,651,585,854,583,596,566,656,698,1047,3281,0,3281
20212,A,골목상권,3110451,증산역 4번,5413,2652,2761,616,743,728,784,926,1616,288,376,383,388,457,760,328,367,345,396,469,856,2491,0,2491
20212,A,골목상권,3110452,새절역 3번,2769,1372,1397,312,443,368,391,430,825,173,212,189,207,218,373,139,231,179,184,212,452,1375,0,1375
20212,A,골목상권,3110453,신사1동주민센터,8079,3921,4158,929,1181,1221,1241,1272,2235,478,603,628,636,590,986,451,578,593,605,682,1249,3890,0,3890
20212,A,골목상권,3110454,선정중학교,5928,2787,3141,879,835,813,1022,942,1437,440,375,416,491,456,609,439,460,397,531,486,828,2535,0,2535
20212,A,골목상권,3110455,역촌노인복지관,8159,3837,4322,1072,1099,1130,1351,1419,2088,526,528,535,673,687,888,546,571,595,678,732,1200,3763,0,3763
20212,A,골목상권,3110456,구산보건지소,8265,3920,4345,1214,1227,1124,1351,1356,1993,596,624,567,638,638,857,618,603,557,713,718,1136,3437,0,3437
20212,A,골목상권,3110457,예일여고,4310,1999,2311,536,678,584,666,751,1095,248,319,296,316,350,470,288,359,288,350,401,625,1882,0,1882
20212,A,골목상권,3110458,선일여고,5314,2507,2807,719,902,680,811,955,1247,382,444,341,383,421,536,337,458,339,428,534,711,2329,0,2329
20212,A,골목상권,3110459,응암역 2번,4917,2297,2620,705,696,633,838,804,1241,357,338,300,415,351,536,348,358,333,423,453,705,2094,0,2094
20212,A,골목상권,3110460,구산역 4번,5404,2541,2863,716,799,686,904,895,1404,345,396,344,441,403,612,371,403,342,463,492,792,2394,0,2394
20212,A,골목상권,3110461,새절역 2번,1694,796,898,162,232,276,245,258,521,88,95,150,122,121,220,74,137,126,123,137,301,880,0,880
20212,A,골목상권,3110462,갈현건영아파트,5875,2887,2988,611,885,700,810,1061,1808,322,477,376,429,487,796,289,408,324,381,574,1012,2879,0,2879
20212,A,골목상권,3110463,응암3동주민센터,2140,1021,1119,178,262,291,327,376,706,97,136,143,168,200,277,81,126,148,159,176,429,1236,0,1236
20212,A,골목상권,3110464,연신내역 5번,4286,2019,2267,481,711,653,688,705,1048,256,342,333,329,318,441,225,369,320,359,387,607,2154,0,2154
20212,A,골목상권,3110465,연신내역 7번,2656,1245,1411,296,480,442,402,368,668,143,215,236,204,158,289,153,265,206,198,210,379,1335,0,1335
20212,A,골목상권,3110466,구산역 2번,4069,1900,2169,475,592,591,634,706,1071,236,275,300,297,330,462,239,317,291,337,376,609,1938,0,1938
20212,A,골목상권,3110467,은평요양병원,1312,624,688,112,308,236,160,160,336,65,114,122,87,77,159,47,194,114,73,83,177,776,0,776
20212,A,골목상권,3110468,응암역 3번,11333,5296,6037,1474,1594,1704,1809,1835,2917,739,775,796,906,845,1235,735,819,908,903,990,1682,5100,0,5100
20212,A,골목상권,3110469,응암정보도서관,7107,3546,3561,688,1014,816,942,1310,2337,374,519,462,493,675,1023,314,495,354,449,635,1314,3710,0,3710
20212,A,골목상권,3110470,신진과학기술고등학교,2133,984,1149,373,281,362,370,270,477,183,136,158,174,123,210,190,145,204,196,147,267,971,0,971
20212,A,골목상권,3110471,응암동우체국,4781,2356,2425,527,618,649,683,829,1475,275,330,328,364,429,630,252,288,321,319,400,845,2292,0,2292
20212,A,골목상권,3110472,연신내역 4번,5375,2529,2846,529,933,823,768,903,1419,235,444,420,369,437,624,294,489,403,399,466,795,2742,0,2742
20212,A,골목상권,3110473,구산역 1번,9318,4365,4953,1239,1299,1213,1566,1483,2518,614,617,584,780,710,1060,625,682,629,786,773,1458,4409,0,4409
20212,A,골목상권,3110474,세명컴퓨터고등학교,4640,2273,2367,470,798,665,639,814,1254,236,402,359,336,352,588,234,396,306,303,462,666,2247,0,2247
20212,A,골목상권,3110475,백련산해모로아파트,3153,1511,1642,482,409,395,538,517,812,251,199,195,269,262,335,231,210,200,269,255,477,1420,0,1420
20212,A,골목상권,3110476,역촌역 2번,1195,560,635,128,172,177,185,205,328,74,67,88,88,109,134,54,105,89,97,96,194,591,0,591
20212,A,골목상권,3110477,은평세무서,3078,1452,1626,411,404,422,497,498,846,198,202,221,232,240,359,213,202,201,265,258,487,1409,0,1409
20212,A,골목상권,3110478,응암1동주민센터,3271,1579,1692,408,412,407,538,583,923,212,218,216,258,285,390,196,194,191,280,298,533,1584,0,1584
20212,A,골목상권,3110479,연신내역 2번,3620,1760,1860,292,525,438,466,600,1299,156,275,223,241,281,584,136,250,215,225,319,715,1915,0,1915
20212,A,골목상권,3110480,연신내역 3번,3096,1481,1615,259,502,482,410,531,912,143,264,246,199,233,396,116,238,236,211,298,516,1554,0,1554
20212,A,골목상권,3110481,불광역 7번,3183,1475,1708,261,643,502,455,486,836,138,275,246,227,224,365,123,368,256,228,262,471,1750,0,1750
20212,A,골목상권,3110482,연신초등학교,1532,733,799,142,193,177,225,299,496,69,101,90,115,139,219,73,92,87,110,160,277,780,0,780
20212,A,골목상권,3110483,연천초등학교,3179,1487,1692,328,505,450,449,552,895,170,231,222,227,258,379,158,274,228,222,294,516,1585,0,1585
20212,A,골목상권,3110484,역촌역 3번,7996,3876,4120,854,1034,1173,1248,1338,2349,424,500,623,665,657,1007,430,534,550,583,681,1342,4081,0,4081
20212,A,골목상권,3110485,연신내우체국,2687,1268,1419,334,361,377,385,453,777,167,182,194,187,206,332,167,179,183,198,247,445,1231,0,1231
20212,A,골목상권,3110486,은평구청,1952,935,1017,257,278,298,361,299,459,128,131,152,184,147,193,129,147,146,177,152,266,931,0,931
20212,A,골목상권,3110487,불광역 8번,316,161,155,25,35,42,40,48,126,18,21,18,21,25,58,7,14,24,19,23,68,200,0,200
20212,A,골목상권,3110488,우리은행응암동지점,3135,1499,1636,415,423,461,480,523,833,210,212,234,243,245,355,205,211,227,237,278,478,1384,0,1384
20212,A,골목상권,3110489,불광역 3번,1305,602,703,108,222,195,156,210,414,53,110,93,79,94,173,55,112,102,77,116,241,709,0,709
20212,A,골목상권,3110490,녹번동근린공원,5043,2428,2615,526,753,699,788,811,1466,290,378,352,411,370,627,236,375,347,377,441,839,2447,0,2447
20212,A,골목상권,3110491,불광중학교,1353,688,665,145,192,144,187,247,438,89,107,79,103,115,195,56,85,65,84,132,243,651,0,651
20212,A,골목상권,3110492,하나고등학교,528,277,251,80,93,49,85,117,104,48,59,24,39,63,44,32,34,25,46,54,60,227,0,227
20212,A,골목상권,3110493,북가좌초등학교,1328,638,690,148,195,190,177,227,391,70,96,93,95,104,180,78,99,97,82,123,211,613,0,613
20212,A,골목상권,3110494,증산3교남측,814,401,413,99,117,119,109,152,218,52,58,63,52,72,104,47,59,56,57,80,114,363,0,363
20212,A,골목상권,3110495,북가좌2동주민센터,6253,3030,3223,708,895,824,1016,993,1817,377,454,415,513,475,796,331,441,409,503,518,1021,3036,0,3036
20212,A,골목상권,3110496,모래내우체국,2057,983,1074,235,300,243,293,334,652,104,151,131,140,172,285,131,149,112,153,162,367,967,0,967
20212,A,골목상권,3110497,가좌역 3번,179,99,80,4,8,16,18,34,99,2,5,10,15,14,53,2,3,6,3,20,46,135,0,135
20212,A,골목상권,3110498,증산역 1번,3463,1700,1763,330,511,511,479,578,1054,169,276,269,242,265,479,161,235,242,237,313,575,1638,0,1638
20212,A,골목상권,3110499,연가초등학교,6065,2991,3074,857,1075,761,947,998,1427,455,556,414,468,464,634,402,519,347,479,534,793,2724,0,2724
20212,A,골목상권,3110500,남가좌동현대아파트,706,348,358,167,74,131,137,87,110,86,38,65,74,38,47,81,36,66,63,49,63,247,0,247
20212,A,골목상권,3110501,연희어린이공원,1321,634,687,115,227,241,177,191,370,60,110,110,91,89,174,55,117,131,86,102,196,664,0,664
20212,A,골목상권,3110502,남가좌파출소,3811,1841,1970,457,546,499,603,578,1128,238,258,236,319,300,490,219,288,263,284,278,638,1922,0,1922
20212,A,골목상권,3110503,명지대학교교회,5025,2521,2504,537,1317,607,669,775,1120,276,670,346,322,402,505,261,647,261,347,373,615,2865,0,2865
20212,A,골목상권,3110504,명지전문대,223,112,111,32,32,17,51,39,52,17,16,9,25,22,23,15,16,8,26,17,29,99,0,99
20212,A,골목상권,3110505,홍남교남측,150,78,72,17,23,18,21,24,47,11,13,11,11,11,21,6,10,7,10,13,26,77,0,77
20212,A,골목상권,3110506,연희임광아파트,536,253,283,37,142,142,71,50,94,14,60,76,33,21,49,23,82,66,38,29,45,354,0,354
20212,A,골목상권,3110507,명지대학교,6472,3098,3374,670,1284,834,881,1006,1797,333,594,457,439,489,786,337,690,377,442,517,1011,3598,0,3598
20212,A,골목상권,3110508,서연중학교,2124,966,1158,283,292,319,358,291,581,134,144,148,155,129,256,149,148,171,203,162,325,949,0,949
20212,A,골목상권,3110509,연희대우아파트앞,3661,1854,1807,495,1020,772,456,371,547,301,494,405,246,169,239,194,526,367,210,202,308,2210,0,2210
20212,A,골목상권,3110510,홍연시장,1123,552,571,110,160,119,163,193,378,60,82,60,89,95,166,50,78,59,74,98,212,511,0,511
20212,A,골목상권,3110511,연희초등학교,5867,3147,2720,432,2347,1029,647,549,863,230,1368,571,325,268,385,202,979,458,322,281,478,3984,0,3984
20212,A,골목상권,3110512,연희지하차도,3398,1604,1794,382,563,480,524,534,915,194,272,229,265,267,377,188,291,251,259,267,538,1743,0,1743
20212,A,골목상권,3110513,연희파출소,991,455,536,166,172,149,178,127,199,81,73,72,85,50,94,85,99,77,93,77,105,489,0,489
20212,A,골목상권,3110514,서대문우체국,2037,1072,965,74,951,349,162,176,325,42,512,200,80,97,141,32,439,149,82,79,184,1583,0,1583
20212,A,골목상권,3110515,홍은중학교,2539,1226,1313,295,345,294,398,428,779,162,186,145,199,195,339,133,159,149,199,233,440,1163,0,1163
20212,A,골목상권,3110516,정원여중,1128,533,595,144,154,157,175,213,285,59,79,84,89,93,129,85,75,73,86,120,156,468,0,468
20212,A,골목상권,3110517,서대문소방서,866,397,469,125,197,104,120,139,181,60,91,48,55,65,78,65,106,56,65,74,103,430,0,430
20212,A,골목상권,3110518,서대문구청,519,233,286,58,80,66,68,95,152,30,34,38,28,43,60,28,46,28,40,52,92,242,0,242
20212,A,골목상권,3110519,서대문구보건소별관,3975,1814,2161,594,508,438,634,673,1128,260,254,211,306,329,454,334,254,227,328,344,674,1696,0,1696
20212,A,골목상권,3110520,경의중앙 신촌역,1522,719,803,83,594,230,131,167,317,38,253,147,64,84,133,45,341,83,67,83,184,1101,0,1101
20212,A,골목상권,3110521,홍제역 4번,886,416,470,86,121,123,121,158,277,43,56,64,59,73,121,43,65,59,62,85,156,490,0,490
20212,A,골목상권,3110522,홍제역 3번,1328,601,727,115,197,164,199,209,444,51,97,78,102,89,184,64,100,86,97,120,260,654,0,654
20212,A,골목상권,3110523,홍제성원아파트,522,249,273,55,82,65,80,86,154,28,37,34,44,39,67,27,45,31,36,47,87,227,0,227
20212,A,골목상권,3110524,연희세브란스병원,233,100,133,19,94,41,25,15,39,7,34,17,13,8,21,12,60,24,12,7,18,174,0,174
20212,A,골목상권,3110525,홍은종합사회복지관,578,279,299,100,54,83,96,79,166,49,26,42,46,43,73,51,28,41,50,36,93,251,0,251
20212,A,골목상권,3110526,봉원사,1199,499,700,117,395,176,123,150,238,55,122,80,57,81,104,62,273,96,66,69,134,773,0,773
20212,A,골목상권,3110527,홍제역 2번,1923,914,1009,175,285,275,250,350,588,88,147,139,123,173,244,87,138,136,127,177,344,993,0,993
20212,A,골목상권,3110528,서울여자간호대학교,1547,759,788,224,218,245,210,219,431,118,113,133,112,109,174,106,105,112,98,110,257,711,0,711
20212,A,골목상권,3110529,홍제3동주민센터,3374,1605,1769,300,427,339,471,584,1253,148,213,179,246,292,527,152,214,160,225,292,726,1765,0,1765
20212,A,골목상권,3110530,아현역 1번,247,128,119,15,32,31,29,47,93,9,13,17,15,27,47,6,19,14,14,20,46,169,0,169
20212,A,골목상권,3110531,홍지문,410,197,213,31,95,48,53,66,117,16,38,30,28,33,52,15,57,18,25,33,65,228,0,228
20212,A,골목상권,3110532,아현역 2번,2046,986,1060,174,309,223,319,386,635,79,155,117,170,206,259,95,154,106,149,180,376,1212,0,1212
20212,A,골목상권,3110533,충정로역 7번,1093,574,519,72,177,150,163,212,319,38,104,86,83,121,142,34,73,64,80,91,177,650,0,650
20212,A,골목상권,3110534,경기대학교,1614,805,809,162,297,209,196,283,467,83,149,118,108,147,200,79,148,91,88,136,267,871,0,871
20212,A,골목상권,3110535,영천시장입구,1293,597,696,103,215,152,180,214,429,46,106,79,89,111,166,57,109,73,91,103,263,726,0,726
20212,A,골목상권,3110536,돈의문센트레빌아파트입구,690,350,340,45,147,88,98,137,175,23,67,49,56,67,88,22,80,39,42,70,87,399,0,399
20212,A,골목상권,3110537,충정로현대아파트,1051,477,574,129,233,210,161,114,204,55,92,100,78,57,95,74,141,110,83,57,109,607,0,607
20212,A,골목상권,3110538,충정로역 3번,422,190,232,15,88,136,65,39,79,4,37,64,31,20,34,11,51,72,34,19,45,297,0,297
20212,A,골목상권,3110539,미근동,460,238,222,21,83,94,55,64,143,9,51,49,34,32,63,12,32,45,21,32,80,314,0,314
20212,A,골목상권,3110540,망원나들목체육관,2776,1378,1398,342,416,499,456,426,637,167,201,262,232,234,282,175,215,237,224,192,355,1320,0,1320
20212,A,골목상권,3110541,동교초등학교,4944,2304,2640,739,750,751,854,718,1132,356,349,365,418,333,483,383,401,386,436,385,649,2229,0,2229
20212,A,골목상권,3110542,마포구청역 7번,5276,2502,2774,694,875,863,860,817,1167,346,401,411,431,408,505,348,474,452,429,409,662,2483,0,2483
20212,A,골목상권,3110543,중암중학교,994,493,501,167,150,157,168,131,221,88,86,84,77,68,90,79,64,73,91,63,131,493,0,493
20212,A,골목상권,3110544,망리단길,12727,5888,6839,1364,2275,2489,1939,1754,2906,680,1041,1155,931,856,1225,684,1234,1334,1008,898,1681,6618,0,6618
20212,A,골목상권,3110545,마포구청역 1번,5110,1723,3387,259,2037,1457,614,371,372,112,453,532,277,179,170,147,1584,925,337,192,202,3987,0,3987
20212,A,골목상권,3110546,양화대교북단,2596,1249,1347,256,493,567,387,335,558,117,233,285,192,171,251,139,260,282,195,164,307,1357,0,1357
20212,A,골목상권,3110547,KB국민은행 망원동지점,2491,1171,1320,327,405,342,396,368,653,166,193,166,188,182,276,161,212,176,208,186,377,1165,0,1165
20212,A,골목상권,3110548,마포구청역 4번,2724,1252,1472,286,494,530,450,421,543,158,202,247,201,215,229,128,292,283,249,206,314,1437,0,1437
20212,A,골목상권,3110549,새터산,2629,1260,1369,351,413,439,433,361,632,180,194,206,227,173,280,171,219,233,206,188,352,1262,0,1262
20212,A,골목상권,3110550,합정역 8번,5796,2583,3213,608,1144,1237,876,753,1178,287,466,568,405,351,506,321,678,669,471,402,672,3047,0,3047
20212,A,골목상권,3110551,성서초등학교,4111,1881,2230,689,619,617,810,584,792,307,293,268,369,282,362,382,326,349,441,302,430,1840,0,1840
20212,A,골목상권,3110552,성미산체육관,2263,1073,1190,276,347,367,351,360,562,136,157,190,170,172,248,140,190,177,181,188,314,1133,0,1133
20212,A,골목상권,3110553,가좌역 2번,3390,1673,1717,374,526,557,525,530,878,207,263,295,256,266,386,167,263,262,269,264,492,1770,0,1770
20212,A,골목상권,3110554,망원역 1번,4439,1991,2448,434,801,880,726,618,980,216,326,384,337,310,418,218,475,496,389,308,562,2550,0,2550
20212,A,골목상권,3110555,홍익지구대,255,117,138,25,50,53,41,36,50,16,18,22,20,19,22,9,32,31,21,17,28,130,0,130
20212,A,골목상권,3110556,절두산순교성지,969,458,511,71,177,201,140,134,246,31,85,105,71,59,107,40,92,96,69,75,139,540,0,540
20212,A,골목상권,3110557,홍대부속여중고앞,3220,1462,1758,348,580,640,630,438,584,170,255,301,297,194,245,178,325,339,333,244,339,1775,0,1775
20212,A,골목상권,3110558,경성고등학교,8597,4089,4508,941,1502,1610,1376,1226,1942,473,719,805,697,554,841,468,783,805,679,672,1101,4349,0,4349
20212,A,골목상권,3110559,성산중학교,2482,1154,1328,207,503,550,349,325,548,105,230,283,166,148,222,102,273,267,183,177,326,1347,0,1347
20212,A,골목상권,3110560,마포FM,1546,739,807,139,347,293,230,208,329,67,162,139,120,102,149,72,185,154,110,106,180,874,0,874
20212,A,골목상권,3110561,상수역 4번,2175,1036,1139,127,546,510,280,269,443,59,260,258,150,121,188,68,286,252,130,148,255,1379,0,1379
20212,A,골목상권,3110562,연트럴파크(연남동주민센터),2902,1360,1542,293,585,596,470,362,596,161,296,282,217,161,243,132,289,314,253,201,353,1601,0,1601
20212,A,골목상권,3110563,상수역 3번,713,342,371,54,209,150,95,71,134,27,98,74,49,36,58,27,111,76,46,35,76,453,0,453
20212,A,골목상권,3110564,홍대입구역 3번,571,250,321,38,161,125,84,58,105,18,58,66,39,28,41,20,103,59,45,30,64,398,0,398
20212,A,골목상권,3110565,홍익대,1544,779,765,93,628,276,160,170,217,45,341,144,85,78,86,48,287,132,75,92,131,1065,0,1065
20212,A,골목상권,3110566,경의선책거리,1846,859,987,117,493,430,246,223,337,64,209,217,123,101,145,53,284,213,123,122,192,1223,0,1223
20212,A,골목상권,3110567,광흥창역 6번,298,144,154,17,82,62,43,24,70,8,38,25,24,15,34,9,44,37,19,9,36,202,0,202
20212,A,골목상권,3110568,광흥창역 1번,329,175,154,62,56,43,54,51,63,38,30,25,23,31,28,24,26,18,31,20,35,150,0,150
20212,A,골목상권,3110569,홍대땡땡거리,1907,914,993,99,606,377,247,227,351,55,291,184,123,115,146,44,315,193,124,112,205,1348,0,1348
20212,A,골목상권,3110570,KB국민은행 서강지점,501,246,255,68,54,100,96,71,112,31,31,46,48,34,56,37,23,54,48,37,56,255,0,255
20212,A,골목상권,3110571,신수동주민센터,2323,1130,1193,270,350,338,339,381,645,144,177,179,164,193,273,126,173,159,175,188,372,1172,0,1172
20212,A,골목상권,3110572,서강대역 1번,2848,1525,1323,180,953,438,362,333,582,100,562,256,182,181,244,80,391,182,180,152,338,1946,0,1946
20212,A,골목상권,3110573,신촌역 6번,191,93,98,12,62,41,23,15,38,6,31,22,8,10,16,6,31,19,15,5,22,143,0,143
20212,A,골목상권,3110574,서강대학교,174,96,78,14,56,25,31,22,26,6,31,15,19,14,11,8,25,10,12,8,15,107,0,107
20212,A,골목상권,3110575,대흥동주민센터,2613,1296,1317,146,598,379,365,360,765,80,287,220,198,184,327,66,311,159,167,176,438,1876,0,1876
20212,A,골목상권,3110576,대흥역 3번,1118,567,551,144,140,179,170,158,327,74,83,93,93,78,146,70,57,86,77,80,181,592,0,592
20212,A,골목상권,3110577,용강동주민센터,946,441,505,137,107,111,178,163,250,67,51,54,84,79,106,70,56,57,94,84,144,472,0,472
20212,A,골목상권,3110578,대흥역 2번,2721,1346,1375,253,497,343,365,476,787,132,243,191,186,252,342,121,254,152,179,224,445,1618,0,1618
20212,A,골목상권,3110579,마포역 4번,791,415,376,56,155,178,125,106,171,32,81,98,75,56,73,24,74,80,50,50,98,469,0,469
20212,A,골목상권,3110580,양원초등학교,1267,634,633,68,347,195,130,175,352,39,175,105,75,92,148,29,172,90,55,83,204,824,0,824
20212,A,골목상권,3110581,염리초등학교,292,143,149,94,16,44,82,24,32,52,7,18,41,14,11,42,9,26,41,10,21,99,0,99
20212,A,골목상권,3110582,이대역 5번,1393,675,718,71,451,188,153,184,346,31,197,104,79,102,162,40,254,84,74,82,184,1021,0,1021
20212,A,골목상권,3110583,공덕래미안3차아파트,174,80,94,17,47,34,25,13,38,11,14,20,11,9,15,6,33,14,14,4,23,111,0,111
20212,A,골목상권,3110584,아현역 4번,57,25,32,0,13,7,7,8,22,0,6,3,2,4,10,0,7,4,5,4,12,39,0,39
20212,A,골목상권,3110585,마포경찰서,222,104,118,48,21,88,34,15,16,26,5,39,21,5,8,22,16,49,13,10,8,93,0,93
20212,A,골목상권,3110586,서울서부지방법원,1520,734,786,62,354,387,216,210,291,32,130,183,120,130,139,30,224,204,96,80,152,1165,0,1165
20212,A,골목상권,3110587,공덕동주민센터,3405,1419,1986,211,899,615,438,440,802,104,252,274,220,226,343,107,647,341,218,214,459,2427,0,2427
20212,A,골목상권,3110588,한겨레신문사,2908,1378,1530,276,596,481,423,480,652,148,250,257,201,226,296,128,346,224,222,254,356,1569,0,1569
20212,A,골목상권,3110589,애오개역 3번,1726,853,873,145,270,269,219,303,520,76,148,147,120,144,218,69,122,122,99,159,302,847,0,847
20212,A,골목상권,3110590,만리재,2315,1133,1182,209,386,272,363,456,629,107,199,155,183,231,258,102,187,117,180,225,371,1212,0,1212
20212,A,골목상권,3110591,충정로역 6번,2292,1187,1105,197,343,261,284,452,755,103,206,147,156,228,347,94,137,114,128,224,408,1150,0,1150
20212,A,골목상권,3110592,서울금융고등학교,1209,611,598,144,178,125,163,242,357,83,91,73,83,121,160,61,87,52,80,121,197,565,0,565
20212,A,골목상권,3110593,신월3동주민센터,6488,3555,2933,562,746,737,936,1367,2140,301,369,415,568,811,1091,261,377,322,368,556,1049,3863,0,3863
20212,A,골목상권,3110594,신월중학교,3348,1641,1707,635,423,435,552,554,749,337,212,218,270,261,343,298,211,217,282,293,406,1263,0,1263
20212,A,골목상권,3110595,메디힐병원,5754,2863,2891,625,831,780,803,1041,1674,325,424,420,404,494,796,300,407,360,399,547,878,2719,0,2719
20212,A,골목상권,3110596,서서울호수공원,3474,1713,1761,457,476,482,527,636,896,241,236,236,281,312,407,216,240,246,246,324,489,1587,0,1587
20212,A,골목상권,3110597,신월1동주민센터,6200,3206,2994,634,800,781,899,1218,1868,325,424,440,474,626,917,309,376,341,425,592,951,3070,0,3070
20212,A,골목상권,3110598,신월문화체육센터,3093,1486,1607,348,407,353,447,539,999,173,215,188,231,255,424,175,192,165,216,284,575,1385,0,1385
20212,A,골목상권,3110599,신월1파출소,4226,2151,2075,482,590,540,607,791,1216,262,299,295,310,414,571,220,291,245,297,377,645,1946,0,1946
20212,A,골목상권,3110600,신월7동주민센터,4497,2204,2293,409,615,483,616,839,1535,212,312,260,326,435,659,197,303,223,290,404,876,2225,0,2225
20212,A,골목상권,3110601,신월1동우편취급국,6643,3416,3227,792,851,967,1020,1198,1815,395,461,522,541,633,864,397,390,445,479,565,951,3198,0,3198
20212,A,골목상권,3110602,신월시영아파트중문,1306,643,663,117,179,126,177,271,436,59,85,71,86,141,201,58,94,55,91,130,235,632,0,632
20212,A,골목상권,3110603,지향초등학교,311,147,164,49,37,26,41,62,96,17,20,17,20,28,45,32,17,9,21,34,51,133,0,133
20212,A,골목상권,3110604,신월4동주민센터,6868,3400,3468,1210,811,953,1178,979,1737,616,426,475,608,473,802,594,385,478,570,506,935,2626,0,2626
20212,A,골목상권,3110605,목동센트럴아이파크앞,1240,600,640,191,142,163,204,191,349,88,75,87,100,98,152,103,67,76,104,93,197,531,0,531
20212,A,골목상권,3110606,신한은행 신월동지점,7176,3489,3687,1056,901,894,1113,1224,1988,554,462,440,568,582,883,502,439,454,545,642,1105,2708,0,2708
20212,A,골목상권,3110607,금빛새마을금고본점,805,399,406,84,102,111,107,122,279,37,50,62,55,67,128,47,52,49,52,55,151,389,0,389
20212,A,골목상권,3110608,신월2동주민센터,8507,4178,4329,1213,1102,1150,1304,1385,2353,616,554,590,656,681,1081,597,548,560,648,704,1272,3561,0,3561
20212,A,골목상권,3110609,신정네거리역 2번,2450,1172,1278,335,347,317,401,398,652,172,158,166,186,197,293,163,189,151,215,201,359,1086,0,1086
20212,A,골목상권,3110610,계남근린공원,2915,1486,1429,298,413,321,416,540,927,165,236,178,226,255,426,133,177,143,190,285,501,1428,0,1428
20212,A,골목상권,3110611,신정역 1번,4648,2313,2335,607,673,720,770,710,1168,323,342,389,394,335,530,284,331,331,376,375,638,2098,0,2098
20212,A,골목상권,3110612,신정역 5번,8225,4076,4149,934,1249,1118,1252,1386,2286,511,615,615,615,677,1043,423,634,503,637,709,1243,4006,0,4006
20212,A,골목상권,3110613,신정네거리역 4번,532,254,278,84,66,56,89,99,138,44,29,27,38,56,60,40,37,29,51,43,78,254,0,254
20212,A,골목상권,3110614,목동로데오거리,2286,1100,1186,294,318,345,350,355,624,136,156,175,176,177,280,158,162,170,174,178,344,1053,0,1053
20212,A,골목상권,3110615,신서초등학교,1026,492,534,241,127,105,211,160,182,129,60,42,103,83,75,112,67,63,108,77,107,385,0,385
20212,A,골목상권,3110616,양목초등학교,838,392,446,146,133,120,150,133,156,67,72,58,71,59,65,79,61,62,79,74,91,361,0,361
20212,A,골목상권,3110617,등촌역 4번,2327,1050,1277,253,355,398,343,361,617,127,155,201,174,151,242,126,200,197,169,210,375,1192,0,1192
20212,A,골목상권,3110618,강서고등학교,6274,3044,3230,901,1108,884,957,1163,1261,471,605,436,428,546,558,430,503,448,529,617,703,2696,0,2696
20212,A,골목상권,3110619,목4동주민센터,1379,674,705,168,216,222,200,218,355,92,112,120,95,92,163,76,104,102,105,126,192,633,0,633
20212,A,골목상권,3110620,목동보건지소,8547,4144,4403,1507,1348,1135,1428,1495,1634,789,698,568,621,750,718,718,650,567,807,745,916,3458,0,3458
20212,A,골목상권,3110621,목동역 5번,719,330,389,150,95,69,148,121,136,76,38,31,61,61,63,74,57,38,87,60,73,253,0,253
20212,A,골목상권,3110622,달마을공원,4026,1925,2101,421,705,870,570,614,846,198,343,454,267,292,371,223,362,416,303,322,475,1886,0,1886
20212,A,골목상권,3110623,갈산공원,150,82,68,27,11,38,24,17,33,16,9,22,11,6,18,11,2,16,13,11,15,64,0,64
20212,A,골목상권,3110624,목동문화체육센터,2324,1127,1197,316,405,305,348,448,502,163,214,157,167,201,225,153,191,148,181,247,277,922,0,922
20212,A,골목상권,3110625,신정2동주민센터,3327,1639,1688,695,457,266,627,637,645,352,234,120,274,355,304,343,223,146,353,282,341,1261,0,1261
20212,A,골목상권,3110626,양화초등학교,6335,2999,3336,661,1125,1359,922,902,1366,347,491,697,473,390,601,314,634,662,449,512,765,3118,0,3118
20212,A,골목상권,3110627,신정롯데캐슬아파트,2466,1196,1270,410,329,294,438,439,556,211,165,155,208,217,240,199,164,139,230,222,316,1036,0,1036
20212,A,골목상권,3110628,신목동역,1350,676,674,184,242,297,216,184,227,95,121,151,104,102,103,89,121,146,112,82,124,706,0,706
20212,A,골목상권,3110629,송정역 4번,906,445,461,50,173,166,117,137,263,21,82,82,63,68,129,29,91,84,54,69,134,529,0,529
20212,A,골목상권,3110630,공항시장역 1번,6024,3004,3020,535,1176,936,796,982,1599,269,536,530,428,499,742,266,640,406,368,483,857,3565,0,3565
20212,A,골목상권,3110631,방화초등학교,3946,1951,1995,570,509,590,597,655,1025,307,262,303,306,322,451,263,247,287,291,333,574,1654,0,1654
20212,A,골목상권,3110632,방화역 3번,1526,765,761,180,223,207,208,251,457,97,110,109,101,127,221,83,113,98,107,124,236,723,0,723
20212,A,골목상권,3110633,개화산역 1번,440,226,214,51,74,83,53,71,108,30,35,48,29,35,49,21,39,35,24,36,59,228,0,228
20212,A,골목상권,3110634,송정역 3번,8279,4321,3958,983,1333,1556,1270,1258,1879,509,703,880,689,654,886,474,630,676,581,604,993,4417,0,4417
20212,A,골목상권,3110635,공항시장역 3번,2782,1394,1388,311,350,402,337,492,890,149,185,229,183,248,400,162,165,173,154,244,490,1395,0,1395
20212,A,골목상권,3110636,방화역 2번,1260,652,608,188,135,201,217,179,340,95,77,110,113,90,167,93,58,91,104,89,173,563,0,563
20212,A,골목상권,3110637,송정역 2번,1964,986,978,181,362,355,245,316,505,98,166,201,125,160,236,83,196,154,120,156,269,1002,0,1002
20212,A,골목상권,3110638,신방화역 2번,5721,2872,2849,708,857,920,853,918,1465,370,439,500,436,456,671,338,418,420,417,462,794,2781,0,2781
20212,A,골목상권,3110639,신방화역 8번,2885,1456,1429,286,397,389,375,519,919,139,196,218,218,251,434,147,201,171,157,268,485,1435,0,1435
20212,A,골목상권,3110640,방화역 1번,2733,1406,1327,303,431,556,433,432,578,158,205,280,237,257,269,145,226,276,196,175,309,1575,0,1575
20212,A,골목상권,3110641,공항고등학교,1562,790,772,248,195,268,239,239,373,131,97,135,123,126,178,117,98,133,116,113,195,651,0,651
20212,A,골목상권,3110642,정곡초등학교,794,400,394,154,80,105,143,110,202,71,40,56,74,53,106,83,40,49,69,57,96,329,0,329
20212,A,골목상권,3110643,강서구다솔마을,2293,1188,1105,262,285,304,423,413,606,133,135,174,238,223,285,129,150,130,185,190,321,1152,0,1152
20212,A,골목상권,3110644,신광명마을,840,427,413,91,97,114,126,153,259,48,59,61,63,85,111,43,38,53,63,68,148,407,0,407
20212,A,골목상권,3110645,우장산역 4번,7383,3439,3944,1546,1066,882,1418,1141,1330,725,489,417,656,571,581,821,577,465,762,570,749,2826,0,2826
20212,A,골목상권,3110646,푸른들청소년도서관,8329,4014,4315,952,1324,1305,1163,1358,2227,479,621,676,561,655,1022,473,703,629,602,703,1205,3861,0,3861
20212,A,골목상권,3110647,화곡역 5번,8626,4178,4448,1030,1340,1584,1334,1282,2056,513,639,813,695,577,941,517,701,771,639,705,1115,4116,0,4116
20212,A,골목상권,3110648,양천향교역 7번,4060,1692,2368,92,1659,1484,491,232,102,38,432,745,283,143,51,54,1227,739,208,89,51,3656,0,3656
20212,A,골목상권,3110649,우장산역 1번,3347,1549,1798,724,488,399,664,535,537,320,222,201,296,268,242,404,266,198,368,267,295,1242,0,1242
20212,A,골목상권,3110650,우장산힐스테이트,894,418,476,207,102,93,180,124,188,94,49,41,86,64,84,113,53,52,94,60,104,310,0,310
20212,A,골목상권,3110651,화원중학교,6123,2977,3146,780,933,1090,932,928,1460,391,433,591,483,425,654,389,500,499,449,503,806,2783,0,2783
20212,A,골목상권,3110652,양천향교역 2번,2053,1005,1048,173,473,595,235,248,329,91,185,324,136,113,156,82,288,271,99,135,173,1193,0,1193
20212,A,골목상권,3110653,화곡역 2번,3058,1463,1595,309,437,530,441,471,870,160,213,277,222,205,386,149,224,253,219,266,484,1528,0,1528
20212,A,골목상권,3110654,까치산역 4번,12391,6055,6336,1346,1992,2316,1804,1945,2988,679,962,1229,933,916,1336,667,1030,1087,871,1029,1652,5977,0,5977
20212,A,골목상권,3110655,발산역 5번,1014,498,516,146,151,204,169,145,199,84,70,112,78,70,84,62,81,92,91,75,115,479,0,479
20212,A,골목상권,3110656,까치산역 3번,9500,4758,4742,604,2182,2327,1315,1117,1955,297,919,1304,754,554,930,307,1263,1023,561,563,1025,5966,0,5966
20212,A,골목상권,3110657,양천향교역 5번,1567,719,848,74,464,486,189,152,202,30,151,275,104,66,93,44,313,211,85,86,109,1125,0,1125
20212,A,골목상권,3110658,화곡초등학교,3078,1583,1495,274,694,638,491,381,600,152,349,374,265,189,254,122,345,264,226,192,346,1821,0,1821
20212,A,골목상권,3110659,화곡역 4번,18476,8997,9479,2694,2923,3202,3047,2753,3857,1350,1380,1745,1543,1286,1693,1344,1543,1457,1504,1467,2164,8411,0,8411
20212,A,골목상권,3110660,등촌3동주민센터,1701,847,854,177,270,246,210,252,546,89,145,141,101,128,243,88,125,105,109,124,303,968,0,968
20212,A,골목상권,3110661,강서새말어린이공원,1446,723,723,208,183,224,268,220,343,103,92,123,143,104,158,105,91,101,125,116,185,660,0,660
20212,A,골목상권,3110662,까치산역 1번,12580,6012,6568,1535,1934,2078,2051,1874,3108,758,936,1087,1034,847,1350,777,998,991,1017,1027,1758,5837,0,5837
20212,A,골목상권,3110663,우장산롯데캐슬아파트앞,1499,735,764,177,228,243,236,275,340,90,124,115,119,130,157,87,104,128,117,145,183,642,0,642
20212,A,골목상권,3110664,강서구청옆,524,263,261,79,64,99,96,65,121,45,34,52,55,26,51,34,30,47,41,39,70,240,0,240
20212,A,골목상권,3110665,곰달래도서관,5173,2531,2642,577,667,825,815,777,1512,288,345,439,413,366,680,289,322,386,402,411,832,2504,0,2504
20212,A,골목상권,3110666,KC대학교,1817,938,879,209,235,268,263,313,529,112,132,154,142,165,233,97,103,114,121,148,296,861,0,861
20212,A,골목상권,3110667,가양역 10번,640,283,357,55,88,124,81,74,218,23,36,57,40,42,85,32,52,67,41,32,133,380,0,380
20212,A,골목상권,3110668,화곡2동주민센터,8784,4211,4573,1346,1222,1419,1524,1334,1939,681,598,733,757,595,847,665,624,686,767,739,1092,3863,0,3863
20212,A,골목상권,3110669,화곡보람2차아파트,786,365,421,109,163,141,132,115,126,54,76,65,66,51,53,55,87,76,66,64,73,371,0,371
20212,A,골목상권,3110670,신곡초등학교,7458,3647,3811,1131,1055,1106,1264,1246,1656,555,548,571,646,605,722,576,507,535,618,641,934,3183,0,3183
20212,A,골목상권,3110671,등촌1동주민센터,7501,3677,3824,968,1416,1790,1079,943,1305,553,619,921,536,467,581,415,797,869,543,476,724,3888,0,3888
20212,A,골목상권,3110672,백석중학교,3381,1662,1719,509,534,536,530,540,732,272,269,277,267,255,322,237,265,259,263,285,410,1424,0,1424
20212,A,골목상권,3110673,뜸부기어린이공원,4156,2076,2080,356,582,729,564,676,1249,182,320,409,293,325,547,174,262,320,271,351,702,2099,0,2099
20212,A,골목상권,3110674,강서구청가양동별관,161,77,84,13,15,24,27,42,40,4,9,13,15,18,18,9,6,11,12,24,22,124,0,124
20212,A,골목상권,3110675,화곡4동주민센터,7710,3731,3979,948,1166,1355,1172,1217,1852,495,563,697,614,564,798,453,603,658,558,653,1054,3535,0,3535
20212,A,골목상권,3110676,등촌역 7번,3305,1564,1741,398,618,677,496,499,617,211,282,330,240,230,271,187,336,347,256,269,346,1562,0,1562
20212,A,골목상권,3110677,등촌역 1번,1606,739,867,169,355,459,226,180,217,84,139,219,111,89,97,85,216,240,115,91,120,889,0,889
20212,A,골목상권,3110678,염창무학아파트,1231,596,635,172,226,328,180,133,192,87,96,170,88,56,99,85,130,158,92,77,93,610,0,610
20212,A,골목상권,3110679,염창역 2번,979,437,542,72,258,293,137,93,126,35,84,131,75,49,63,37,174,162,62,44,63,667,0,667
20212,A,골목상권,3110680,온수역 5번(온수산업단지),1748,845,903,213,196,281,305,243,510,125,92,134,156,111,227,88,104,147,149,132,283,761,0,761
20212,A,골목상권,3110681,온수역 1번,170,98,72,18,22,39,18,25,48,15,13,19,12,13,26,3,9,20,6,12,22,84,0,84
20212,A,골목상권,3110682,온수역 8번,1048,508,540,141,145,141,179,143,299,79,79,69,86,63,132,62,66,72,93,80,167,433,0,433
20212,A,골목상권,3110683,오류고등학교,1694,833,861,289,240,228,241,307,389,146,129,114,126,144,174,143,111,114,115,163,215,646,0,646
20212,A,골목상권,3110684,서울공연예술고등학교,1389,675,714,172,198,187,230,240,362,87,113,96,106,107,166,85,85,91,124,133,196,602,0,602
20212,A,골목상권,3110764,문래역 3번,83,43,40,2,35,23,7,11,5,1,16,15,2,7,2,1,19,8,5,4,3,68,0,68
20212,A,골목상권,3110685,금강수목원아파트,200,93,107,29,31,30,24,39,47,13,15,12,12,20,21,16,16,18,12,19,26,82,0,82
20212,A,골목상권,3110686,수궁동주민센터,4521,2180,2341,596,611,597,716,769,1232,298,310,312,345,368,547,298,301,285,371,401,685,2114,0,2114
20212,A,골목상권,3110687,"천왕역 3번(오류2동주민센터, 서울오류남초등학교)",542,248,294,59,65,52,87,89,190,27,27,30,41,42,81,32,38,22,46,47,109,244,0,244
20212,A,골목상권,3110688,오류지구대,2781,1363,1418,343,405,409,414,466,744,184,193,210,215,218,343,159,212,199,199,248,401,1254,0,1254
20212,A,골목상권,3110689,오류동역 3번,3158,1607,1551,339,487,415,428,538,951,171,238,226,224,293,455,168,249,189,204,245,496,1637,0,1637
20212,A,골목상권,3110690,오류2동버들시장,4903,2427,2476,599,595,675,742,773,1519,331,301,363,408,382,642,268,294,312,334,391,877,2555,0,2555
20212,A,골목상권,3110691,개봉중학교,2937,1486,1451,377,395,342,445,533,845,190,215,188,226,275,392,187,180,154,219,258,453,1362,0,1362
20212,A,골목상권,3110692,큰굴다리,2116,1104,1012,243,316,279,292,346,640,127,162,160,152,176,327,116,154,119,140,170,313,1025,0,1025
20212,A,골목상권,3110693,오류동역 4번,719,396,323,21,229,178,121,81,89,13,107,102,66,59,49,8,122,76,55,22,40,599,0,599
20212,A,골목상권,3110694,세곡초등학교,6947,3467,3480,799,967,835,1017,1261,2068,404,532,430,507,626,968,395,435,405,510,635,1100,3369,0,3369
20212,A,골목상권,3110695,개봉1동주민센터,5545,2838,2707,512,696,613,744,1039,1941,263,354,343,411,555,912,249,342,270,333,484,1029,2950,0,2950
20212,A,골목상권,3110696,오류동역 1번,3491,1771,1720,372,482,474,489,632,1042,192,268,258,256,313,484,180,214,216,233,319,558,1590,0,1590
20212,A,골목상권,3110697,개봉3동주민센터,2994,1499,1495,378,440,391,472,541,772,193,230,203,262,269,342,185,210,188,210,272,430,1313,0,1313
20212,A,골목상권,3110698,개웅초등학교(개웅중학교),6704,3253,3451,817,930,831,1036,1200,1890,411,480,426,521,559,856,406,450,405,515,641,1034,2850,0,2850
20212,A,골목상권,3110699,덕의초등학교,1608,802,806,206,214,186,258,286,458,111,122,97,130,139,203,95,92,89,128,147,255,759,0,759
20212,A,골목상권,3110700,고척초등학교,3399,1727,1672,455,448,433,535,588,940,230,237,254,279,301,426,225,211,179,256,287,514,1605,0,1605
20212,A,골목상권,3110701,고척동성당,1217,551,666,159,210,192,160,187,309,72,88,89,79,82,141,87,122,103,81,105,168,570,0,570
20212,A,골목상권,3110702,개봉초등학교,2513,1202,1311,339,285,411,362,407,709,175,146,217,165,189,310,164,139,194,197,218,399,1101,0,1101
20212,A,골목상권,3110703,개봉역,2006,993,1013,219,252,390,322,291,532,102,118,202,169,150,252,117,134,188,153,141,280,966,0,966
20212,A,골목상권,3110704,고척중학교,94,68,26,2,40,21,14,10,7,2,26,16,9,9,6,0,14,5,5,1,1,87,0,87
20212,A,골목상권,3110705,고산초등학교,565,281,284,87,131,99,99,76,73,51,68,48,55,26,33,36,63,51,44,50,40,287,0,287
20212,A,골목상권,3110706,그라운드 고척,697,364,333,64,109,89,128,90,217,33,55,47,74,56,99,31,54,42,54,34,118,408,0,408
20212,A,골목상권,3110707,구로창업지원센터,2099,1112,987,230,280,242,299,358,690,107,156,143,174,196,336,123,124,99,125,162,354,1038,0,1038
20212,A,골목상권,3110708,화원어린이공원,1295,677,618,121,206,171,208,228,361,70,104,95,129,122,157,51,102,76,79,106,204,765,0,765
20212,A,골목상권,3110709,구로119안전센터,2634,1347,1287,225,329,327,341,548,864,109,171,178,201,285,403,116,158,149,140,263,461,1413,0,1413
20212,A,골목상권,3110710,남구로역 3번,5266,2723,2543,372,723,535,666,1057,1913,208,401,322,359,550,883,164,322,213,307,507,1030,3012,0,3012
20212,A,골목상권,3110711,구로초등학교,3893,1922,1971,396,516,439,558,712,1272,184,261,237,285,399,556,212,255,202,273,313,716,2056,0,2056
20212,A,골목상권,3110712,남구로역 5번,5072,2530,2542,493,624,511,736,986,1722,252,393,287,362,491,745,241,231,224,374,495,977,2382,0,2382
20212,A,골목상권,3110713,구로보건소,7091,3499,3592,759,1080,1119,951,1222,1960,349,535,579,482,631,923,410,545,540,469,591,1037,3672,0,3672
20212,A,골목상권,3110714,구로4동주민센터,4147,2075,2072,404,446,398,594,813,1492,209,236,222,302,422,684,195,210,176,292,391,808,2250,0,2250
20212,A,골목상권,3110715,구로구민회관,867,453,414,78,90,83,130,157,329,40,52,42,77,95,147,38,38,41,53,62,182,460,0,460
20212,A,골목상권,3110716,구로나눔길,823,391,432,91,93,101,117,158,263,45,43,49,53,94,107,46,50,52,64,64,156,434,0,434
20212,A,골목상권,3110717,남구로역 2번,7311,3740,3571,574,860,769,1048,1456,2604,302,448,404,586,822,1178,272,412,365,462,634,1426,4187,0,4187
20212,A,골목상권,3110718,한국SGI본부,2665,1232,1433,162,853,599,281,308,462,86,297,313,144,168,224,76,556,286,137,140,238,1911,0,1911
20212,A,골목상권,3110719,영서중학교,551,256,295,79,62,66,84,85,175,39,28,34,40,41,74,40,34,32,44,44,101,227,0,227
20212,A,골목상권,3110720,대림역 2번,2265,1094,1171,194,247,256,303,441,824,104,119,141,146,206,378,90,128,115,157,235,446,1199,0,1199
20212,A,골목상권,3110721,가리봉파출소,2548,1332,1216,152,535,514,346,442,559,83,270,288,190,233,268,69,265,226,156,209,291,1654,0,1654
20212,A,골목상권,3110722,G타워,3828,2250,1578,75,1391,1333,479,252,298,44,701,862,316,167,160,31,690,471,163,85,138,3378,0,3378
20212,A,골목상권,3110723,가산디지털단지역 1번 출입구,816,430,386,47,167,116,108,139,239,21,88,66,60,83,112,26,79,50,48,56,127,540,0,540
20212,A,골목상권,3110724,금천구립가산도서관,2946,1774,1172,147,771,814,368,382,464,66,438,553,238,232,247,81,333,261,130,150,217,2068,0,2068
20212,A,골목상권,3110725,가산동주민센터,1908,1045,863,27,767,462,220,241,191,12,317,288,143,174,111,15,450,174,77,67,80,1752,0,1752
20212,A,골목상권,3110726,금천철쭉어린이공원(금하마을),1686,867,819,176,259,186,251,332,482,91,131,118,130,173,224,85,128,68,121,159,258,884,0,884
20212,A,골목상권,3110727,독산역 1번 출입구,1229,660,569,97,323,294,156,142,217,49,141,179,96,76,119,48,182,115,60,66,98,771,0,771
20212,A,골목상권,3110728,두산초등학교,1546,848,698,98,495,372,203,174,204,48,228,236,127,108,101,50,267,136,76,66,103,1123,0,1123
20212,A,골목상권,3110729,가산동우체국,2913,1707,1206,101,934,685,341,358,494,51,462,444,233,241,276,50,472,241,108,117,218,2268,0,2268
20212,A,골목상권,3110730,서울축산농협 독산역지점(독산파출소),2867,1548,1319,234,590,707,392,402,542,119,298,418,226,217,270,115,292,289,166,185,272,1728,0,1728
20212,A,골목상권,3110731,금천구청역 1번 출입구,1017,517,500,73,241,203,146,138,216,36,100,115,84,73,109,37,141,88,62,65,107,662,0,662
20212,A,골목상권,3110732,가산초등학교(세일중학교),2840,1518,1322,178,776,610,310,399,567,85,363,366,182,230,292,93,413,244,128,169,275,1961,0,1961
20212,A,골목상권,3110733,금천어울림복지센터,445,193,252,25,120,138,44,36,82,10,43,67,18,18,37,15,77,71,26,18,45,309,0,309
20212,A,골목상권,3110734,금천파출소,347,184,163,21,50,56,43,62,115,8,21,35,30,43,47,13,29,21,13,19,68,210,0,210
20212,A,골목상권,3110735,말미고개,5369,2731,2638,641,871,824,709,952,1372,336,445,453,367,483,647,305,426,371,342,469,725,2688,0,2688
20212,A,골목상권,3110736,독산119안전센터,4727,2350,2377,515,679,691,645,950,1247,258,308,380,339,473,592,257,371,311,306,477,655,2240,0,2240
20212,A,골목상권,3110737,금천세무서,2720,1425,1295,252,487,456,347,470,708,140,267,255,181,233,349,112,220,201,166,237,359,1467,0,1467
20212,A,골목상권,3110738,문성초등학교,3498,1770,1728,292,464,433,474,711,1124,147,229,249,240,397,508,145,235,184,234,314,616,2045,0,2045
20212,A,골목상권,3110739,시흥3동 우편취급국,320,165,155,31,58,28,46,71,86,17,28,15,22,39,44,14,30,13,24,32,42,129,0,129
20212,A,골목상권,3110740,금천해태공원,5321,2680,2641,515,825,615,721,1038,1607,269,425,350,377,507,752,246,400,265,344,531,855,2696,0,2696
20212,A,골목상권,3110741,독산2동주민센터,3680,1858,1822,389,562,502,525,722,980,204,293,271,250,375,465,185,269,231,275,347,515,1857,0,1857
20212,A,골목상권,3110742,KT금천빌딩(금천구시설관리공단),213,115,98,15,31,33,27,44,63,10,16,19,14,23,33,5,15,14,13,21,30,125,0,125
20212,A,골목상권,3110743,시흥초등학교(시흥1동우체국),4293,2157,2136,493,566,495,606,836,1297,254,308,268,318,417,592,239,258,227,288,419,705,2100,0,2100
20212,A,골목상권,3110744,독산동성당,8260,4130,4130,831,1135,983,1116,1753,2442,406,595,546,544,901,1138,425,540,437,572,852,1304,4148,0,4148
20212,A,골목상권,3110745,독산동정훈단지,2946,1485,1461,304,437,338,417,646,804,154,225,194,213,336,363,150,212,144,204,310,441,1509,0,1509
20212,A,골목상권,3110746,금천금빛공원(은행나무사거리서측),1702,825,877,156,317,224,216,303,486,81,150,122,106,139,227,75,167,102,110,164,259,882,0,882
20212,A,골목상권,3110747,석수역 1번 출입구,1006,498,508,81,130,134,129,176,356,35,71,71,69,87,165,46,59,63,60,89,191,442,0,442
20212,A,골목상권,3110748,백산초등학교,1914,979,935,202,269,224,291,351,577,107,144,125,153,184,266,95,125,99,138,167,311,978,0,978
20212,A,골목상권,3110749,금산초등학교(금천고등학교),4810,2405,2405,607,611,628,712,823,1429,312,324,333,369,404,663,295,287,295,343,419,766,2009,0,2009
20212,A,골목상권,3110750,시흥4동주민센터(서울신흥초등학교),4694,2332,2362,496,537,554,653,919,1535,235,273,295,351,460,718,261,264,259,302,459,817,2417,0,2417
20212,A,골목상권,3110751,난곡중학교,5590,2805,2785,496,898,735,756,1133,1572,261,449,402,406,560,727,235,449,333,350,573,845,2857,0,2857
20212,A,골목상권,3110752,한울중학교,6433,3165,3268,817,857,923,893,1195,1748,443,442,477,434,558,811,374,415,446,459,637,937,2845,0,2845
20212,A,골목상권,3110753,시흥동 은행나무사거리,7026,3515,3511,785,927,789,1013,1320,2192,401,500,434,519,667,994,384,427,355,494,653,1198,3427,0,3427
20212,A,골목상권,3110754,삼성산자연공원(서울금천초등학교),5343,2632,2711,606,720,686,777,1038,1516,301,382,357,397,524,671,305,338,329,380,514,845,2625,0,2625
20212,A,골목상권,3110755,동일여자고등학교,1401,705,696,172,173,133,215,243,465,91,87,76,115,133,203,81,86,57,100,110,262,643,0,643
20212,A,골목상권,3110756,문래중학교,2569,1239,1330,353,452,823,489,225,227,184,181,410,254,105,105,169,271,413,235,120,122,1406,0,1406
20212,A,골목상권,3110757,양평역 2번,2162,1136,1026,125,531,660,302,270,274,70,228,372,171,170,125,55,303,288,131,100,149,1565,0,1565
20212,A,골목상권,3110758,문래소공원,1450,678,772,249,213,449,255,135,149,123,82,216,128,62,67,126,131,233,127,73,82,686,0,686
20212,A,골목상권,3110759,문래예술촌(문래창작촌),1245,671,574,156,162,261,208,141,317,76,85,137,134,88,151,80,77,124,74,53,166,744,0,744
20212,A,골목상권,3110760,선유도역 6번,1108,566,542,116,212,309,164,106,201,48,97,173,92,62,94,68,115,136,72,44,107,600,0,600
20212,A,골목상권,3110761,문래동남성맨션,22,13,9,1,1,1,1,4,14,1,0,1,0,2,9,0,1,0,1,2,5,14,0,14
20212,A,골목상권,3110762,선유도역 1번,11098,5486,5612,1285,2133,3005,1509,1360,1806,673,930,1572,768,709,834,612,1203,1433,741,651,972,5787,0,5787
20212,A,골목상권,3110763,영등포구청역 2번,1266,627,639,131,251,282,165,178,259,77,103,146,86,87,128,54,148,136,79,91,131,702,0,702
20212,A,골목상권,3110765,문래동사거리,116,61,55,7,7,14,18,14,56,2,5,8,14,9,23,5,2,6,4,5,33,58,0,58
20212,A,골목상권,3110766,대림역 5번,2307,1143,1164,204,295,259,326,472,751,114,151,139,180,237,322,90,144,120,146,235,429,1295,0,1295
20212,A,골목상권,3110767,도림동주민센터,891,462,429,51,103,131,127,169,310,28,55,72,78,85,144,23,48,59,49,84,166,623,0,623
20212,A,골목상권,3110768,도림2동유수지내체육시설,1300,638,662,68,316,381,192,149,194,41,120,196,100,83,98,27,196,185,92,66,96,873,0,873
20212,A,골목상권,3110769,대림차이나타운(대림역 12번),673,328,345,63,59,73,100,110,268,35,39,37,44,64,109,28,20,36,56,46,159,397,0,397
20212,A,골목상권,3110770,영등포구청역 6번,1935,974,961,126,417,375,228,292,497,58,198,213,119,168,218,68,219,162,109,124,279,1223,0,1223
20212,A,골목상권,3110771,대림역 11번,693,339,354,42,60,61,116,133,281,20,35,30,60,75,119,22,25,31,56,58,162,476,0,476
20212,A,골목상권,3110772,신우어린이공원,1225,627,598,156,166,160,204,219,320,82,86,93,99,116,151,74,80,67,105,103,169,568,0,568
20212,A,골목상권,3110773,당산역 13번,151,80,71,11,36,35,27,20,22,3,23,18,15,12,9,8,13,17,12,8,13,111,0,111
20212,A,골목상권,3110774,당산반도유보라팰리스아파트,1317,623,694,91,414,376,154,118,164,43,165,202,78,58,77,48,249,174,76,60,87,935,0,935
20212,A,골목상권,3110775,대동초등학교,768,384,384,69,92,70,89,174,274,40,49,44,47,84,120,29,43,26,42,90,154,402,0,402
20212,A,골목상권,3110776,도신초등학교,3337,1712,1625,383,495,347,452,681,979,191,271,197,226,359,468,192,224,150,226,322,511,1527,0,1527
20212,A,골목상권,3110777,구로세무서,124,92,32,1,4,6,14,29,70,1,3,3,14,25,46,0,1,3,0,4,24,110,0,110
20212,A,골목상권,3110778,구로디지털단지역 4번,4030,2009,2021,316,668,458,487,731,1370,157,364,265,252,354,617,159,304,193,235,377,753,2361,0,2361
20212,A,골목상권,3110779,대림갑을명가아파트,293,149,144,17,44,33,41,50,108,8,25,17,22,28,49,9,19,16,19,22,59,171,0,171
20212,A,골목상권,3110780,신길대성유니드아파트,3240,1649,1591,403,396,345,533,589,974,228,206,199,277,303,436,175,190,146,256,286,538,1539,0,1539
20212,A,골목상권,3110781,대림한신아파트,3339,1643,1696,325,506,334,432,646,1096,163,255,194,219,321,491,162,251,140,213,325,605,1609,0,1609
20212,A,골목상권,3110782,영등포시장역 4번,763,381,382,37,242,222,79,75,108,22,98,125,45,42,49,15,144,97,34,33,59,565,0,565
20212,A,골목상권,3110783,영등포시장역 1번,772,414,358,92,115,99,98,127,241,48,52,56,57,73,128,44,63,43,41,54,113,430,0,430
20212,A,골목상권,3110784,신대림초등학교,998,493,505,93,155,109,136,159,346,51,77,56,80,78,151,42,78,53,56,81,195,558,0,558
20212,A,골목상권,3110785,영등포푸르지오아파트,3399,1751,1648,341,447,414,508,636,1053,188,245,228,265,341,484,153,202,186,243,295,569,1778,0,1778
20212,A,골목상권,3110786,당산역 8번,2158,1090,1068,135,543,529,242,285,424,62,261,291,124,152,200,73,282,238,118,133,224,1368,0,1368
20212,A,골목상권,3110787,신길3동주민센터,3238,1630,1608,289,424,353,421,667,1084,148,218,206,230,353,475,141,206,147,191,314,609,1757,0,1757
20212,A,골목상권,3110788,영등포시장역 3번,345,191,154,40,27,58,44,52,124,25,18,36,29,33,50,15,9,22,15,19,74,170,0,170
20212,A,골목상권,3110789,대림성모병원,1685,820,865,154,274,223,236,276,522,83,121,126,112,146,232,71,153,97,124,130,290,977,0,977
20212,A,골목상권,3110790,대림1동주민센터,3364,1678,1686,249,504,389,443,633,1146,138,265,232,237,312,494,111,239,157,206,321,652,1933,0,1933
20212,A,골목상권,3110791,신풍역 3번,223,108,115,40,20,46,33,30,54,20,11,21,16,15,25,20,9,25,17,15,29,95,0,95
20212,A,골목상권,3110792,영등포역 2번,3798,1928,1870,307,555,544,480,684,1228,155,297,297,254,345,580,152,258,247,226,339,648,2228,0,2228
20212,A,골목상권,3110793,대림썬프라자,1,1,0,0,0,0,0,0,1,0,0,0,0,0,1,0,0,0,0,0,0,1,0,1
20212,A,골목상권,3110794,영동초등학교,3386,1545,1841,160,1324,1125,333,193,251,91,484,551,177,112,130,69,840,574,156,81,121,2698,0,2698
20212,A,골목상권,3110795,도림초등학교,1916,960,956,201,276,272,252,295,620,108,143,151,139,147,272,93,133,121,113,148,348,1053,0,1053
20212,A,골목상권,3110796,한림대학교한강성심병원,1264,681,583,69,352,460,142,105,136,34,163,258,78,68,80,35,189,202,64,37,56,945,0,945
20212,A,골목상권,3110797,KT대방빌딩,193,95,98,10,19,27,24,24,89,3,13,14,10,17,38,7,6,13,14,7,51,110,0,110
20212,A,골목상권,3110798,신풍역 2번,567,295,272,63,86,86,72,89,171,38,50,46,33,45,83,25,36,40,39,44,88,265,0,265
20212,A,골목상권,3110799,영등포본동주민센터,633,322,311,34,121,103,69,123,183,17,70,64,34,53,84,17,51,39,35,70,99,348,0,348
20212,A,골목상권,3110800,영등포동성당,838,509,329,19,273,316,80,58,92,6,151,214,57,34,47,13,122,102,23,24,45,680,0,680
20212,A,골목상권,3110801,신풍역 6번(신길6동공영주차장),208,107,101,23,21,21,26,39,78,13,11,10,17,21,35,10,10,11,9,18,43,108,0,108
20212,A,골목상권,3110802,신길동홍어거리,1327,672,655,123,215,181,155,252,401,65,124,108,78,123,174,58,91,73,77,129,227,742,0,742
20212,A,골목상권,3110803,신길2동우편취급국,2760,1429,1331,239,301,349,379,489,1003,129,165,184,213,267,471,110,136,165,166,222,532,1531,0,1531
20212,A,골목상권,3110804,신풍역 1번,2297,1079,1218,158,376,307,315,387,754,73,165,167,151,198,325,85,211,140,164,189,429,1383,0,1383
20212,A,골목상권,3110805,신길새마을금고신길4동지점,768,385,383,42,184,148,107,89,198,19,82,81,61,51,91,23,102,67,46,38,107,494,0,494
20212,A,골목상권,3110806,서울시립영등포장애인복지관,48,48,0,0,1,6,14,22,5,0,1,6,14,22,5,0,0,0,0,0,0,48,0,48
20212,A,골목상권,3110807,신길역 3번,2234,1178,1056,39,1104,717,191,97,86,25,489,433,126,63,42,14,615,284,65,34,44,1993,0,1993
20212,A,골목상권,3110808,신길역 1번,624,335,289,36,115,124,87,102,160,17,68,71,50,53,76,19,47,53,37,49,84,395,0,395
20212,A,골목상권,3110809,장훈고등학교,711,353,358,72,107,85,101,131,215,32,52,52,49,69,99,40,55,33,52,62,116,379,0,379
20212,A,골목상권,3110810,영신초등학교,3407,1680,1727,309,549,481,456,538,1074,157,267,277,243,261,475,152,282,204,213,277,599,1892,0,1892
20212,A,골목상권,3110811,보라매역 4번,1664,815,849,138,347,296,228,222,433,77,160,140,126,117,195,61,187,156,102,105,238,971,0,971
20212,A,골목상권,3110812,신길6동주민센터,1434,666,768,89,353,271,186,206,329,48,154,128,94,94,148,41,199,143,92,112,181,932,0,932
20212,A,골목상권,3110813,보라매역 6번,2594,1281,1313,317,551,454,347,362,563,171,236,229,189,188,268,146,315,225,158,174,295,1397,0,1397
20212,A,골목상권,3110814,서울지방병무청,3440,1751,1689,348,617,510,515,559,891,185,332,270,287,277,400,163,285,240,228,282,491,1846,0,1846
20212,A,골목상권,3110815,공군호텔,4944,2547,2397,327,1192,910,655,701,1159,160,562,531,371,395,528,167,630,379,284,306,631,3342,0,3342
20212,A,골목상권,3110816,대방역 6번,1790,932,858,107,321,335,258,274,495,52,167,202,137,153,221,55,154,133,121,121,274,1108,0,1108
20212,A,골목상권,3110817,대방역 4번,880,495,385,28,340,222,79,79,132,14,176,141,50,46,68,14,164,81,29,33,64,704,0,704
20212,A,골목상권,3110818,신대방역 3번,813,426,387,52,200,159,102,106,194,22,92,101,59,55,97,30,108,58,43,51,97,551,0,551
20212,A,골목상권,3110819,신대방역 4번,5265,2541,2724,522,940,795,741,878,1389,265,459,400,355,461,601,257,481,395,386,417,788,3065,0,3065
20212,A,골목상권,3110820,성남고등학교,4096,2066,2030,710,768,663,746,571,638,385,393,335,384,297,272,325,375,328,362,274,366,1995,0,1995
20212,A,골목상권,3110821,보라매역 2번,6050,2935,3115,714,1093,1048,937,902,1356,378,537,535,461,429,595,336,556,513,476,473,761,3036,0,3036
20212,A,골목상권,3110822,신대방삼거리역 4번(대림초등학교),5038,2417,2621,725,1036,795,801,747,934,380,506,374,389,362,406,345,530,421,412,385,528,2442,0,2442
20212,A,골목상권,3110823,신대방삼거리역 3번,3577,1670,1907,337,938,663,473,454,712,185,355,341,241,218,330,152,583,322,232,236,382,2045,0,2045
20212,A,골목상권,3110824,대방역 3번,631,306,325,84,159,123,113,71,81,39,73,66,56,35,37,45,86,57,57,36,44,391,0,391
20212,A,골목상권,3110825,신대방삼거리역 1번,9016,4292,4724,969,1841,1716,1217,1189,2084,494,816,880,617,576,909,475,1025,836,600,613,1175,4854,0,4854
20212,A,골목상권,3110826,장승배기역 4번,4283,2053,2230,311,1009,904,532,569,958,142,451,486,288,271,415,169,558,418,244,298,543,2612,0,2612
20212,A,골목상권,3110827,NH농협은행 상도동지점,2391,1140,1251,188,503,419,317,362,602,90,226,211,166,185,262,98,277,208,151,177,340,1436,0,1436
20212,A,골목상권,3110828,노량진역 6번,7081,3628,3453,470,1331,1082,886,1215,2097,244,702,634,497,628,923,226,629,448,389,587,1174,4212,0,4212
20212,A,골목상권,3110829,장승배기역 5번,3007,1526,1481,234,414,394,371,588,1006,123,230,231,191,299,452,111,184,163,180,289,554,1658,0,1658
20212,A,골목상권,3110830,상도초등학교,4133,2032,2101,484,594,651,609,629,1166,256,289,358,324,292,513,228,305,293,285,337,653,2109,0,2109
20212,A,골목상권,3110831,상도4동주민센터,2692,1297,1395,359,466,538,403,374,552,202,209,268,201,183,234,157,257,270,202,191,318,1294,0,1294
20212,A,골목상권,3110832,노량진초등학교,3280,1690,1590,228,657,493,421,475,1006,119,365,290,234,248,434,109,292,203,187,227,572,2081,0,2081
20212,A,골목상권,3110833,상도역 2번,2327,1123,1204,370,431,426,367,291,442,192,207,207,187,141,189,178,224,219,180,150,253,1121,0,1121
20212,A,골목상권,3110834,동작구자원봉사센터,1155,629,526,93,320,240,127,144,231,51,166,162,73,69,108,42,154,78,54,75,123,705,0,705
20212,A,골목상권,3110835,상도역 1번,1194,550,644,107,321,225,124,134,283,51,144,108,59,64,124,56,177,117,65,70,159,697,0,697
20212,A,골목상권,3110836,상도역 5번,9098,4469,4629,999,3070,1232,1073,983,1741,479,1604,655,535,440,756,520,1466,577,538,543,985,5244,0,5244
20212,A,골목상권,3110837,숭실대입구역 1번,4197,2006,2191,384,1330,665,459,511,848,198,631,337,224,237,379,186,699,328,235,274,469,2434,0,2434
20212,A,골목상권,3110838,상도1동주민센터앞,117,65,52,5,33,20,11,15,33,3,18,11,8,8,17,2,15,9,3,7,16,74,0,74
20212,A,골목상권,3110839,숭실대입구역 4번,1914,981,933,147,695,277,188,227,380,84,365,158,93,102,179,63,330,119,95,125,201,1183,0,1183
20212,A,골목상권,3110840,중앙대학교,2244,1118,1126,189,795,278,248,264,470,92,412,168,121,118,207,97,383,110,127,146,263,1415,0,1415
20212,A,골목상권,3110841,중대부중,2042,993,1049,160,310,239,309,355,669,84,167,126,171,177,268,76,143,113,138,178,401,1081,0,1081
20212,A,골목상권,3110842,흑리단길,511,237,274,50,85,59,60,91,166,26,37,28,30,49,67,24,48,31,30,42,99,287,0,287
20212,A,골목상권,3110843,사당5동주민센터,1683,792,891,185,302,295,278,223,400,106,136,137,142,103,168,79,166,158,136,120,232,966,0,966
20212,A,골목상권,3110844,흑석2치안센터,833,408,425,69,119,101,104,161,279,39,66,55,55,75,118,30,53,46,49,86,161,410,0,410
20212,A,골목상권,3110845,사당종합체육관,1643,802,841,214,238,223,257,273,438,123,119,119,131,131,179,91,119,104,126,142,259,722,0,722
20212,A,골목상권,3110846,남성역 1번,8998,4253,4745,823,1752,1569,1283,1244,2327,423,778,796,662,591,1003,400,974,773,621,653,1324,4850,0,4850
20212,A,골목상권,3110847,예술인마을,4610,2187,2423,408,824,920,611,709,1138,210,386,478,283,305,525,198,438,442,328,404,613,2213,0,2213
20212,A,골목상권,3110848,양지어린이공원,4871,2347,2524,425,997,925,679,684,1161,203,454,498,359,318,515,222,543,427,320,366,646,2701,0,2701
20212,A,골목상권,3110849,이수역 10번,3100,1528,1572,242,622,546,412,478,800,128,268,279,228,248,377,114,354,267,184,230,423,1849,0,1849
20212,A,골목상권,3110850,사당역 10번,8232,3880,4352,524,2114,1722,1007,989,1876,283,883,897,534,438,845,241,1231,825,473,551,1031,5113,0,5113
20212,A,골목상권,3110851,경문고등학교(동작동성당),3582,1731,1851,336,514,514,490,597,1131,193,262,278,231,286,481,143,252,236,259,311,650,1778,0,1778
20212,A,골목상권,3110852,이수역 9번,1902,903,999,130,385,352,258,268,509,75,165,170,137,126,230,55,220,182,121,142,279,1198,0,1198
20212,A,골목상권,3110853,KT구로지사,2369,1254,1115,135,629,593,269,285,458,64,283,378,151,151,227,71,346,215,118,134,231,1645,0,1645
20212,A,골목상권,3110854,조원동주민센터,2185,1104,1081,212,427,344,317,339,546,119,205,192,148,175,265,93,222,152,169,164,281,1233,0,1233
20212,A,골목상권,3110855,신대방역 2번,4616,2270,2346,326,1380,988,556,525,841,161,592,510,309,289,409,165,788,478,247,236,432,3109,0,3109
20212,A,골목상권,3110856,미성초등학교,4246,2043,2203,469,770,795,606,629,977,226,342,413,344,297,421,243,428,382,262,332,556,2252,0,2252
20212,A,골목상권,3110857,미성동주민센터,5006,2462,2544,646,721,629,778,878,1354,333,359,331,375,437,627,313,362,298,403,441,727,2338,0,2338
20212,A,골목상권,3110858,신대방역 1번,844,420,424,55,260,168,100,90,171,27,120,89,51,49,84,28,140,79,49,41,87,586,0,586
20212,A,골목상권,3110859,난향초등학교,2852,1497,1355,329,364,314,452,474,919,157,207,186,249,263,435,172,157,128,203,211,484,1407,0,1407
20212,A,골목상권,3110860,호림박물관(성보고등학교),2357,1146,1211,190,682,425,312,327,421,97,307,233,161,162,186,93,375,192,151,165,235,1478,0,1478
20212,A,골목상권,3110861,관악구신사동주민센터,7107,3587,3520,631,1750,1213,961,1118,1434,341,869,682,488,548,659,290,881,531,473,570,775,4152,0,4152
20212,A,골목상권,3110862,난곡초등학교(난곡동벽화마을),2335,1157,1178,239,374,347,311,404,660,101,201,200,160,196,299,138,173,147,151,208,361,1181,0,1181
20212,A,골목상권,3110863,난우초등학교,4002,1985,2017,532,594,479,616,689,1092,261,310,247,319,342,506,271,284,232,297,347,586,1873,0,1873
20212,A,골목상권,3110864,신림우방아파트,5054,2528,2526,465,1324,862,677,667,1059,250,610,503,343,332,490,215,714,359,334,335,569,3022,0,3022
20212,A,골목상권,3110865,남강고등학교(남강중학교),8794,4369,4425,1073,1331,1158,1295,1627,2310,580,664,623,668,791,1043,493,667,535,627,836,1267,4205,0,4205
20212,A,골목상권,3110866,난우중학교,5033,2551,2482,528,735,669,732,866,1503,272,388,375,401,421,694,256,347,294,331,445,809,2473,0,2473
20212,A,골목상권,3110867,국제신학대학원대학교(남서울중학교),3553,1786,1767,229,1040,701,395,419,769,103,507,408,214,213,341,126,533,293,181,206,428,2280,0,2280
20212,A,골목상권,3110868,남부초등학교,3126,1560,1566,257,772,550,399,464,684,138,367,307,208,226,314,119,405,243,191,238,370,1864,0,1864
20212,A,골목상권,3110869,"신림역 5번(신림동주민센터, 신림동별빛거리)",11244,5800,5444,441,4403,2831,1283,889,1397,215,2161,1635,706,471,612,226,2242,1196,577,418,785,8805,0,8805
20212,A,골목상권,3110870,신림주공2단지(광신고등학교),2041,1013,1028,183,206,201,315,369,767,100,113,119,170,181,330,83,93,82,145,188,437,934,0,934
20212,A,골목상권,3110871,신원동주민센터,2357,1169,1188,161,550,391,276,320,659,86,275,213,151,160,284,75,275,178,125,160,375,1512,0,1512
20212,A,골목상권,3110872,신림초등학교,2608,1298,1310,247,597,425,380,358,601,124,318,239,192,174,251,123,279,186,188,184,350,1495,0,1495
20212,A,골목상권,3110873,당곡중학교,4600,2271,2329,475,920,682,656,622,1245,256,436,377,318,310,574,219,484,305,338,312,671,2473,0,2473
20212,A,골목상권,3110874,원신초등학교(구세군관악영문교회),2944,1477,1467,176,305,314,374,522,1253,100,155,186,222,283,531,76,150,128,152,239,722,1765,0,1765
20212,A,골목상권,3110875,보라매동주민센터(당곡고등학교),3122,1530,1592,295,659,575,457,413,723,140,330,318,237,188,317,155,329,257,220,225,406,1751,0,1751
20212,A,골목상권,3110876,서원동주민센터(신관중학교),2715,1460,1255,147,835,563,372,290,508,78,450,341,210,153,228,69,385,222,162,137,280,1925,0,1925
20212,A,골목상권,3110877,신림역 8번,3562,1881,1681,107,1367,945,377,288,478,60,660,543,220,169,229,47,707,402,157,119,249,2898,0,2898
20212,A,골목상권,3110878,미림여고,1788,931,857,218,234,239,267,296,534,116,140,137,140,137,261,102,94,102,127,159,273,790,0,790
20212,A,골목상권,3110879,신림현대아파트,1624,860,764,86,258,227,235,276,542,40,138,142,149,144,247,46,120,85,86,132,295,1092,0,1092
20212,A,골목상권,3110880,신림역 1번,1373,662,711,61,540,257,138,148,229,35,241,150,74,63,99,26,299,107,64,85,130,959,0,959
20212,A,골목상권,3110881,구립대학경로당(관악산샘말공원),10081,6426,3655,510,3011,2264,1553,1244,1499,272,1825,1577,1154,857,741,238,1186,687,399,387,758,7777,0,7777
20212,A,골목상권,3110882,신성초등학교,5190,3006,2184,375,1446,1101,725,637,906,188,799,718,486,379,436,187,647,383,239,258,470,3577,0,3577
20212,A,골목상권,3110883,은천초등학교(은천교앞),4677,2331,2346,410,1008,836,606,595,1222,213,475,480,335,292,536,197,533,356,271,303,686,2668,0,2668
20212,A,골목상권,3110884,봉천역 4번(봉천110안전센터),1287,648,639,93,389,221,151,157,276,51,183,117,90,79,128,42,206,104,61,78,148,827,0,827
20212,A,골목상권,3110885,영락고등학교,7472,3898,3574,647,1691,1430,1046,1016,1642,329,877,839,582,517,754,318,814,591,464,499,888,4361,0,4361
20212,A,골목상권,3110886,관악해태어린이공원,3465,2216,1249,156,1264,885,471,301,388,82,779,617,349,193,196,74,485,268,122,108,192,2813,0,2813
20212,A,골목상권,3110887,서울산업정보학교(서울삼성초등학교),1891,1198,693,125,691,390,247,160,278,59,472,287,161,97,122,66,219,103,86,63,156,1392,0,1392
20212,A,골목상권,3110888,청룡동주민센터,1490,742,748,88,337,230,196,212,427,56,157,119,103,118,189,32,180,111,93,94,238,1027,0,1027
20212,A,골목상권,3110889,봉천역 6번,2307,1143,1164,210,610,444,301,236,506,124,261,245,162,115,236,86,349,199,139,121,270,1347,0,1347
20212,A,골목상권,3110890,봉천역 1번(관악초등학교),3213,1514,1699,167,1225,697,308,312,504,83,513,379,152,153,234,84,712,318,156,159,270,2373,0,2373
20212,A,골목상권,3110891,구암초등학교,733,351,382,106,91,94,113,107,222,49,38,53,58,55,98,57,53,41,55,52,124,336,0,336
20212,A,골목상권,3110892,관악구 중앙길,11824,5740,6084,838,3138,2210,1383,1509,2746,430,1349,1228,760,747,1226,408,1789,982,623,762,1520,7180,0,7180
20212,A,골목상권,3110893,관악소방서(문영여고),268,134,134,27,87,41,32,36,45,12,45,21,14,17,25,15,42,20,18,19,20,164,0,164
20212,A,골목상권,3110894,관악동부센트레빌아파트(은천로35라길),1733,826,907,224,306,289,280,228,406,114,131,162,144,108,167,110,175,127,136,120,239,820,0,820
20212,A,골목상권,3110895,샤로수길,8549,4308,4241,730,2762,1672,1004,843,1538,378,1327,959,523,433,688,352,1435,713,481,410,850,5577,0,5577
20212,A,골목상권,3110896,관악우성아파트,270,138,132,27,46,34,34,44,85,16,28,19,21,17,37,11,18,15,13,27,48,152,0,152
20212,A,골목상권,3110897,서울대입구역 8번,5412,2682,2730,338,1514,1060,604,624,1272,170,710,571,329,327,575,168,804,489,275,297,697,3553,0,3553
20212,A,골목상권,3110898,청림동주민센터(상도중학교),2329,1168,1161,335,309,300,329,410,646,160,180,168,164,200,296,175,129,132,165,210,350,992,0,992
20212,A,골목상권,3110899,낙성대역 5번(관악중학교),3090,1481,1609,152,1047,810,338,259,484,80,453,447,171,119,211,72,594,363,167,140,273,2234,0,2234
20212,A,골목상권,3110900,낙성대역 1번(관악구민 종합체육센터),6186,3134,3052,486,1842,1363,783,640,1072,249,913,733,433,326,480,237,929,630,350,314,592,3992,0,3992
20212,A,골목상권,3110901,인헌고등학교(인헌중학교),4807,2265,2542,471,999,858,648,687,1144,232,445,437,321,327,503,239,554,421,327,360,641,2485,0,2485
20212,A,골목상권,3110902,사당역 4번,9756,4618,5138,766,2281,2056,1122,1322,2209,374,999,1074,589,595,987,392,1282,982,533,727,1222,5442,0,5442
20212,A,골목상권,3110903,방배아이파크아파트,4114,1903,2211,726,611,501,728,717,831,351,279,242,317,349,365,375,332,259,411,368,466,1661,0,1661
20212,A,골목상권,3110904,이수역 5번,1017,456,561,126,161,190,168,150,222,59,69,87,74,67,100,67,92,103,94,83,122,486,0,486
20212,A,골목상권,3110905,방배노인종합복지관(이수중학교),3801,1752,2049,560,561,609,579,590,902,282,273,295,249,271,382,278,288,314,330,319,520,1635,0,1635
20212,A,골목상권,3110906,서문여고,1203,516,687,215,166,165,231,190,236,80,76,68,105,90,97,135,90,97,126,100,139,501,0,501
20212,A,골목상권,3110907,방배초등학교,3518,1614,1904,699,482,482,693,489,673,311,207,238,304,245,309,388,275,244,389,244,364,1441,0,1441
20212,A,골목상권,3110908,구반포역,216,107,109,36,32,14,45,43,46,21,15,6,16,23,26,15,17,8,29,20,20,81,0,81
20212,A,골목상권,3110909,남태령역(서울전자고등학교),778,382,396,88,99,99,110,135,247,48,59,50,57,63,105,40,40,49,53,72,142,362,0,362
20212,A,골목상권,3110910,내방역 5번,2365,1058,1307,383,346,519,430,270,417,193,144,246,184,120,171,190,202,273,246,150,246,1168,0,1168
20212,A,골목상권,3110911,방배배수지체육공원,126,69,57,16,4,16,15,17,58,9,2,9,12,8,29,7,2,7,3,9,29,72,0,72
20212,A,골목상권,3110912,방배동사이길,317,145,172,51,44,49,49,48,76,24,22,22,25,24,28,27,22,27,24,24,48,146,0,146
20212,A,골목상권,3110913,방현초등학교(방배119안전센터),3887,1879,2008,503,569,578,590,636,1011,240,306,303,287,290,453,263,263,275,303,346,558,1749,0,1749
20212,A,골목상권,3110914,내방역 6번,359,170,189,57,42,71,54,42,93,26,21,32,30,18,43,31,21,39,24,24,50,150,0,150
20212,A,골목상권,3110915,서래초등학교,1499,705,794,335,189,162,269,242,302,172,93,70,121,112,137,163,96,92,148,130,165,542,0,542
20212,A,골목상권,3110916,내방역 4번,3971,1824,2147,542,630,770,660,534,835,283,290,344,308,236,363,259,340,426,352,298,472,1829,0,1829
20212,A,골목상권,3110917,서초소방서,930,430,500,168,121,148,170,137,186,85,60,60,76,69,80,83,61,88,94,68,106,370,0,370
20212,A,골목상권,3110918,방배역 3번,3012,1396,1616,431,472,559,491,427,632,225,220,264,222,186,279,206,252,295,269,241,353,1298,0,1298
20212,A,골목상권,3110919,내방역 8번,3127,1475,1652,537,469,442,544,523,612,292,227,180,232,256,288,245,242,262,312,267,324,1195,0,1195
20212,A,골목상권,3110920,방배역 2번(백석예술대학교),130,67,63,23,24,22,17,26,18,14,12,11,9,12,9,9,12,11,8,14,9,53,0,53
20212,A,골목상권,3110921,서울프랑스학교,1150,526,624,226,135,145,223,173,248,112,67,61,96,76,114,114,68,84,127,97,134,443,0,443
20212,A,골목상권,3110922,내방역 1번,2738,1257,1481,421,417,548,441,340,571,225,193,242,199,148,250,196,224,306,242,192,321,1261,0,1261
20212,A,골목상권,3110923,방배역 1번,463,205,258,57,69,71,75,60,131,29,29,31,35,28,53,28,40,40,40,32,78,189,0,189
20212,A,골목상권,3110924,반포4동주민센터(몽마르뜨공원),2470,1144,1326,427,320,363,465,332,563,227,149,157,218,148,245,200,171,206,247,184,318,1118,0,1118
20212,A,골목상권,3110925,서초중학교,3056,1502,1554,469,511,447,527,475,627,275,275,208,247,221,276,194,236,239,280,254,351,1263,0,1263
20212,A,골목상권,3110926,신중초등학교,3766,1799,1967,646,608,588,627,563,734,354,272,279,295,275,324,292,336,309,332,288,410,1596,0,1596
20212,A,골목상권,3110927,잠원역,273,126,147,29,20,44,40,48,92,16,8,22,19,21,40,13,12,22,21,27,52,152,0,152
20212,A,골목상권,3110928,서초우방유쉘아파트,435,220,215,57,85,93,61,42,97,29,43,46,37,22,43,28,42,47,24,20,54,234,0,234
20212,A,골목상권,3110929,남부터미널역 1번,4258,2079,2179,761,539,675,789,586,908,398,265,331,385,277,423,363,274,344,404,309,485,1776,0,1776
20212,A,골목상권,3110930,서초동성당,1972,950,1022,361,265,327,356,298,365,180,139,136,174,150,171,181,126,191,182,148,194,825,0,825
20212,A,골목상권,3110931,삼성전자서울R&D(서울우면초등학교),160,79,81,29,16,17,30,22,46,17,4,10,16,9,23,12,12,7,14,13,23,66,0,66
20212,A,골목상권,3110932,서울시인재개발원,652,301,351,136,95,104,138,95,84,63,44,45,68,49,32,73,51,59,70,46,52,281,0,281
20212,A,골목상권,3110933,한국상담대학원대학교,450,234,216,101,46,76,76,71,80,60,25,30,41,36,42,41,21,46,35,35,38,163,0,163
20212,A,골목상권,3110934,우면주공아파트,2801,1402,1399,358,376,469,429,385,784,214,202,248,237,178,323,144,174,221,192,207,461,1300,0,1300
20212,A,골목상권,3110935,한전아트센터,1076,532,544,161,165,169,183,178,220,91,90,78,87,84,102,70,75,91,96,94,118,461,0,461
20212,A,골목상권,3110936,더케이호텔(양재리본타워2단지아파트),885,431,454,99,143,167,125,148,203,55,71,84,56,70,95,44,72,83,69,78,108,425,0,425
20212,A,골목상권,3110937,방아다리근린공원(횃불트리니티신학대학원대학교),482,234,248,60,59,81,55,58,169,28,29,43,21,28,85,32,30,38,34,30,84,191,0,191
20212,A,골목상권,3110938,바우뫼공원,754,360,394,91,117,165,115,112,154,45,57,82,51,51,74,46,60,83,64,61,80,385,0,385
20212,A,골목상권,3110939,양재역 8번(양재동우체국),6198,2936,3262,652,996,1343,900,882,1425,338,460,691,423,403,621,314,536,652,477,479,804,3102,0,3102
20212,A,골목상권,3110940,양재근린공원(양재2동주민센터),1099,533,566,148,168,251,166,150,216,66,84,138,75,78,92,82,84,113,91,72,124,531,0,531
20212,A,골목상권,3110941,언남고등학교,854,439,415,98,134,180,131,135,176,52,61,100,67,72,87,46,73,80,64,63,89,425,0,425
20212,A,골목상권,3110942,염곡동 구룡사(포이동성당),8496,4226,4270,1148,1322,1749,1412,1266,1599,588,701,901,730,594,712,560,621,848,682,672,887,3987,0,3987
20212,A,골목상권,3110943,법제교육센터(버들어린이공원),1580,778,802,226,237,296,287,240,294,114,113,158,144,116,133,112,124,138,143,124,161,756,0,756
20212,A,골목상권,3110944,서울나래학교(염곡어린이공원),633,317,316,69,62,74,89,114,225,34,30,44,45,49,115,35,32,30,44,65,110,318,0,318
20212,A,골목상권,3110945,본마을노인복지센터(서초구립내곡도서관),297,153,144,26,30,38,44,43,116,13,12,22,23,21,62,13,18,16,21,22,54,146,0,146
20212,A,골목상권,3110946,청계산원터골,100,51,49,6,6,13,15,14,46,5,3,5,9,6,23,1,3,8,6,8,23,44,0,44
20212,A,골목상권,3110947,청계산입구역 2번(내곡동주민센터),357,182,175,30,33,55,46,47,146,21,18,27,25,18,73,9,15,28,21,29,73,181,0,181
20212,A,골목상권,3110948,헌인가구단지,154,112,42,32,31,10,7,23,51,30,29,7,4,15,27,2,2,3,3,8,24,54,0,54
20212,A,골목상권,3110949,한남IC,564,275,289,72,98,124,101,74,95,40,40,58,51,37,49,32,58,66,50,37,46,281,0,281
20212,A,골목상권,3110950,논현역 7번,839,382,457,104,109,121,156,126,223,47,52,52,63,58,110,57,57,69,93,68,113,338,0,338
20212,A,골목상권,3110951,신사은행나무공원,929,419,510,100,185,213,146,95,190,56,86,90,61,40,86,44,99,123,85,55,104,557,0,557
20212,A,골목상권,3110952,논현목련공원,868,389,479,57,211,243,125,78,154,33,88,115,56,31,66,24,123,128,69,47,88,571,0,571
20212,A,골목상권,3110953,학동근린공원,907,399,508,105,131,201,123,136,211,41,63,81,60,60,94,64,68,120,63,76,117,442,0,442
20212,A,골목상권,3110954,국기원,448,232,216,35,115,146,63,34,55,19,59,82,28,15,29,16,56,64,35,19,26,303,0,303
20212,A,골목상권,3110955,논현초등학교,7026,3311,3715,449,1586,1921,1170,750,1150,210,704,928,582,361,526,239,882,993,588,389,624,4495,0,4495
20212,A,골목상권,3110956,언주역 8번,588,290,298,44,132,164,80,56,112,15,61,93,43,29,49,29,71,71,37,27,63,384,0,384
20212,A,골목상권,3110957,언북중학교,1761,797,964,137,300,454,311,214,345,77,127,195,167,98,133,60,173,259,144,116,212,1088,0,1088
20212,A,골목상권,3110958,역삼역 4번,821,434,387,54,152,248,121,111,135,32,82,130,63,64,63,22,70,118,58,47,72,512,0,512
20212,A,골목상권,3110959,신구중학교,361,168,193,54,55,51,81,44,76,30,24,22,41,22,29,24,31,29,40,22,47,170,0,170
20212,A,골목상권,3110960,은광여고,807,400,407,79,187,225,99,92,125,40,84,117,51,48,60,39,103,108,48,44,65,476,0,476
20212,A,골목상권,3110961,언주역 3번,2120,980,1140,176,422,563,364,255,340,78,180,263,182,124,153,98,242,300,182,131,187,1314,0,1314
20212,A,골목상권,3110962,도산공원북측,30,13,17,2,5,11,4,2,6,2,2,5,2,0,2,0,3,6,2,2,4,16,0,16
20212,A,골목상권,3110963,역삼월드메르디앙아파트,1722,801,921,221,291,374,308,221,307,113,130,176,146,97,139,108,161,198,162,124,168,873,0,873
20212,A,골목상권,3110964,싸리고개근린공원,866,401,465,136,96,116,141,128,249,56,49,53,66,63,114,80,47,63,75,65,135,370,0,370
20212,A,골목상권,3110965,언주역 6번,2245,1052,1193,160,455,691,392,234,313,76,196,330,184,136,130,84,259,361,208,98,183,1500,0,1500
20212,A,골목상권,3110966,논현2동주민센터,2811,1217,1594,293,532,612,495,360,519,149,208,266,223,163,208,144,324,346,272,197,311,1558,0,1558
20212,A,골목상권,3110967,역삼역 8번,1279,615,664,99,234,354,249,158,185,48,108,169,119,86,85,51,126,185,130,72,100,864,0,864
20212,A,골목상권,3110968,강남구청역 2번,549,253,296,50,99,136,99,64,101,29,48,63,40,29,44,21,51,73,59,35,57,314,0,314
20212,A,골목상권,3110969,베르사이유1아파트,1202,609,593,99,227,329,215,161,171,44,108,166,118,94,79,55,119,163,97,67,92,754,0,754
20212,A,골목상권,3110970,학동초등학교,1015,469,546,113,175,279,149,139,160,60,83,120,69,67,70,53,92,159,80,72,90,540,0,540
20212,A,골목상권,3110971,선정릉역 4번,3870,1781,2089,228,782,1162,697,451,550,109,307,536,353,239,237,119,475,626,344,212,313,2549,0,2549
20212,A,골목상권,3110972,강남세브란스병원미래의학연구센터,1921,869,1052,226,324,438,302,247,384,114,136,201,138,106,174,112,188,237,164,141,210,1003,0,1003
20212,A,골목상권,3110973,강남구청역 4번,2295,1070,1225,438,328,391,457,301,380,240,146,165,207,143,169,198,182,226,250,158,211,952,0,952
20212,A,골목상권,3110974,언주중학교,1463,654,809,224,266,309,282,189,193,124,110,119,131,91,79,100,156,190,151,98,114,765,0,765
20212,A,골목상권,3110975,매봉역 1번,890,417,473,121,142,116,109,159,243,58,76,52,44,70,117,63,66,64,65,89,126,353,0,353
20212,A,골목상권,3110976,언북초등학교,2022,876,1146,270,397,432,328,248,347,126,150,182,158,121,139,144,247,250,170,127,208,1080,0,1080
20212,A,골목상권,3110977,논현로18길,691,336,355,81,99,148,96,117,150,38,55,76,52,49,66,43,44,72,44,68,84,340,0,340
20212,A,골목상권,3110978,도곡2동주민센터(대치중학교),356,154,202,31,19,45,75,61,125,17,8,18,31,29,51,14,11,27,44,32,74,255,0,255
20212,A,골목상권,3110979,청담초등학교,1131,525,606,232,133,123,184,180,279,112,71,43,82,85,132,120,62,80,102,95,147,397,0,397
20212,A,골목상권,3110980,개포지구대옆,2629,1270,1359,393,371,387,445,447,586,209,177,201,202,217,264,184,194,186,243,230,322,1125,0,1125
20212,A,골목상권,3110981,국악고교사거리,2118,1057,1061,303,333,373,344,391,374,162,185,183,168,189,170,141,148,190,176,202,204,907,0,907
20212,A,골목상권,3110982,강남구보훈회관,827,387,440,135,131,161,156,93,151,71,62,74,62,51,67,64,69,87,94,42,84,406,0,406
20212,A,골목상권,3110983,국립국악고등학교,2703,1266,1437,409,408,315,518,496,557,194,194,146,234,251,247,215,214,169,284,245,310,1231,0,1231
20212,A,골목상권,3110984,포이초등학교(개포목련어린이공원),4267,2104,2163,618,656,716,703,725,849,313,346,379,328,366,372,305,310,337,375,359,477,1912,0,1912
20212,A,골목상권,3110985,청담근린공원,956,448,508,110,162,187,153,141,203,65,73,98,58,65,89,45,89,89,95,76,114,480,0,480
20212,A,골목상권,3110986,삼성중앙역 7번,724,321,403,92,119,168,144,85,116,47,47,70,70,38,49,45,72,98,74,47,67,396,0,396
20212,A,골목상권,3110987,영동대교남단,491,229,262,78,77,79,72,81,104,41,31,37,31,36,53,37,46,42,41,45,51,199,0,199
20212,A,골목상권,3110988,청담역 3번,1318,663,655,224,162,136,198,206,392,142,88,63,89,103,178,82,74,73,109,103,214,474,0,474
20212,A,골목상권,3110989,대치동아우편취급국,1588,750,838,205,269,360,344,211,199,95,137,166,156,107,89,110,132,194,188,104,110,904,0,904
20212,A,골목상권,3110990,청담역 12번,158,73,85,12,33,26,16,23,48,5,20,10,7,13,18,7,13,16,9,10,30,77,0,77
20212,A,골목상권,3110991,삼성중앙역 5번,330,154,176,41,35,54,50,52,98,20,20,19,21,27,47,21,15,35,29,25,51,154,0,154
20212,A,골목상권,3110992,도곡초등학교,7894,3676,4218,1431,1250,1132,1562,1292,1227,754,628,517,630,619,528,677,622,615,932,673,699,3681,0,3681
20212,A,골목상권,3110993,개포지하차도 북측,234,121,113,27,36,39,33,42,57,14,24,25,14,21,23,13,12,14,19,21,34,119,0,119
20212,A,골목상권,3110994,개포고등학교,1777,891,886,275,226,239,263,285,489,152,132,126,122,134,225,123,94,113,141,151,264,797,0,797
20212,A,골목상권,3110995,봉은사역 4번,2802,1348,1454,474,414,417,431,456,610,249,214,200,199,204,282,225,200,217,232,252,328,1097,0,1097
20212,A,골목상권,3110996,대치2동주민센터,1368,679,689,242,147,119,295,226,339,149,81,51,137,110,151,93,66,68,158,116,188,664,0,664
20212,A,골목상권,3110997,대청초등학교,7187,3566,3621,1042,1264,1174,1052,1114,1541,566,637,592,515,547,709,476,627,582,537,567,832,3441,0,3441
20212,A,골목상권,3110998,은곡마을(은곡마을공원),609,294,315,98,81,172,114,73,71,47,43,81,57,34,32,51,38,91,57,39,39,312,0,312
20212,A,골목상권,3110999,윗방죽마을공원,3223,1492,1731,168,715,1000,472,304,564,95,257,458,252,181,249,73,458,542,220,123,315,2418,0,2418
20212,A,골목상권,3111000,대왕초등학교(세곡동사거리서남측),435,209,226,58,37,69,54,59,158,26,22,31,31,26,73,32,15,38,23,33,85,196,0,196
20212,A,골목상권,3111001,아래방죽마을공원(율현초등학교),1639,807,832,292,220,402,281,190,254,154,101,194,151,94,113,138,119,208,130,96,141,777,0,777
20212,A,골목상권,3111003,삼전역 4번,10844,5106,5738,1380,1881,2343,1717,1544,1979,676,845,1162,819,715,889,704,1036,1181,898,829,1090,5373,0,5373
20212,A,골목상권,3111004,삼전역 1번,9985,4642,5343,977,1835,2173,1620,1450,1930,503,800,1025,756,682,876,474,1035,1148,864,768,1054,5691,0,5691
20212,A,골목상권,3111005,삼전역 3번,8660,4131,4529,1040,1475,1740,1393,1294,1718,536,686,857,693,594,765,504,789,883,700,700,953,4280,0,4280
20212,A,골목상권,3111006,석촌고분역 1번,8763,4032,4731,957,1561,1870,1467,1221,1687,480,670,917,677,555,733,477,891,953,790,666,954,4597,0,4597
20212,A,골목상권,3111007,석촌고분역 4번,8268,3903,4365,1118,1321,1801,1398,1094,1536,584,600,894,650,506,669,534,721,907,748,588,867,4119,0,4119
20212,A,골목상권,3111008,석촌고분역 3번,4837,2348,2489,583,782,981,765,670,1056,314,383,481,374,329,467,269,399,500,391,341,589,2338,0,2338
20212,A,골목상권,3111009,송파책박물관,1111,571,540,110,197,182,152,206,264,67,100,98,83,93,130,43,97,84,69,113,134,523,0,523
20212,A,골목상권,3111010,석촌역 7번,8953,4188,4765,894,1672,2230,1348,1164,1645,431,714,1091,670,543,739,463,958,1139,678,621,906,4884,0,4884
20212,A,골목상권,3111011,잠실나루역,301,150,151,68,32,40,71,32,58,39,16,18,35,15,27,29,16,22,36,17,31,102,0,102
20212,A,골목상권,3111012,석촌역 6번,6266,3006,3260,727,965,1218,991,938,1427,373,437,590,477,479,650,354,528,628,514,459,777,3287,0,3287
20212,A,골목상권,3111013,송파나루역 1번(송리단길),8690,4043,4647,840,1636,2026,1225,1201,1762,401,735,1010,558,531,808,439,901,1016,667,670,954,4484,0,4484
20212,A,골목상권,3111014,송파나루역 2번,3154,1520,1634,273,577,631,475,488,710,135,282,308,256,224,315,138,295,323,219,264,395,1683,0,1683
20212,A,골목상권,3111015,석촌역 3번,10401,4877,5524,1135,1972,2356,1506,1460,1972,575,863,1138,716,689,896,560,1109,1218,790,771,1076,5279,0,5279
20212,A,골목상권,3111016,송파역 2번,3349,1563,1786,469,547,472,480,536,845,240,252,224,225,258,364,229,295,248,255,278,481,1498,0,1498
20212,A,골목상권,3111017,송파나루역 3번,967,448,519,83,164,223,138,140,219,50,68,113,59,65,93,33,96,110,79,75,126,504,0,504
20212,A,골목상권,3111018,풍납초등학교(풍납백제문화공원),773,402,371,111,90,118,129,135,190,59,57,66,71,67,82,52,33,52,58,68,108,331,0,331
20212,A,골목상권,3111019,한성백제역 3번,8679,4205,4474,1122,1342,1604,1228,1369,2014,629,644,816,588,609,919,493,698,788,640,760,1095,3835,0,3835
20212,A,골목상권,3111020,방이동고분군(방산고등학교),685,337,348,116,120,103,122,109,115,65,55,49,56,56,56,51,65,54,66,53,59,276,0,276
20212,A,골목상권,3111021,방이역 4번,9969,4785,5184,1654,1564,1553,1720,1575,1903,822,804,746,817,734,862,832,760,807,903,841,1041,4179,0,4179
20212,A,골목상권,3111022,석촌중학교(방이육교),2794,1345,1449,379,467,505,402,441,600,182,236,250,189,201,287,197,231,255,213,240,313,1218,0,1218
20212,A,골목상권,3111023,문정역 1번,2005,997,1008,189,412,414,271,306,413,87,210,228,141,141,190,102,202,186,130,165,223,1026,0,1026
20212,A,골목상권,3111024,경찰병원역 4번(건너말공원),1531,784,747,189,277,269,242,238,316,108,136,151,126,119,144,81,141,118,116,119,172,738,0,738
20212,A,골목상권,3111025,경찰병원역 3번,3043,1505,1538,304,592,669,407,462,609,173,285,330,215,218,284,131,307,339,192,244,325,1468,0,1468
20212,A,골목상권,3111026,문정역 2번,4545,2275,2270,643,707,949,723,695,828,331,365,495,366,330,388,312,342,454,357,365,440,1963,0,1963
20212,A,골목상권,3111027,문정초등학교,5416,2676,2740,684,939,1121,773,871,1028,361,459,594,399,390,473,323,480,527,374,481,555,2489,0,2489
20212,A,골목상권,3111028,문현중학교(장지역 1번),1839,936,903,227,359,380,260,265,348,118,182,209,128,142,157,109,177,171,132,123,191,915,0,915
20212,A,골목상권,3111029,오금역 4번,1287,639,648,147,197,201,190,225,327,77,104,97,97,110,154,70,93,104,93,115,173,664,0,664
20212,A,골목상권,3111030,방이역 2번,1884,923,961,275,303,265,281,348,412,149,152,126,132,174,190,126,151,139,149,174,222,803,0,803
20212,A,골목상권,3111031,장지동주민센터(한림연예예술고교),3628,1765,1863,576,517,591,612,562,770,284,246,314,303,278,340,292,271,277,309,284,430,1605,0,1605
20212,A,골목상권,3111032,방이역 1번,1705,818,887,275,234,237,222,271,466,131,121,117,105,128,216,144,113,120,117,143,250,636,0,636
20212,A,골목상권,3111033,문정동성당,674,327,347,92,106,106,106,109,155,38,53,58,53,50,75,54,53,48,53,59,80,325,0,325
20212,A,골목상권,3111034,오동나무공원(송파레미니스1단지),5033,2437,2596,819,710,795,820,866,1023,434,363,408,394,384,454,385,347,387,426,482,569,2058,0,2058
20212,A,골목상권,3111035,오금공원(오주중학교),3928,1946,1982,520,619,569,612,747,861,267,336,295,293,367,388,253,283,274,319,380,473,1672,0,1672
20212,A,골목상권,3111036,투구봉어린이공원,1369,701,668,202,240,207,219,247,254,100,128,118,113,127,115,102,112,89,106,120,139,570,0,570
20212,A,골목상권,3111037,Sh수협은행 오금동금융센터(아랫말어린이공원),537,282,255,57,88,77,73,114,128,28,52,38,42,56,66,29,36,39,31,58,62,245,0,245
20212,A,골목상권,3111038,보인중학교,2407,1201,1206,336,351,309,378,444,589,183,182,165,190,213,268,153,169,144,188,231,321,1006,0,1006
20212,A,골목상권,3111039,벌말어린이공원,2044,1026,1018,255,280,315,367,342,485,130,146,171,199,164,216,125,134,144,168,178,269,960,0,960
20212,A,골목상권,3111040,거여초등학교,2343,1123,1220,282,372,303,323,452,611,153,207,154,145,192,272,129,165,149,178,260,339,961,0,961
20212,A,골목상권,3111041,거여역 8번,1757,892,865,232,256,198,227,353,491,146,121,106,103,171,245,86,135,92,124,182,246,666,0,666
20212,A,골목상권,3111042,거여역 1번(거여공원),5657,2877,2780,686,778,821,855,1011,1506,361,407,438,446,527,698,325,371,383,409,484,808,2667,0,2667
20212,A,골목상권,3111043,마천공원,3084,1589,1495,363,407,370,432,624,888,209,219,207,218,302,434,154,188,163,214,322,454,1302,0,1302
20212,A,골목상권,3111044,남천초등학교,5036,2514,2522,607,600,590,754,942,1543,280,336,332,393,480,693,327,264,258,361,462,850,2445,0,2445
20212,A,골목상권,3111045,개미어린이공원,2117,1093,1024,247,290,260,285,412,623,132,166,150,143,221,281,115,124,110,142,191,342,1020,0,1020
20212,A,골목상권,3111046,마천역(마천초등학교),8877,4550,4327,1003,1011,1098,1298,1557,2910,505,538,621,684,848,1354,498,473,477,614,709,1556,4437,0,4437
20212,A,골목상권,3111047,마천1치안센터,2487,1328,1159,207,319,299,321,492,849,115,168,179,172,285,409,92,151,120,149,207,440,1315,0,1315
20212,A,골목상권,3111048,천호역 1번(천호문구완구거리),2340,1182,1158,164,332,384,290,430,740,79,176,212,156,219,340,85,156,172,134,211,400,1328,0,1328
20212,A,골목상권,3111049,천호지구대(천호동자전거거리),4059,2023,2036,389,599,930,570,642,929,197,254,497,331,298,446,192,345,433,239,344,483,2053,0,2053
20212,A,골목상권,3111050,강동구청(강동구청역 2번),1004,473,531,169,144,177,142,153,219,76,72,89,69,71,96,93,72,88,73,82,123,412,0,412
20212,A,골목상권,3111051,천호역 6번,6783,3247,3536,541,1208,1188,919,1064,1863,278,501,628,468,522,850,263,707,560,451,542,1013,3895,0,3895
20212,A,골목상권,3111052,암사역 3번(천호동자전거거리),6010,2944,3066,965,791,1212,927,882,1233,472,372,611,503,417,569,493,419,601,424,465,664,2679,0,2679
20212,A,골목상권,3111053,성내천어린이공원(하니사랑길),4507,2189,2318,766,598,680,770,689,1004,409,320,323,366,323,448,357,278,357,404,366,556,1768,0,1768
20212,A,골목상권,3111054,암사역 4번(삼성광나루아파트),441,216,225,50,81,67,70,53,120,25,48,33,34,23,53,25,33,34,36,30,67,234,0,234
20212,A,골목상권,3111055,선사초등학교,105,54,51,14,11,32,17,12,19,10,7,17,7,6,7,4,4,15,10,6,12,60,0,60
20212,A,골목상권,3111056,천호태영아파트,802,306,496,19,330,233,105,60,55,7,85,106,51,27,30,12,245,127,54,33,25,681,0,681
20212,A,골목상권,3111057,천호공원(해공체육문화센터),4221,2130,2091,467,532,639,565,725,1293,243,284,348,292,367,596,224,248,291,273,358,697,2178,0,2178
20212,A,골목상권,3111058,성내중학교,1575,787,788,201,257,266,238,269,344,107,123,138,125,132,162,94,134,128,113,137,182,702,0,702
20212,A,골목상권,3111059,강동역 4번(강풀만화거리),11270,5620,5650,1123,1864,1890,1629,1818,2946,584,888,1015,841,901,1391,539,976,875,788,917,1555,5801,0,5801
20212,A,골목상권,3111060,암사역 2번(서울강동초등학교),9867,4868,4999,1148,1442,1639,1525,1611,2502,591,734,860,766,787,1130,557,708,779,759,824,1372,4684,0,4684
20212,A,골목상권,3111061,암사역 1번,9641,4730,4911,1102,1334,1495,1497,1639,2574,550,677,781,791,793,1138,552,657,714,706,846,1436,4713,0,4713
20212,A,골목상권,3111062,둔촌동역 3번(성내3동주민센터),3532,1774,1758,589,502,430,599,599,813,346,293,214,265,297,359,243,209,216,334,302,454,1406,0,1406
20212,A,골목상권,3111063,강동구립 천호도서관,6177,3062,3115,460,1076,1230,765,913,1733,248,460,652,418,501,783,212,616,578,347,412,950,3706,0,3706
20212,A,골목상권,3111064,둔촌동역 4번,2762,1357,1405,363,460,376,415,498,650,197,249,203,201,231,276,166,211,173,214,267,374,1196,0,1196
20212,A,골목상권,3111065,천일초등학교,2837,1466,1371,292,413,353,394,564,821,151,206,201,224,311,373,141,207,152,170,253,448,1431,0,1431
20212,A,골목상권,3111066,암사동성당(효정하나플러스아파트),5430,2691,2739,577,767,806,808,1016,1456,277,418,414,418,491,673,300,349,392,390,525,783,2600,0,2600
20212,A,골목상권,3111067,강동구립성내도서관,9441,4559,4882,1099,1526,1648,1404,1527,2237,583,763,817,711,697,988,516,763,831,693,830,1249,4459,0,4459
20212,A,골목상권,3111068,강동성심병원,351,165,186,38,58,89,59,48,59,20,25,39,30,22,29,18,33,50,29,26,30,171,0,171
20212,A,골목상권,3111069,천호1동주민센터,5329,2685,2644,552,743,815,820,931,1468,286,384,444,444,454,673,266,359,371,376,477,795,2810,0,2810
20212,A,골목상권,3111070,천호초등학교,2665,1291,1374,363,363,440,430,421,648,172,176,212,236,222,273,191,187,228,194,199,375,1283,0,1283
20212,A,골목상권,3111071,천동초등학교,1313,666,647,177,161,218,193,199,365,91,83,130,102,91,169,86,78,88,91,108,196,531,0,531
20212,A,골목상권,3111072,굽은다리역 1번(십자성마을),7359,3629,3730,932,1030,1148,1132,1177,1940,479,516,620,596,521,897,453,514,528,536,656,1043,3168,0,3168
20212,A,골목상권,3111073,둔촌동역 1번(한산중학교),7108,3505,3603,932,1051,1036,1052,1247,1790,484,504,563,508,627,819,448,547,473,544,620,971,3295,0,3295
20212,A,골목상권,3111074,명일역 1번,2331,1133,1198,364,294,317,437,373,546,190,152,168,213,180,230,174,142,149,224,193,316,964,0,964
20212,A,골목상권,3111075,굽은다리역 2번,4283,2146,2137,472,624,571,569,746,1301,235,322,310,316,367,596,237,302,261,253,379,705,2011,0,2011
20212,A,골목상권,3111076,둔촌2동주민센터,2077,1038,1039,277,315,303,287,369,526,153,158,156,145,183,243,124,157,147,142,186,283,1011,0,1011
20212,A,골목상권,3111077,길동주민센터(강동도서관),11736,5803,5933,1469,1555,1691,1812,2019,3190,784,780,890,934,958,1457,685,775,801,878,1061,1733,5387,0,5387
20212,A,골목상권,3111078,굽은다리역 4번,9399,4627,4772,1035,1454,1414,1392,1591,2513,548,715,728,725,753,1158,487,739,686,667,838,1355,4316,0,4316
20212,A,골목상권,3111079,둔촌고등학교(둔촌중학교),1950,965,985,242,322,252,264,371,499,124,159,139,134,179,230,118,163,113,130,192,269,910,0,910
20212,A,골목상권,3111080,굽은다리역 3번,2995,1448,1547,460,395,414,431,495,800,236,198,228,210,221,355,224,197,186,221,274,445,1228,0,1228
20212,A,골목상권,3111081,둔촌푸르지오아파트,259,113,146,26,50,31,32,50,70,10,25,18,13,19,28,16,25,13,19,31,42,114,0,114
20212,A,골목상권,3111082,중앙보훈병원,1122,539,583,136,186,151,143,204,302,73,90,82,75,82,137,63,96,69,68,122,165,480,0,480
20212,A,골목상권,3111083,GS강동자이아파트,3217,1578,1639,463,469,443,479,581,782,254,241,224,234,280,345,209,228,219,245,301,437,1379,0,1379
20212,A,골목상권,3111084,길동신동아아파트,1001,483,518,163,151,149,150,169,219,93,78,69,68,76,99,70,73,80,82,93,120,354,0,354
20212,A,골목상권,3111085,묘곡초등학교(고덕아이파크아파트),4222,2214,2008,519,593,476,585,813,1236,277,326,286,305,420,600,242,267,190,280,393,636,1980,0,1980
20212,A,골목상권,3111086,한영중고,2403,1173,1230,452,314,279,407,393,558,228,165,150,198,198,234,224,149,129,209,195,324,1056,0,1056
20212,A,골목상권,3111087,고덕중학교(고덕2동주민센터),2415,1285,1130,302,308,290,337,454,724,169,170,171,182,231,362,133,138,119,155,223,362,1224,0,1224
20212,A,골목상권,3111088,고덕동성당,1940,1001,939,202,254,198,245,400,641,104,146,107,135,217,292,98,108,91,110,183,349,967,0,967
20212,A,골목상권,3111089,상일여고(상일초등학교),3621,1856,1765,415,548,429,463,753,1013,209,302,241,251,371,482,206,246,188,212,382,531,1702,0,1702
20212,A,골목상권,3111090,강일동주민센터,1002,537,465,45,271,232,169,134,151,23,122,132,101,78,81,22,149,100,68,56,70,826,0,826
20212,D,발달상권,3120001,서대문역,708,441,267,49,98,92,80,157,232,26,48,54,53,113,147,23,50,38,27,44,85,513,0,513
20212,D,발달상권,3120002,서촌(경복궁역),1589,739,850,192,208,231,235,238,485,104,106,107,113,104,205,88,102,124,122,134,280,798,0,798
20212,D,발달상권,3120003,광화문역,3003,1304,1699,391,388,570,478,433,743,189,153,229,194,196,343,202,235,341,284,237,400,1571,0,1571
20212,D,발달상권,3120004,종로구청,456,231,225,49,45,76,75,80,131,29,18,36,32,47,69,20,27,40,43,33,62,276,0,276
20212,D,발달상권,3120005,삼청동,1166,561,605,123,128,185,171,175,384,66,65,86,86,88,170,57,63,99,85,87,214,582,0,582
20212,D,발달상권,3120006,종각역,431,279,152,11,71,88,67,70,124,6,43,57,42,47,84,5,28,31,25,23,40,356,0,356
20212,D,발달상권,3120007,북촌(안국역),1599,713,886,178,171,174,255,267,554,91,78,79,123,111,231,87,93,95,132,156,323,817,0,817
20212,D,발달상권,3120008,인사동,397,219,178,17,28,75,55,67,155,12,14,36,24,43,90,5,14,39,31,24,65,308,0,308
20212,D,발달상권,3120009,종로3가역,3706,2479,1227,96,369,340,463,780,1658,52,216,223,323,609,1056,44,153,117,140,171,602,3116,0,3116
20212,D,발달상권,3120010,원남동사거리,810,414,396,45,243,128,80,106,208,21,92,70,50,75,106,24,151,58,30,31,102,589,0,589
20212,D,발달상권,3120011,종로4가,937,464,473,137,120,187,130,158,205,65,62,86,69,81,101,72,58,101,61,77,104,368,0,368
20212,D,발달상권,3120012,대학로(혜화역),2009,943,1066,117,671,321,230,275,395,51,274,166,120,148,184,66,397,155,110,127,211,1346,0,1346
20212,D,발달상권,3120013,이화사거리,823,411,412,49,300,169,83,73,149,22,136,84,47,44,78,27,164,85,36,29,71,631,0,631
20212,D,발달상권,3120014,종로5가역,1017,558,459,25,291,171,87,155,288,11,136,104,58,92,157,14,155,67,29,63,131,847,0,847
20212,D,발달상권,3120015,종로6가,145,84,61,9,13,14,13,34,62,3,7,9,7,23,35,6,6,5,6,11,27,101,0,101
20212,D,발달상권,3120016,동대문역,602,418,184,19,42,47,57,134,303,9,27,32,39,102,209,10,15,15,18,32,94,466,0,466
20212,D,발달상권,3120017,동묘앞역(동묘),1020,521,499,67,173,150,146,188,296,30,83,89,72,96,151,37,90,61,74,92,145,703,0,703
20212,D,발달상권,3120018,중림동,1800,1005,795,129,231,370,338,278,454,60,98,180,203,195,269,69,133,190,135,83,185,1266,0,1266
20212,D,발달상권,3120019,경찰청앞교차로,324,143,181,38,40,78,80,41,47,16,11,39,41,15,21,22,29,39,39,26,26,194,0,194
20212,D,발달상권,3120020,시청역_1번,10,5,5,1,2,0,1,5,1,0,2,0,0,2,1,1,0,0,1,3,0,7,0,7
20212,D,발달상권,3120021,시청역_8번,25,16,9,0,2,2,2,4,15,0,2,1,1,2,10,0,0,1,1,2,5,14,0,14
20212,D,발달상권,3120022,북창동(시청역_6번),258,171,87,2,20,39,40,43,114,1,8,30,33,28,71,1,12,9,7,15,43,234,0,234
20212,D,발달상권,3120023,서울시청,19,10,9,1,1,0,4,4,9,0,0,0,3,1,6,1,1,0,1,3,3,14,0,14
20212,D,발달상권,3120024,회현역,1625,814,811,83,119,153,196,230,844,34,45,81,111,119,424,49,74,72,85,111,420,1109,0,1109
20212,D,발달상권,3120026,을지로입구역,66,38,28,4,5,5,6,16,30,2,3,3,2,11,17,2,2,2,4,5,13,48,0,48
20212,D,발달상권,3120027,명동역(명동재미로),1216,577,639,111,130,152,174,204,445,60,51,73,86,97,210,51,79,79,88,107,235,695,0,695
20212,D,발달상권,3120028,명동(명동거리),117,75,42,8,10,14,13,30,42,3,5,10,9,21,27,5,5,4,4,9,15,85,0,85
20212,D,발달상권,3120029,을지로2가,14,9,5,1,1,2,1,3,6,1,1,1,1,2,3,0,0,1,0,1,3,10,0,10
20212,D,발달상권,3120030,중부경찰서(영화인의거리),427,239,188,38,113,96,46,51,83,17,46,62,32,34,48,21,67,34,14,17,35,316,0,316
20212,D,발달상권,3120031,을지로3가역,670,395,275,7,83,114,89,103,274,4,35,62,57,73,164,3,48,52,32,30,110,588,0,588
20212,D,발달상권,3120032,충무로역,2406,1270,1136,144,385,303,297,400,877,78,202,177,174,224,415,66,183,126,123,176,462,1495,0,1495
20212,D,발달상권,3120033,을지로4가역,80,48,32,1,2,12,4,11,50,0,1,9,3,5,30,1,1,3,1,6,20,57,0,57
20212,D,발달상권,3120034,중구청(퇴계로4가),1256,637,619,118,285,292,165,200,196,62,113,168,79,107,108,56,172,124,86,93,88,739,0,739
20212,D,발달상권,3120035,퇴계로5가,389,215,174,11,113,70,43,57,95,6,50,41,28,35,55,5,63,29,15,22,40,288,0,288
20212,D,발달상권,3120036,장충동족발거리(남소영길),310,158,152,34,85,39,38,34,80,19,45,13,23,18,40,15,40,26,15,16,40,208,0,208
20212,D,발달상권,3120037,동대문역사문화공원역,2054,1067,987,106,280,301,238,358,771,52,132,161,127,206,389,54,148,140,111,152,382,1352,0,1352
20212,D,발달상권,3120038,약수역,2176,1022,1154,170,384,277,303,330,712,90,180,129,155,154,314,80,204,148,148,176,398,1252,0,1252
20212,D,발달상권,3120039,신당역,3369,1652,1717,261,748,693,443,553,671,120,328,336,230,291,347,141,420,357,213,262,324,2095,0,2095
20212,D,발달상권,3120040,용산전자상가(용산역),1415,800,615,104,191,347,254,198,321,55,102,193,167,124,159,49,89,154,87,74,162,843,0,843
20212,D,발달상권,3120041,신용산역(용산역),7176,3373,3803,667,1287,1849,993,1170,1210,344,524,865,477,558,605,323,763,984,516,612,605,4109,0,4109
20212,D,발달상권,3120042,"숙대입구역(남영역, 남영동)",316,158,158,9,89,82,49,43,44,5,37,37,28,27,24,4,52,45,21,16,20,261,0,261
20212,D,발달상권,3120043,서울역,878,774,104,6,11,34,100,279,448,2,6,32,86,265,383,4,5,2,14,14,65,836,0,836
20212,D,발달상권,3120044,삼각지역,1708,894,814,141,284,357,207,266,453,74,160,198,113,134,215,67,124,159,94,132,238,1029,0,1029
20212,D,발달상권,3120045,남영동 먹자골목,634,408,226,22,69,89,108,141,205,11,39,53,84,102,119,11,30,36,24,39,86,487,0,487
20212,D,발달상권,3120046,이태원(이태원역),2689,1360,1329,190,475,595,399,385,645,100,235,340,205,191,289,90,240,255,194,194,356,1705,0,1705
20212,D,발달상권,3120047,한남오거리,1746,794,952,142,229,405,334,234,402,64,113,178,152,110,177,78,116,227,182,124,225,1075,0,1075
20212,D,발달상권,3120048,금호역,1469,733,736,113,224,187,213,259,473,64,125,98,107,132,207,49,99,89,106,127,266,787,0,787
20212,D,발달상권,3120049,왕십리역(왕십리),2400,1136,1264,151,1070,392,196,218,373,73,465,215,95,104,184,78,605,177,101,114,189,1765,0,1765
20212,D,발달상권,3120050,서울숲역,884,435,449,88,188,194,116,136,162,44,90,103,55,70,73,44,98,91,61,66,89,491,0,491
20212,D,발달상권,3120051,뚝섬역,2209,1100,1109,231,362,394,341,361,520,116,159,194,174,208,249,115,203,200,167,153,271,1248,0,1248
20212,D,발달상권,3120052,성수역,1062,596,466,70,216,201,151,191,233,38,94,117,89,127,131,32,122,84,62,64,102,722,0,722
20212,D,발달상권,3120053,건대입구역(건대),4276,1997,2279,191,1304,696,442,444,1199,91,566,366,223,229,522,100,738,330,219,215,677,2966,0,2966
20212,D,발달상권,3120054,어린이대공원역,4222,1933,2289,344,1424,876,484,462,632,166,533,437,250,248,299,178,891,439,234,214,333,2832,0,2832
20212,D,발달상권,3120055,군자역,6446,2864,3582,429,1755,1456,744,836,1226,215,608,632,382,426,601,214,1147,824,362,410,625,4160,0,4160
20212,D,발달상권,3120056,구의역,4390,1983,2407,252,1399,1089,565,459,626,137,523,505,291,234,293,115,876,584,274,225,333,3114,0,3114
20212,D,발달상권,3120057,아차산역,3492,1639,1853,390,574,641,471,592,824,211,235,305,243,273,372,179,339,336,228,319,452,1831,0,1831
20212,D,발달상권,3120058,구의사거리,1867,938,929,245,298,318,284,271,451,131,159,157,144,141,206,114,139,161,140,130,245,925,0,925
20212,D,발달상권,3120059,구삼강변맛길,4389,2089,2300,686,714,605,774,740,870,323,324,281,360,387,414,363,390,324,414,353,456,1946,0,1946
20212,D,발달상권,3120060,강변역(테크노마트),5,4,1,0,0,1,0,1,3,0,0,1,0,0,3,0,0,0,0,1,0,5,0,5
20212,D,발달상권,3120061,올림픽대교북단,234,99,135,16,48,59,32,35,44,3,20,26,14,17,19,13,28,33,18,18,25,156,0,156
20212,D,발달상권,3120062,신설동역,3593,1835,1758,117,1175,721,424,483,673,62,396,369,273,335,400,55,779,352,151,148,273,2999,0,2999
20212,D,발달상권,3120063,청량리역(청량리),1404,821,583,60,259,190,159,266,470,25,112,94,108,174,308,35,147,96,51,92,162,1025,0,1025
20212,D,발달상권,3120064,경희대학교(경희대),691,331,360,66,246,90,78,81,130,25,105,54,36,46,65,41,141,36,42,35,65,481,0,481
20212,D,발달상권,3120065,회기역,2091,940,1151,186,832,359,222,171,321,88,316,188,108,86,154,98,516,171,114,85,167,1486,0,1486
20212,D,발달상권,3120066,장한평역(장한평),4543,2353,2190,276,1157,1067,622,625,796,137,465,579,364,365,443,139,692,488,258,260,353,3035,0,3035
20212,D,발달상권,3120067,장안동사거리,6314,3185,3129,764,1118,1377,1043,888,1124,407,473,721,560,478,546,357,645,656,483,410,578,3467,0,3467
20212,D,발달상권,3120068,사가정역,706,362,344,20,68,121,114,128,255,11,30,68,63,73,117,9,38,53,51,55,138,530,0,530
20212,D,발달상권,3120069,상봉역,6439,2955,3484,699,1444,1203,920,959,1214,344,527,563,447,485,589,355,917,640,473,474,625,3444,0,3444
20212,D,발달상권,3120070,한성대입구역,1072,508,564,91,223,155,155,153,295,48,87,75,87,80,131,43,136,80,68,73,164,701,0,701
20212,D,발달상권,3120071,성북구청,1059,457,602,66,344,219,128,131,171,34,119,93,66,72,73,32,225,126,62,59,98,746,0,746
20212,D,발달상권,3120072,성신여대,3093,1168,1925,171,1239,563,320,312,488,77,304,245,150,171,221,94,935,318,170,141,267,2335,0,2335
20212,D,발달상권,3120073,미아사거리,982,465,517,51,188,120,124,179,320,23,71,59,67,97,148,28,117,61,57,82,172,685,0,685
20212,D,발달상권,3120074,안암역,420,187,233,26,224,46,22,35,67,10,99,24,9,19,26,16,125,22,13,16,41,333,0,333
20212,D,발달상권,3120075,월곡역,2247,1023,1224,246,584,329,295,340,453,118,206,171,135,179,214,128,378,158,160,161,239,1269,0,1269
20212,D,발달상권,3120076,수유역,5624,2866,2758,280,1332,1013,892,892,1215,144,501,564,511,518,628,136,831,449,381,374,587,4009,0,4009
20212,D,발달상권,3120077,미아역,1777,907,870,153,325,208,251,332,508,83,141,116,137,180,250,70,184,92,114,152,258,1077,0,1077
20212,D,발달상권,3120078,미아사거리역,527,257,270,34,74,72,66,95,186,21,32,36,31,45,92,13,42,36,35,50,94,322,0,322
20212,D,발달상권,3120079,창동역,515,316,199,17,136,85,89,101,87,13,58,52,55,73,65,4,78,33,34,28,22,450,0,450
20212,D,발달상권,3120080,마들역,3,2,1,0,0,0,0,0,3,0,0,0,0,0,2,0,0,0,0,0,1,3,0,3
20212,D,발달상권,3120081,노원역,1060,611,449,48,260,180,152,194,226,20,104,112,96,134,145,28,156,68,56,60,81,855,0,855
20212,D,발달상권,3120082,상계백병원,80,31,49,11,19,14,13,11,12,6,6,5,6,5,3,5,13,9,7,6,9,47,0,47
20212,D,발달상권,3120083,등나무근린공원,1535,719,816,322,218,217,379,269,130,154,99,105,174,127,60,168,119,112,205,142,70,633,0,633
20212,D,발달상권,3120084,공릉역,1609,813,796,135,340,216,231,269,418,72,175,108,127,138,193,63,165,108,104,131,225,1077,0,1077
20212,D,발달상권,3120085,은행사거리,191,89,102,57,19,19,55,25,16,27,8,8,28,11,7,30,11,11,27,14,9,100,0,100
20212,D,발달상권,3120086,태릉입구역,1636,778,858,166,479,250,223,257,261,89,155,128,119,150,137,77,324,122,104,107,124,934,0,934
20212,D,발달상권,3120087,응암역,2245,1003,1242,194,469,473,349,299,461,102,172,216,166,148,199,92,297,257,183,151,262,1374,0,1374
20212,D,발달상권,3120088,구산역,1660,758,902,257,273,215,297,257,361,102,113,110,127,142,164,155,160,105,170,115,197,772,0,772
20212,D,발달상권,3120089,구파발역,3135,1406,1729,553,538,884,567,301,292,283,178,380,280,155,130,270,360,504,287,146,162,1612,0,1612
20212,D,발달상권,3120090,연신내역,2993,1366,1627,138,1003,626,339,331,556,70,383,305,172,171,265,68,620,321,167,160,291,2194,0,2194
20212,D,발달상권,3120091,본서부병원,3435,1517,1918,390,743,609,553,465,675,206,257,273,276,223,282,184,486,336,277,242,393,1936,0,1936
20212,D,발달상권,3120092,불광역,1284,614,670,74,324,249,140,198,299,35,127,129,74,99,150,39,197,120,66,99,149,845,0,845
20212,D,발달상권,3120093,연희동,1107,520,587,104,335,226,121,127,194,45,171,114,48,54,88,59,164,112,73,73,106,700,0,700
20212,D,발달상권,3120094,"신촌역(신촌역, 신촌로터리)",3725,1858,1867,134,1612,770,365,313,531,70,742,405,205,190,246,64,870,365,160,123,285,2990,0,2990
20212,D,발달상권,3120095,홍제역,1480,694,786,102,236,175,203,271,493,58,90,96,97,144,209,44,146,79,106,127,284,940,0,940
20212,D,발달상권,3120096,"이화여대(이대역, 이대)",2851,987,1864,128,1239,499,282,270,433,56,288,212,134,130,167,72,951,287,148,140,266,2265,0,2265
20212,D,발달상권,3120097,충정로역,873,324,549,30,363,293,90,43,54,11,119,107,44,19,24,19,244,186,46,24,30,718,0,718
20212,D,발달상권,3120098,DMC(디지털미디어시티),1285,501,784,95,474,308,232,111,65,46,125,130,101,68,31,49,349,178,131,43,34,981,0,981
20212,D,발달상권,3120100,망원역,1147,542,605,114,218,237,183,136,259,60,105,105,94,65,113,54,113,132,89,71,146,633,0,633
20212,D,발달상권,3120101,합정역,6959,3247,3712,1045,1428,1187,946,1060,1293,546,628,525,446,515,587,499,800,662,500,545,706,3485,0,3485
20212,D,발달상권,3120102,서교동(홍대),3224,1523,1701,264,677,664,516,427,676,131,300,315,264,208,305,133,377,349,252,219,371,1861,0,1861
20212,D,발달상권,3120103,홍대입구역(홍대),4693,2085,2608,276,1684,1067,544,426,696,143,649,513,271,206,303,133,1035,554,273,220,393,3238,0,3238
20212,D,발달상권,3120104,연남동(홍대),7337,3503,3834,606,1706,1637,1041,854,1493,319,802,805,521,403,653,287,904,832,520,451,840,4471,0,4471
20212,D,발달상권,3120105,상수역(홍대),1351,591,760,66,487,303,161,105,229,36,199,139,79,44,94,30,288,164,82,61,135,991,0,991
20212,D,발달상권,3120106,마포역,3616,1626,1990,446,472,919,737,512,530,206,186,418,303,264,249,240,286,501,434,248,281,2059,0,2059
20212,D,발달상권,3120107,공덕역(공덕오거리),2488,1106,1382,292,463,505,424,421,383,151,177,207,187,206,178,141,286,298,237,215,205,1269,0,1269
20212,D,발달상권,3120108,신정네거리역,3392,1673,1719,310,597,622,515,523,825,161,247,329,257,284,395,149,350,293,258,239,430,1994,0,1994
20212,D,발달상권,3120109,서울남부지방법원,2189,1095,1094,348,275,274,343,373,576,183,125,135,177,199,276,165,150,139,166,174,300,1055,0,1055
20212,D,발달상권,3120110,목동역 8번출구,2200,1164,1036,229,380,341,342,387,521,113,193,180,194,210,274,116,187,161,148,177,247,1182,0,1182
20212,D,발달상권,3120111,목동사거리,2454,1234,1220,236,385,478,391,379,585,132,186,245,208,188,275,104,199,233,183,191,310,1306,0,1306
20212,D,발달상권,3120112,등촌역,4543,2031,2512,351,1138,1185,606,521,742,174,401,539,311,265,341,177,737,646,295,256,401,2850,0,2850
20212,D,발달상권,3120113,오목교역,3323,1589,1734,758,405,360,658,520,622,380,192,167,311,260,279,378,213,193,347,260,343,1227,0,1227
20212,D,발달상권,3120114,목동신시가지,10522,5044,5478,2819,1102,1205,2483,1418,1495,1490,499,466,1106,785,698,1329,603,739,1377,633,797,3858,0,3858
20212,D,발달상권,3120116,송정역,861,436,425,39,253,187,97,112,173,21,116,97,54,59,89,18,137,90,43,53,84,628,0,628
20212,D,발달상권,3120117,강서농산물도매시장,48,26,22,7,15,4,4,7,11,3,6,3,3,3,8,4,9,1,1,4,3,41,0,41
20212,D,발달상권,3120118,마곡역(마곡),1725,735,990,18,696,691,205,76,39,9,182,346,130,48,20,9,514,345,75,28,19,1583,0,1583
20212,D,발달상권,3120119,발산역(마곡),2329,974,1355,56,1033,707,288,160,85,29,262,352,162,112,57,27,771,355,126,48,28,2112,0,2112
20212,D,발달상권,3120120,화곡역,2784,1304,1480,202,657,733,363,359,470,101,272,357,177,178,219,101,385,376,186,181,251,1729,0,1729
20212,D,발달상권,3120121,까치산역,3505,1591,1914,233,884,954,467,334,633,126,327,481,225,149,283,107,557,473,242,185,350,2142,0,2142
20212,D,발달상권,3120122,강서구청,6478,2907,3571,458,2103,1700,816,629,772,232,706,833,443,333,360,226,1397,867,373,296,412,4582,0,4582
20212,D,발달상권,3120123,오류동역,5234,2395,2839,314,1587,1723,620,352,638,162,565,860,330,203,275,152,1022,863,290,149,363,3946,0,3946
20212,D,발달상권,3120124,개봉동 현대아파트,3727,1824,1903,422,431,518,556,641,1159,220,210,281,302,299,512,202,221,237,254,342,647,1831,0,1831
20212,D,발달상권,3120125,구로역,2187,1133,1054,239,380,459,376,343,390,129,189,223,206,191,195,110,191,236,170,152,195,1144,0,1144
20212,D,발달상권,3120126,디지털단지오거리,599,352,247,13,105,76,75,126,204,8,61,49,49,78,107,5,44,27,26,48,97,446,0,446
20212,D,발달상권,3120127,구로구청,5087,2303,2784,368,1573,1317,755,558,516,194,509,646,388,332,234,174,1064,671,367,226,282,3664,0,3664
20212,D,발달상권,3120128,신도림역,3192,1531,1661,370,568,830,535,478,411,184,229,408,263,234,213,186,339,422,272,244,198,1605,0,1605
20212,D,발달상권,3120129,구로디지털단지,1525,795,730,84,450,461,208,141,181,44,217,252,126,81,75,40,233,209,82,60,106,1148,0,1148
20212,D,발달상권,3120130,구로디지털단지역,2067,1156,911,59,615,611,311,260,211,30,276,342,207,175,126,29,339,269,104,85,85,1747,0,1747
20212,D,발달상권,3120131,가산디지털단지,4705,2495,2210,99,2104,1369,509,293,331,40,855,872,353,201,174,59,1249,497,156,92,157,4135,0,4135
20212,D,발달상권,3120132,독산동,6630,3819,2811,479,1483,1727,954,893,1094,236,789,1115,593,530,556,243,694,612,361,363,538,4547,0,4547
20212,D,발달상권,3120133,서울시흥동우체국(홈플러스시흥점),559,280,279,39,119,99,67,88,147,23,52,52,35,46,72,16,67,47,32,42,75,337,0,337
20212,D,발달상권,3120134,구로전화국,3479,1767,1712,239,665,733,457,557,828,115,303,415,240,293,401,124,362,318,217,264,427,2172,0,2172
20212,D,발달상권,3120135,양평역,511,246,265,49,88,127,89,49,109,28,39,58,49,28,44,21,49,69,40,21,65,321,0,321
20212,D,발달상권,3120136,영등포구청역,2992,1544,1448,181,660,639,380,415,717,83,317,348,214,233,349,98,343,291,166,182,368,2043,0,2043
20212,D,발달상권,3120138,당산2동(영등포우체국),1775,843,932,169,352,309,221,233,491,85,172,153,107,118,208,84,180,156,114,115,283,1119,0,1119
20212,D,발달상권,3120139,대림3동사거리,2313,1207,1106,243,323,248,364,490,645,118,173,131,186,274,325,125,150,117,178,216,320,1232,0,1232
20212,D,발달상권,3120140,문래동주민센터,1164,578,586,171,105,144,201,203,340,84,60,59,97,113,165,87,45,85,104,90,175,597,0,597
20212,D,발달상권,3120141,영등포청과시장교차로,1335,649,686,81,301,299,156,194,304,30,128,157,90,99,145,51,173,142,66,95,159,843,0,843
20212,D,발달상권,3120142,대림역,1534,844,690,93,242,231,229,294,445,45,137,152,136,151,223,48,105,79,93,143,222,1022,0,1022
20212,D,발달상권,3120143,당산역,2879,1189,1690,79,1085,1022,261,184,248,39,308,489,138,94,121,40,777,533,123,90,127,2355,0,2355
20212,D,발달상권,3120144,영중로,1597,676,921,46,590,519,173,101,168,25,170,237,94,61,89,21,420,282,79,40,79,1356,0,1356
20212,D,발달상권,3120145,영등포역(영등포),4753,2992,1761,80,1212,1072,624,758,1007,37,536,650,455,609,705,43,676,422,169,149,302,4219,0,4219
20212,D,발달상권,3120146,한강성심병원,2442,1212,1230,60,989,909,203,134,147,29,375,530,128,77,73,31,614,379,75,57,74,2068,0,2068
20212,D,발달상권,3120147,보라매역,1093,515,578,107,259,247,155,113,212,54,101,120,73,53,114,53,158,127,82,60,98,645,0,645
20212,D,발달상권,3120148,국회의사당역(국회의사당),2445,1145,1300,223,456,800,399,264,303,113,174,381,187,138,152,110,282,419,212,126,151,1658,0,1658
20212,D,발달상권,3120149,여의도역(여의도),2805,1333,1472,470,304,336,470,516,709,223,151,131,230,253,345,247,153,205,240,263,364,1075,0,1075
20212,D,발달상권,3120150,63빌딩,637,282,355,100,61,73,101,97,205,42,27,26,50,47,90,58,34,47,51,50,115,263,0,263
20212,D,발달상권,3120151,보라매공원,5056,2353,2703,799,677,718,809,648,1405,382,309,332,383,305,642,417,368,386,426,343,763,2091,0,2091
20212,D,발달상권,3120152,신대방삼거리역,2793,1245,1548,295,658,662,372,324,482,146,226,282,191,164,236,149,432,380,181,160,246,1709,0,1709
20212,D,발달상권,3120153,노량진역(노량진),2159,1092,1067,63,1012,529,172,156,227,32,430,329,107,88,106,31,582,200,65,68,121,1856,0,1856
20212,D,발달상권,3120154,장승배기역,1002,447,555,66,271,191,120,112,242,31,110,90,59,57,100,35,161,101,61,55,142,648,0,648
20212,D,발달상권,3120155,총신대학교,2123,1020,1103,300,304,318,360,301,540,149,148,153,182,148,240,151,156,165,178,153,300,996,0,996
20212,D,발달상권,3120156,"총신대입구역(이수, 총신대)",4405,2034,2371,488,851,694,659,664,1049,237,336,323,327,335,476,251,515,371,332,329,573,2369,0,2369
20212,D,발달상권,3120157,신림역(신림),8448,4409,4039,285,3376,2264,878,671,974,148,1575,1323,504,368,491,137,1801,941,374,303,483,6728,0,6728
20212,D,발달상권,3120158,녹두거리(대학동),2123,1220,903,90,748,460,301,216,308,50,389,296,202,144,139,40,359,164,99,72,169,1747,0,1747
20212,D,발달상권,3120159,서울대입구역,8567,3745,4822,255,4457,2012,671,496,676,103,1645,1007,364,272,354,152,2812,1005,307,224,322,7285,0,7285
20212,D,발달상권,3120160,사당역(사당),3973,1867,2106,395,989,915,535,451,688,185,407,467,269,209,330,210,582,448,266,242,358,2376,0,2376
20212,D,발달상권,3120161,방배동가구거리(사당동가구거리),1317,610,707,241,195,180,261,204,236,120,98,91,115,97,89,121,97,89,146,107,147,542,0,542
20212,D,발달상권,3120162,방배동카페골목,2276,1065,1211,375,335,391,440,342,393,186,147,185,197,170,180,189,188,206,243,172,213,1096,0,1096
20212,D,발달상권,3120163,사당역 11번(사당역먹자골목),3524,1648,1876,467,506,550,549,533,919,235,243,255,266,243,406,232,263,295,283,290,513,1661,0,1661
20212,D,발달상권,3120164,내방역,2972,1379,1593,389,404,515,505,423,736,178,180,229,246,216,330,211,224,286,259,207,406,1480,0,1480
20212,D,발달상권,3120165,서래마을카페거리(서래마을),1604,745,859,336,194,208,312,234,320,178,88,87,139,117,136,158,106,121,173,117,184,618,0,618
20212,D,발달상권,3120166,방배역,3076,1493,1583,348,421,511,541,488,767,197,197,243,266,243,347,151,224,268,275,245,420,1703,0,1703
20212,D,발달상권,3120167,고속터미널(고속터미널역),304,147,157,92,27,31,70,41,43,46,16,12,30,24,19,46,11,19,40,17,24,96,0,96
20212,D,발달상권,3120168,서울고교교차로,375,190,185,62,41,94,68,44,66,38,23,46,34,18,31,24,18,48,34,26,35,149,0,149
20212,D,발달상권,3120169,서초역,2053,971,1082,269,326,374,285,338,461,140,150,172,135,163,211,129,176,202,150,175,250,917,0,917
20212,D,발달상권,3120170,삼호가든사거리,614,292,322,130,59,132,102,82,109,69,30,58,49,42,44,61,29,74,53,40,65,259,0,259
20212,D,발달상권,3120171,서초3동사거리,3163,1528,1635,359,616,583,514,482,609,187,252,285,259,245,300,172,364,298,255,237,309,1771,0,1771
20212,D,발달상권,3120172,교대입구교차로,3843,1921,1922,390,671,985,703,533,561,221,298,489,354,277,282,169,373,496,349,256,279,2327,0,2327
20212,D,발달상권,3120173,교대역(법원.검찰청),5359,2576,2783,685,929,1060,885,796,1004,345,432,505,421,404,469,340,497,555,464,392,535,2857,0,2857
20212,D,발달상권,3120174,논현역 5번,1387,653,734,173,263,259,216,189,287,90,104,122,113,87,137,83,159,137,103,102,150,717,0,717
20212,D,발달상권,3120175,남부터미널역,4099,1851,2248,450,724,1012,677,569,667,229,291,428,311,265,327,221,433,584,366,304,340,2394,0,2394
20212,D,발달상권,3120176,논현역 4번,4902,2315,2587,329,1008,1239,853,611,862,171,443,593,445,295,368,158,565,646,408,316,494,3227,0,3227
20212,D,발달상권,3120177,신논현역 1번,4597,2309,2288,238,1080,1226,739,550,764,125,498,619,410,299,358,113,582,607,329,251,406,3223,0,3223
20212,D,발달상권,3120178,신사역,3757,1859,1898,282,780,890,561,498,746,133,347,448,299,278,354,149,433,442,262,220,392,2447,0,2447
20212,D,발달상권,3120179,양재역,5125,2413,2712,574,922,1235,815,736,843,270,402,613,372,372,384,304,520,622,443,364,459,2769,0,2769
20212,D,발달상권,3120180,양재화물트럭터미널앞,1346,657,689,397,115,143,308,156,227,223,51,53,154,80,96,174,64,90,154,76,131,392,0,392
20212,D,발달상권,3120181,교육개발원입구사거리,1000,480,520,78,151,232,152,138,249,40,72,118,71,67,112,38,79,114,81,71,137,578,0,578
20212,D,발달상권,3120182,"양재시민의숲역(양재동꽃시장, aT센터)",1907,996,911,235,265,335,304,322,446,123,138,181,160,174,220,112,127,154,144,148,226,1043,0,1043
20212,D,발달상권,3120183,양재천카페거리,1202,611,591,107,173,245,247,183,247,59,90,135,128,90,109,48,83,110,119,93,138,700,0,700
20212,D,발달상권,3120184,포이사거리(삼호물산),5782,2984,2798,603,1025,1282,920,903,1049,330,488,687,476,475,528,273,537,595,444,428,521,3235,0,3235
20212,D,발달상권,3120185,논현역,3722,1809,1913,240,702,857,630,551,742,117,333,425,316,291,327,123,369,432,314,260,415,2397,0,2397
20212,D,발달상권,3120186,가로수길,3152,1382,1770,378,495,607,589,437,646,180,198,257,261,227,259,198,297,350,328,210,387,1777,0,1777
20212,D,발달상권,3120187,신논현역,5512,2640,2872,281,1241,1410,895,649,1036,134,504,686,488,347,481,147,737,724,407,302,555,3959,0,3959
20212,D,발달상권,3120188,압구정역,1129,540,589,157,157,213,198,140,264,83,79,97,92,68,121,74,78,116,106,72,143,598,0,598
20212,D,발달상권,3120189,강남역,6332,2979,3353,634,1313,1697,1025,783,880,313,537,818,493,399,419,321,776,879,532,384,461,4029,0,4029
20212,D,발달상권,3120190,강남을지병원,2366,1063,1303,254,457,495,423,288,449,129,182,233,182,142,195,125,275,262,241,146,254,1367,0,1367
20212,D,발달상권,3120191,학동역,4438,2087,2351,275,755,1109,868,578,853,139,339,539,401,301,368,136,416,570,467,277,485,2983,0,2983
20212,D,발달상권,3120192,뱅뱅사거리,6623,3041,3582,509,1616,2037,1095,647,719,250,618,966,536,332,339,259,998,1071,559,315,380,4718,0,4718
20212,D,발달상권,3120193,도산공원교차로,1184,561,623,125,177,217,210,160,295,58,97,101,110,70,125,67,80,116,100,90,170,596,0,596
20212,D,발달상권,3120194,언주역(차병원),2599,1282,1317,142,483,760,435,329,450,76,222,375,218,175,216,66,261,385,217,154,234,1764,0,1764
20212,D,발달상권,3120195,성수대교남단,444,233,211,59,65,73,87,60,100,36,32,36,44,35,50,23,33,37,43,25,50,224,0,224
20212,D,발달상권,3120196,서울세관,1453,699,754,109,189,275,280,232,368,51,87,140,139,123,159,58,102,135,141,109,209,940,0,940
20212,D,발달상권,3120197,역삼역,6083,3079,3004,523,1507,1800,856,603,794,324,602,907,475,361,410,199,905,893,381,242,384,4337,0,4337
20212,D,발달상권,3120198,구역삼세무서,7376,3813,3563,479,1410,1908,1355,980,1244,248,673,1017,733,547,595,231,737,891,622,433,649,5072,0,5072
20212,D,발달상권,3120199,경복아파트교차로,862,407,455,80,148,260,192,91,91,38,61,113,108,51,36,42,87,147,84,40,55,598,0,598
20212,D,발달상권,3120200,학동사거리,976,427,549,88,166,208,160,125,229,48,59,79,77,62,102,40,107,129,83,63,127,565,0,565
20212,D,발달상권,3120201,도곡1동,1880,867,1013,176,361,462,299,254,328,90,135,218,146,126,152,86,226,244,153,128,176,1108,0,1108
20212,D,발달상권,3120202,압구정로데오역(압구정로데오),1843,860,983,267,240,256,318,276,486,127,94,118,151,144,226,140,146,138,167,132,260,793,0,793
20212,D,발달상권,3120203,강남구청역,1522,713,809,147,292,382,251,204,246,66,136,170,111,112,118,81,156,212,140,92,128,920,0,920
20212,D,발달상권,3120204,르네상스호텔사거리,1595,712,883,107,316,509,318,182,163,53,116,235,151,81,76,54,200,274,167,101,87,1127,0,1127
20212,D,발달상권,3120205,매봉역,1116,543,573,131,209,180,176,172,248,78,88,83,96,73,125,53,121,97,80,99,123,592,0,592
20212,D,발달상권,3120206,개나리아파트,4115,1932,2183,687,712,622,766,564,764,366,326,266,355,290,329,321,386,356,411,274,435,2106,0,2106
20212,D,발달상권,3120207,선정릉역,6714,2997,3717,804,1098,1452,1288,894,1178,423,464,615,576,418,501,381,634,837,712,476,677,3816,0,3816
20212,D,발달상권,3120208,청담사거리(청담동명품거리),3501,1584,1917,373,504,586,624,510,904,184,208,269,296,228,399,189,296,317,328,282,505,1999,0,1999
20212,D,발달상권,3120209,"강남구청(청담역_8번, 강남세무서)",1374,624,750,205,242,240,225,210,252,113,100,92,99,97,123,92,142,148,126,113,129,671,0,671
20212,D,발달상권,3120210,선릉역,4780,2264,2516,332,934,1309,900,630,675,155,372,615,448,336,338,177,562,694,452,294,337,3339,0,3339
20212,D,발달상권,3120211,도성초등학교,1638,780,858,338,246,204,340,267,243,182,124,90,139,131,114,156,122,114,201,136,129,726,0,726
20212,D,발달상권,3120212,한티역,1483,713,770,271,240,150,288,289,245,141,110,71,126,152,113,130,130,79,162,137,132,683,0,683
20212,D,발달상권,3120213,삼성중앙역,4143,2023,2120,429,753,864,708,594,795,245,360,405,359,293,361,184,393,459,349,301,434,2324,0,2324
20212,D,발달상권,3120214,영동대교남단교차로,706,345,361,125,96,123,130,115,117,66,44,53,66,57,59,59,52,70,64,58,58,303,0,303
20212,D,발달상권,3120215,포스코사거리,3639,1706,1933,398,635,916,760,470,460,222,258,384,368,254,220,176,377,532,392,216,240,2275,0,2275
20212,D,발달상권,3120216,경기고교사거리(경기고교앞사거리),218,98,120,12,38,61,44,28,35,6,16,23,20,19,14,6,22,38,24,9,21,151,0,151
20212,D,발달상권,3120217,대치사거리,3838,1911,1927,633,717,676,724,551,537,377,346,337,327,278,246,256,371,339,397,273,291,2031,0,2031
20212,D,발달상권,3120218,코엑스,28,15,13,2,4,2,4,8,8,0,2,1,2,4,6,2,2,1,2,4,2,17,0,17
20212,D,발달상권,3120219,은마아파트,1101,557,544,225,169,92,250,189,176,137,90,41,111,99,79,88,79,51,139,90,97,436,0,436
20212,D,발달상권,3120220,대치역,1297,634,663,375,145,80,315,207,175,191,69,35,139,111,89,184,76,45,176,96,86,391,0,391
20212,D,발달상권,3120221,봉은사역,711,359,352,60,85,148,142,106,170,32,51,76,70,58,72,28,34,72,72,48,98,493,0,493
20212,D,발달상권,3120222,삼성역,746,381,365,62,176,173,115,116,104,38,78,78,55,75,57,24,98,95,60,41,47,508,0,508
20212,D,발달상권,3120223,휘문고교사거리,309,158,151,62,42,27,58,59,61,38,23,12,26,30,29,24,19,15,32,29,32,111,0,111
20212,D,발달상권,3120224,수서역,594,284,310,26,106,144,96,113,109,8,38,65,49,68,56,18,68,79,47,45,53,437,0,437
20212,D,발달상권,3120225,잠실새내역(신천),4074,1922,2152,274,765,912,639,554,930,142,316,443,324,276,421,132,449,469,315,278,509,2702,0,2702
20212,D,발달상권,3120226,석촌고분역,1955,922,1033,189,340,436,282,302,406,101,159,203,142,136,181,88,181,233,140,166,225,1092,0,1092
20212,D,발달상권,3120227,잠실역,5684,2620,3064,972,674,928,874,881,1355,472,310,411,397,397,633,500,364,517,477,484,722,2183,0,2183
20212,D,발달상권,3120228,석촌역(석촌호수),4223,1985,2238,388,828,906,601,605,895,201,377,420,283,291,413,187,451,486,318,314,482,2293,0,2293
20212,D,발달상권,3120229,방이동먹자골목,2889,1401,1488,137,643,708,418,422,561,68,284,351,209,220,269,69,359,357,209,202,292,2005,0,2005
20212,D,발달상권,3120230,송파사거리(송파역),1644,834,810,172,221,473,206,201,371,87,99,241,115,115,177,85,122,232,91,86,194,906,0,906
20212,D,발달상권,3120232,송파나루역,875,426,449,93,167,178,124,131,182,46,79,91,59,68,83,47,88,87,65,63,99,462,0,462
20212,D,발달상권,3120233,몽촌토성역,3436,1375,2061,98,1266,1298,364,204,206,48,379,564,164,108,112,50,887,734,200,96,94,2871,0,2871
20212,D,발달상권,3120234,가락시장역,2694,1460,1234,235,419,436,425,577,602,117,217,248,230,324,324,118,202,188,195,253,278,1472,0,1472
20212,D,발달상권,3120235,문정역,4514,1904,2610,245,1378,1658,589,357,287,122,429,725,299,207,122,123,949,933,290,150,165,3480,0,3480
20212,D,발달상권,3120236,장지역(가든파이브),167,92,75,30,28,35,24,28,22,12,18,22,15,15,10,18,10,13,9,13,12,89,0,89
20212,D,발달상권,3120237,경찰병원역,3823,1982,1841,340,617,755,620,671,820,175,298,394,320,372,423,165,319,361,300,299,397,2305,0,2305
20212,D,발달상권,3120238,방이역,501,258,243,62,69,69,88,84,129,32,35,39,41,47,64,30,34,30,47,37,65,251,0,251
20212,D,발달상권,3120239,오금역,4150,2026,2124,491,680,725,619,688,947,264,314,359,305,330,454,227,366,366,314,358,493,2024,0,2024
20212,D,발달상권,3120240,개롱역,3595,1737,1858,608,526,511,680,556,714,320,250,254,320,274,319,288,276,257,360,282,395,1478,0,1478
20212,D,발달상권,3120241,거여역,1814,931,883,200,277,225,276,347,489,106,143,124,144,177,237,94,134,101,132,170,252,883,0,883
20212,D,발달상권,3120242,강동구청역,3677,1758,1919,506,543,653,626,521,828,268,254,299,302,260,375,238,289,354,324,261,453,1741,0,1741
20212,D,발달상권,3120243,천호역,4206,2016,2190,254,807,977,658,653,857,127,313,475,341,354,406,127,494,502,317,299,451,2801,0,2801
20212,D,발달상권,3120244,암사역,2164,1092,1072,191,361,437,353,313,509,95,160,234,186,174,243,96,201,203,167,139,266,1394,0,1394
20212,D,발달상권,3120245,둔촌역,2797,1426,1371,391,370,413,443,533,647,228,185,218,223,282,290,163,185,195,220,251,357,1358,0,1358
20212,D,발달상권,3120246,길동역,6298,3044,3254,408,1703,1430,840,843,1074,199,642,736,449,457,561,209,1061,694,391,386,513,4215,0,4215
20212,D,발달상권,3120247,굽은다리역,1819,832,987,195,307,325,257,282,453,87,141,150,130,127,197,108,166,175,127,155,256,888,0,888
20212,D,발달상권,3120248,명일역,2253,1121,1132,292,294,282,412,370,603,141,147,146,200,188,299,151,147,136,212,182,304,1153,0,1153
20212,D,발달상권,3120249,고덕역,1201,545,656,191,279,239,191,159,142,114,107,104,80,73,67,77,172,135,111,86,75,627,0,627
20212,R,전통시장,3130001,통인시장,690,297,393,73,84,89,102,119,223,34,36,35,48,53,91,39,48,54,54,66,132,344,0,344
20212,R,전통시장,3130002,세종마을음식문화거리(금천교시장),571,278,293,57,79,85,79,95,176,26,48,39,40,48,77,31,31,46,39,47,99,318,0,318
20212,R,전통시장,3130004,낙원시장(낙원지하시장(대일상가)),315,145,170,36,31,33,55,40,120,21,18,14,34,14,44,15,13,19,21,26,76,144,0,144
20212,R,전통시장,3130005,세운상가가동,27,21,6,0,2,4,4,10,7,0,2,3,3,7,6,0,0,1,1,3,1,22,0,22
20212,R,전통시장,3130007,광장시장(광장전통시장),91,41,50,3,10,8,9,15,46,1,8,4,4,8,16,2,2,4,5,7,30,66,0,66
20212,R,전통시장,3130009,마전교지하쇼핑센터(구 한일상가),1,1,0,0,0,0,0,0,1,0,0,0,0,0,1,0,0,0,0,0,0,1,0,1
20212,R,전통시장,3130010,종로신진시장,112,83,29,0,4,5,16,35,52,0,1,5,14,24,39,0,3,0,2,11,13,102,0,102
20212,R,전통시장,3130011,충신시장,191,102,89,15,26,13,27,43,67,7,11,10,15,24,35,8,15,3,12,19,32,98,0,98
20212,R,전통시장,3130012,"동대문종합시장(동대문종합시장 신관, 동대문종합시장D동상가)",2,2,0,0,0,0,0,2,0,0,0,0,0,2,0,0,0,0,0,0,0,2,0,2
20212,R,전통시장,3130013,동대문상가A동,40,18,22,0,3,2,3,5,27,0,3,1,1,3,10,0,0,1,2,2,17,27,0,27
20212,R,전통시장,3130014,동문시장,128,87,41,0,13,13,10,39,53,0,8,11,5,28,35,0,5,2,5,11,18,100,0,100
20212,R,전통시장,3130015,창신골목시장,733,388,345,42,64,55,96,161,315,23,36,36,49,99,145,19,28,19,47,62,170,502,0,502
20212,R,전통시장,3130016,동대문상가B동,51,29,22,2,8,9,4,11,17,0,7,6,1,5,10,2,1,3,3,6,7,28,0,28
20212,R,전통시장,3130017,동대문상가C동,81,51,30,4,9,5,10,13,40,3,8,5,10,7,18,1,1,0,0,6,22,55,0,55
20212,R,전통시장,3130018,동대문문구완구거리(동대문문구완구시장),132,75,57,8,11,19,8,24,62,6,6,10,7,11,35,2,5,9,1,13,27,87,0,87
20212,R,전통시장,3130019,동대문상가D동,50,27,23,2,2,7,11,7,21,1,2,4,6,3,11,1,0,3,5,4,10,33,0,33
20212,R,전통시장,3130020,동묘시장(동묘벼룩시장),413,206,207,5,142,69,42,56,99,1,51,38,25,37,54,4,91,31,17,19,45,349,0,349
20212,R,전통시장,3130021,신설종합시장,8,8,0,0,0,2,0,4,2,0,0,2,0,4,2,0,0,0,0,0,0,7,0,7
20212,R,전통시장,3130024,남대문시장(자유상가),62,37,25,1,4,5,7,15,30,0,3,4,5,11,14,1,1,1,2,4,16,49,0,49
20212,R,전통시장,3130031,청계천공구상가,40,27,13,0,0,3,5,8,24,0,0,3,4,8,12,0,0,0,1,0,12,33,0,33
20212,R,전통시장,3130032,인현시장,161,96,65,9,14,18,18,35,67,6,6,9,13,25,37,3,8,9,5,10,30,94,0,94
20212,R,전통시장,3130033,대림상가(청계상가),131,83,48,2,9,19,10,34,57,1,5,10,7,24,36,1,4,9,3,10,21,87,0,87
20212,R,전통시장,3130034,필동 골목형상점가,7,4,3,0,1,1,1,2,2,0,1,1,0,2,0,0,0,0,1,0,2,6,0,6
20212,R,전통시장,3130035,방산종합시장(방산시장),316,223,93,5,37,41,32,62,139,1,26,28,22,46,100,4,11,13,10,16,39,253,0,253
20212,R,전통시장,3130036,중부시장(신중부시장),378,219,159,9,89,57,41,61,121,6,25,32,30,48,78,3,64,25,11,13,43,326,0,326
20212,R,전통시장,3130038,"평화시장(통일상가, 동화상가)",12,9,3,2,0,3,1,2,4,0,0,3,1,1,4,2,0,0,0,1,0,8,0,8
20212,R,전통시장,3130042,약수시장,477,231,246,51,66,65,59,88,148,24,28,30,28,56,65,27,38,35,31,32,83,256,0,256
20212,R,전통시장,3130046,team204(팀204),1,1,0,0,0,0,0,0,1,0,0,0,0,0,1,0,0,0,0,0,0,1,0,1
20212,R,전통시장,3130047,테크노상가(엘리시움),8,7,1,2,0,1,1,3,1,2,0,0,1,3,1,0,0,1,0,0,0,6,0,6
20212,R,전통시장,3130048,동평화시장,55,26,29,2,8,8,4,12,21,2,5,2,2,5,10,0,3,6,2,7,11,37,0,37
20212,R,전통시장,3130049,신당 미래유산 먹거리 골목형상점가,152,97,55,6,17,20,18,40,51,2,10,12,15,29,29,4,7,8,3,11,22,121,0,121
20212,R,전통시장,3130050,청평화시장,3,2,1,0,0,1,0,1,1,0,0,1,0,1,0,0,0,0,0,0,1,3,0,3
20212,R,전통시장,3130051,동화동 골목형상점가,1456,710,746,184,200,204,222,261,385,85,100,97,119,145,164,99,100,107,103,116,221,683,0,683
20212,R,전통시장,3130052,서울중앙시장(신중앙시장),1317,716,601,82,154,146,142,243,550,48,81,91,80,145,271,34,73,55,62,98,279,787,0,787
20212,R,전통시장,3130053,백학시장,1018,530,488,82,110,99,143,230,354,41,68,60,81,126,154,41,42,39,62,104,200,540,0,540
20212,R,전통시장,3130054,황학동주방가구거리상점가,1199,607,592,74,251,294,132,174,274,31,120,165,71,86,134,43,131,129,61,88,140,771,0,771
20212,R,전통시장,3130055,"황학시장(서울중앙시장, 신중앙시장)",1462,761,701,90,189,224,208,247,504,53,94,112,119,142,241,37,95,112,89,105,263,909,0,909
20212,R,전통시장,3130056,용산용문시장,671,331,340,64,107,98,82,91,229,30,50,57,46,52,96,34,57,41,36,39,133,394,0,394
20212,R,전통시장,3130057,만리시장,31,18,13,2,3,1,2,8,15,1,2,1,1,4,9,1,1,0,1,4,6,17,0,17
20212,R,전통시장,3130058,이촌종합시장,112,59,53,12,15,14,16,24,31,5,9,10,7,11,17,7,6,4,9,13,14,60,0,60
20212,R,전통시장,3130059,후암시장,708,358,350,84,88,92,93,138,213,46,49,52,48,75,88,38,39,40,45,63,125,371,0,371
20212,R,전통시장,3130060,신흥시장,81,41,40,6,9,12,12,12,30,0,7,7,7,8,12,6,2,5,5,4,18,48,0,48
20212,R,전통시장,3130061,이태원시장,67,31,36,6,8,9,6,16,22,4,2,3,4,10,8,2,6,6,2,6,14,34,0,34
20212,R,전통시장,3130062,보광시장,100,48,52,9,11,12,15,14,39,5,7,7,6,8,15,4,4,5,9,6,24,58,0,58
20212,R,전통시장,3130063,신금호역 골목형상점가,422,205,217,43,66,50,72,75,116,19,31,22,35,43,55,24,35,28,37,32,61,240,0,240
20212,R,전통시장,3130064,금남시장,198,102,96,6,18,17,23,43,91,2,11,11,15,24,39,4,7,6,8,19,52,128,0,128
20212,R,전통시장,3130065,무학봉상점가,2688,1354,1334,235,451,334,382,483,803,121,220,197,199,246,371,114,231,137,183,237,432,1592,0,1592
20212,R,전통시장,3130066,행당시장상점가,1912,932,980,136,523,322,220,298,413,72,222,165,121,157,195,64,301,157,99,141,218,1241,0,1241
20212,R,전통시장,3130067,왕십리도선동상점가,3520,1694,1826,313,863,616,447,561,720,167,375,308,242,275,327,146,488,308,205,286,393,2024,0,2024
20212,R,전통시장,3130068,마장축산물시장,1800,920,880,205,258,233,249,326,529,110,125,129,140,171,245,95,133,104,109,155,284,923,0,923
20212,R,전통시장,3130069,"한양대앞상점가(한양시장, 왕십리맛골목)",540,269,271,29,320,84,23,26,58,9,165,46,13,13,23,20,155,38,10,13,35,451,0,451
20212,R,전통시장,3130070,뚝섬역상점가,1411,732,679,92,353,303,187,190,286,41,175,168,95,109,144,51,178,135,92,81,142,920,0,920
20212,R,전통시장,3130071,성수역 골목형상점가,7,5,2,1,0,0,3,3,0,1,0,0,2,2,0,0,0,0,1,1,0,5,0,5
20212,R,전통시장,3130072,성동용답상가시장,4259,2142,2117,442,629,501,631,806,1250,223,318,273,316,425,587,219,311,228,315,381,663,2147,0,2147
20212,R,전통시장,3130073,뚝도시장,519,277,242,37,74,60,70,111,167,20,42,36,42,55,82,17,32,24,28,56,85,300,0,300
20212,R,전통시장,3130074,영동교골목시장,457,234,223,34,51,44,62,103,163,19,21,28,39,53,74,15,30,16,23,50,89,275,0,275
20212,R,전통시장,3130075,노룬산시장(노룬산골목시장),95,40,55,8,10,13,10,15,39,4,4,5,6,9,12,4,6,8,4,6,27,62,0,62
20212,R,전통시장,3130076,능동로골목시장,773,381,392,44,108,98,96,135,292,19,51,53,50,75,133,25,57,45,46,60,159,448,0,448
20212,R,전통시장,3130077,조양시장,76,42,34,3,25,13,10,7,18,3,14,7,4,7,7,0,11,6,6,0,11,54,0,54
20212,R,전통시장,3130078,화양제일골목시장,898,433,465,35,350,198,93,86,136,15,150,109,56,44,59,20,200,89,37,42,77,683,0,683
20212,R,전통시장,3130079,한아름시장,346,139,207,13,166,69,26,34,38,5,57,32,13,15,17,8,109,37,13,19,21,264,0,264
20212,R,전통시장,3130080,자양종합시장(기능상실),58,28,30,13,7,8,12,8,10,5,2,4,8,3,6,8,5,4,4,5,4,19,0,19
20212,R,전통시장,3130081,자양골목전통시장(자양골목시장),1945,925,1020,217,321,322,296,321,468,111,163,167,149,140,195,106,158,155,147,181,273,982,0,982
20212,R,전통시장,3130082,면곡골목시장,228,118,110,16,38,45,15,49,65,5,22,24,7,24,36,11,16,21,8,25,29,118,0,118
20212,R,전통시장,3130083,"중곡제일시장(중곡제일골목시장, 광성시장)",826,421,405,92,126,131,116,156,205,42,67,84,56,74,98,50,59,47,60,82,107,392,0,392
20212,R,전통시장,3130084,신성시장(신성골목시장),210,99,111,16,33,34,32,38,57,11,15,18,14,17,24,5,18,16,18,21,33,111,0,111
20212,R,전통시장,3130085,용두시장,25,16,9,1,1,1,7,5,10,0,1,0,5,4,6,1,0,1,2,1,4,18,0,18
20212,R,전통시장,3130086,서울약령시장,2184,1194,990,115,285,278,298,342,866,64,145,181,174,194,436,51,140,97,124,148,430,1493,0,1493
20212,R,전통시장,3130087,경동광성상가(경동시장),73,32,41,3,7,4,7,7,45,2,5,2,4,4,15,1,2,2,3,3,30,50,0,50
20212,R,전통시장,3130088,경동시장,4,3,1,0,0,0,1,0,3,0,0,0,1,0,2,0,0,0,0,0,1,3,0,3
20212,R,전통시장,3130089,청량리수산시장,358,190,168,24,30,35,55,49,165,11,19,19,33,26,82,13,11,16,22,23,83,222,0,222
20212,R,전통시장,3130090,청량리종합시장,105,63,42,1,8,13,7,20,56,1,5,7,5,15,30,0,3,6,2,5,26,61,0,61
20212,R,전통시장,3130091,청량종합도매시장,688,339,349,35,114,94,69,103,273,14,66,50,32,63,114,21,48,44,37,40,159,412,0,412
20212,R,전통시장,3130092,청량리농수산물시장,398,219,179,32,41,38,33,67,187,24,21,22,21,35,96,8,20,16,12,32,91,229,0,229
20212,R,전통시장,3130093,동서시장,3,3,0,0,0,0,0,2,1,0,0,0,0,2,1,0,0,0,0,0,0,3,0,3
20212,R,전통시장,3130094,청량리청과물시장,65,45,20,4,4,7,7,15,28,2,1,5,6,11,20,2,3,2,1,4,8,48,0,48
20212,R,전통시장,3130095,청량리전통시장,416,274,142,4,25,30,43,83,231,3,15,16,31,67,142,1,10,14,12,16,89,348,0,348
20212,R,전통시장,3130097,답십리 건축자재시장,1527,763,764,140,224,169,192,289,513,69,125,93,94,142,240,71,99,76,98,147,273,816,0,816
20212,R,전통시장,3130098,회기시장,1239,541,698,67,561,186,112,92,221,30,221,97,60,39,94,37,340,89,52,53,127,958,0,958
20212,R,전통시장,3130099,전농로터리시장,86,52,34,4,7,6,15,21,33,2,5,5,10,13,17,2,2,1,5,8,16,54,0,54
20212,R,전통시장,3130100,답십리시장,430,213,217,47,60,58,73,64,128,17,33,33,37,34,59,30,27,25,36,30,69,210,0,210
20212,R,전통시장,3130101,답십리현대시장,272,141,131,19,36,32,33,51,101,10,19,19,20,26,47,9,17,13,13,25,54,164,0,164
20212,R,전통시장,3130102,이문제일시장,76,32,44,9,16,5,10,19,17,2,6,2,4,11,7,7,10,3,6,8,10,34,0,34
20212,R,전통시장,3130103,이경시장,236,133,103,15,26,19,31,43,102,9,17,12,18,27,50,6,9,7,13,16,52,135,0,135
20212,R,전통시장,3130104,전곡시장,595,300,295,69,64,61,103,103,195,37,34,35,56,54,84,32,30,26,47,49,111,312,0,312
20212,R,전통시장,3130105,장미제일시장(중화동제일시장),1097,544,553,107,190,145,152,213,290,60,96,78,79,108,123,47,94,67,73,105,167,570,0,570
20212,R,전통시장,3130106,중랑동부시장,1323,696,627,115,247,198,201,244,318,60,120,107,111,141,157,55,127,91,90,103,161,812,0,812
20212,R,전통시장,3130107,중랑동부시장(중랑교종합상가),175,87,88,5,29,47,31,19,44,3,13,28,16,6,21,2,16,19,15,13,23,117,0,117
20212,R,전통시장,3130108,태능엔터피아(태릉시장),316,162,154,44,40,44,41,56,91,22,26,24,18,29,43,22,14,20,23,27,48,118,0,118
20212,R,전통시장,3130109,묵1동도깨비시장,852,432,420,102,135,120,135,135,225,52,75,57,74,66,108,50,60,63,61,69,117,383,0,383
20212,R,전통시장,3130110,면목골목시장(면목시장),1569,823,746,165,223,213,249,278,441,90,116,109,143,153,212,75,107,104,106,125,229,865,0,865
20212,R,전통시장,3130111,"동원전통종합시장(동원시장, 동원전통시장 상점가)",1962,976,986,184,247,254,260,380,637,86,126,139,135,198,292,98,121,115,125,182,345,1035,0,1035
20212,R,전통시장,3130112,사가정시장,2061,1003,1058,140,330,314,261,376,640,69,159,177,134,173,291,71,171,137,127,203,349,1132,0,1132
20212,R,전통시장,3130113,신아타운,163,81,82,21,18,24,26,42,32,11,7,10,10,27,16,10,11,14,16,15,16,119,0,119
20212,R,전통시장,3130114,유영시장,105,55,50,14,13,10,19,23,26,7,7,6,10,12,13,7,6,4,9,11,13,45,0,45
20212,R,전통시장,3130115,우림골목시장,2222,1131,1091,167,354,345,272,384,700,82,167,194,162,198,328,85,187,151,110,186,372,1274,0,1274
20212,R,전통시장,3130116,동성타워프라자,249,124,125,31,34,37,22,49,76,16,17,25,12,19,35,15,17,12,10,30,41,98,0,98
20212,R,전통시장,3130117,정릉시장,945,458,487,96,180,111,106,129,323,50,82,62,61,61,142,46,98,49,45,68,181,516,0,516
20212,R,전통시장,3130118,정릉골 골목형상점가,605,304,301,76,107,75,94,98,155,40,47,37,59,51,70,36,60,38,35,47,85,274,0,274
20212,R,전통시장,3130119,정릉아리랑시장,480,214,266,42,71,66,58,79,164,16,30,39,30,33,66,26,41,27,28,46,98,229,0,229
20212,R,전통시장,3130120,돈암시장(돈암제일시장),219,83,136,15,27,43,16,21,97,6,6,21,6,10,34,9,21,22,10,11,63,130,0,130
20212,R,전통시장,3130121,길음시장,31,26,5,1,2,3,4,11,10,0,2,2,4,9,9,1,0,1,0,2,1,29,0,29
20212,R,전통시장,3130122,밤나무골시장,229,108,121,25,17,29,33,41,84,14,6,19,15,19,35,11,11,10,18,22,49,120,0,120
20212,R,전통시장,3130123,꿈의숲 장곡 골목형상점가,331,161,170,47,36,36,51,62,99,24,21,16,20,37,43,23,15,20,31,25,56,142,0,142
20212,R,전통시장,3130124,번동시장,16,8,8,5,0,1,3,1,6,3,0,0,1,0,4,2,0,1,2,1,2,8,0,8
20212,R,전통시장,3130125,장위전통시장,839,407,432,87,95,93,116,146,302,42,53,45,69,69,129,45,42,48,47,77,173,397,0,397
20212,R,전통시장,3130126,새석관시장,55,27,28,1,10,4,6,12,22,1,4,2,5,7,8,0,6,2,1,5,14,34,0,34
20212,R,전통시장,3130127,석관시장,150,82,68,10,24,12,16,35,53,8,14,7,10,21,22,2,10,5,6,14,31,87,0,87
20212,R,전통시장,3130128,돌곶이시장(석관황금시장),1776,918,858,162,221,198,256,325,614,76,122,115,140,180,285,86,99,83,116,145,329,924,0,924
20212,R,전통시장,3130129,장미원골목시장,1471,728,743,200,207,230,201,243,390,103,103,129,108,120,165,97,104,101,93,123,225,662,0,662
20212,R,전통시장,3130130,수유북부골목시장,54,29,25,0,9,2,5,9,29,0,7,0,3,6,13,0,2,2,2,3,16,30,0,30
20212,R,전통시장,3130131,동북프라자,25,15,10,1,1,3,2,3,15,1,1,3,1,2,7,0,0,0,1,1,8,16,0,16
20212,R,전통시장,3130132,삼양골목시장(삼양시장),633,315,318,58,83,69,76,121,226,29,35,40,41,60,110,29,48,29,35,61,116,351,0,351
20212,R,전통시장,3130133,우이골목시장(우이시장),1598,794,804,209,219,162,246,295,467,108,118,93,124,145,206,101,101,69,122,150,261,734,0,734
20212,R,전통시장,3130134,"솔샘시장(미아6,7동골목시장)",137,67,70,11,11,18,16,20,61,3,6,13,8,8,29,8,5,5,8,12,32,78,0,78
20212,R,전통시장,3130135,수유중앙골목시장(수유중앙시장),921,464,457,94,123,116,125,191,272,48,60,59,71,96,130,46,63,57,54,95,142,457,0,457
20212,R,전통시장,3130136,수유재래시장,543,277,266,59,93,92,60,79,160,33,44,52,38,38,72,26,49,40,22,41,88,220,0,220
20212,R,전통시장,3130137,"수유전통시장(수유시장, 수유골목시장)",529,269,260,40,85,51,68,108,177,24,50,28,37,50,80,16,35,23,31,58,97,299,0,299
20212,R,전통시장,3130138,수유프라자,210,97,113,20,26,24,19,46,75,8,13,12,9,20,35,12,13,12,10,26,40,87,0,87
20212,R,전통시장,3130139,강북종합전통시장(강북종합골목시장),2207,1123,1084,146,453,329,289,376,614,76,219,199,160,183,286,70,234,130,129,193,328,1343,0,1343
20212,R,전통시장,3130140,숭인시장,227,119,108,12,34,26,35,50,70,4,17,10,20,34,34,8,17,16,15,16,36,140,0,140
20212,R,전통시장,3130141,강북북부골목시장,1076,537,539,124,182,157,201,148,264,68,84,87,108,80,110,56,98,70,93,68,154,526,0,526
20212,R,전통시장,3130143,방천골목시장,592,294,298,40,109,78,77,102,186,26,51,43,41,50,83,14,58,35,36,52,103,389,0,389
20212,R,전통시장,3130144,백운시장,453,219,234,46,65,56,69,66,151,25,26,30,32,35,71,21,39,26,37,31,80,210,0,210
20212,R,전통시장,3130145,쌍문역둘리상점가,933,450,483,95,199,174,125,134,206,51,89,91,63,60,96,44,110,83,62,74,110,473,0,473
20212,R,전통시장,3130146,쌍문시장(쌍문역골목시장),3436,1690,1746,256,626,475,519,581,979,123,302,249,275,285,456,133,324,226,244,296,523,1953,0,1953
20212,R,전통시장,3130147,쌍문역동측상점가,825,395,430,73,129,131,113,118,261,36,59,67,55,62,116,37,70,64,58,56,145,473,0,473
20212,R,전통시장,3130148,방학동도깨비시장,1109,569,540,116,156,111,143,215,368,64,93,69,72,107,164,52,63,42,71,108,204,528,0,528
20212,R,전통시장,3130149,창동신창시장,2299,1126,1173,286,339,298,344,446,586,142,176,143,191,210,264,144,163,155,153,236,322,987,0,987
20212,R,전통시장,3130150,창동골목시장,1210,591,619,128,138,138,177,214,415,69,70,73,89,106,184,59,68,65,88,108,231,632,0,632
20212,R,전통시장,3130151,신도봉시장,162,79,83,7,24,18,22,30,61,2,11,12,11,17,26,5,13,6,11,13,35,80,0,80
20212,R,전통시장,3130152,오!도봉거리 상점가,734,404,330,68,84,98,108,127,249,36,42,54,68,72,132,32,42,44,40,55,117,411,0,411
20212,R,전통시장,3130153,창동역상점가,174,141,33,5,28,22,30,45,44,2,14,20,26,41,38,3,14,2,4,4,6,159,0,159
20212,R,전통시장,3130154,상계주공1단지(가)상가,68,34,34,8,12,7,6,15,20,5,7,2,4,6,10,3,5,5,2,9,10,24,0,24
20212,R,전통시장,3130155,시영B상가(중계 그린아파트 B 상가),1,1,0,0,0,0,0,1,0,0,0,0,0,1,0,0,0,0,0,0,0,1,0,1
20212,R,전통시장,3130156,시영2단지 무지개종합상가(중계 무지개2단지아파트상가),413,181,232,56,52,89,69,48,99,29,28,39,31,19,35,27,24,50,38,29,64,209,0,209
20212,R,전통시장,3130157,상계중앙시장,1751,893,858,160,240,181,265,340,565,92,118,111,147,171,254,68,122,70,118,169,311,945,0,945
20212,R,전통시장,3130158,상계역전종합상가,1007,420,587,127,135,161,168,146,270,57,60,76,76,62,89,70,75,85,92,84,181,469,0,469
20212,R,전통시장,3130159,공릉동 도깨비시장,1767,893,874,182,342,294,211,274,464,86,165,154,120,135,233,96,177,140,91,139,231,916,0,916
20212,R,전통시장,3130160,수일시장,97,46,51,4,8,9,6,13,57,2,3,8,3,6,24,2,5,1,3,7,33,61,0,61
20212,R,전통시장,3130161,증산종합시장,148,59,89,21,18,19,21,21,48,12,4,8,11,7,17,9,14,11,10,14,31,71,0,71
20212,R,전통시장,3130162,증산골목시장,140,84,56,10,11,12,19,31,57,6,7,10,10,23,28,4,4,2,9,8,29,96,0,96
20212,R,전통시장,3130163,응암오거리상점가,1526,724,802,131,256,237,225,251,426,63,117,113,110,125,196,68,139,124,115,126,230,846,0,846
20212,R,전통시장,3130164,역촌중앙시장,84,39,45,1,14,11,14,16,28,0,6,5,9,8,11,1,8,6,5,8,17,56,0,56
20212,R,전통시장,3130165,"대림골목시장(대림시장, 양지시장)",489,243,246,58,54,50,65,96,166,30,32,30,34,53,64,28,22,20,31,43,102,257,0,257
20212,R,전통시장,3130166,응암시장(신응암시장),201,99,102,35,21,25,35,27,58,16,12,13,17,15,26,19,9,12,18,12,32,81,0,81
20212,R,전통시장,3130167,연신내상점가(연빛거리),1504,739,765,125,326,242,202,227,382,57,152,112,110,124,184,68,174,130,92,103,198,923,0,923
20212,R,전통시장,3130168,연서시장,306,158,148,22,30,28,31,64,131,12,11,15,15,35,70,10,19,13,16,29,61,167,0,167
20212,R,전통시장,3130169,대조시장,1849,850,999,124,314,298,281,243,589,56,144,154,139,121,236,68,170,144,142,122,353,1100,0,1100
20212,R,전통시장,3130170,제일시장,83,41,42,6,9,18,15,12,23,3,4,8,8,6,12,3,5,10,7,6,11,45,0,45
20212,R,전통시장,3130171,불광먹자골목 골목형상점가,1194,527,667,66,310,267,162,153,236,28,130,124,80,71,94,38,180,143,82,82,142,809,0,809
20212,R,전통시장,3130172,모래내시장(서중시장),81,54,27,1,2,9,11,18,40,1,1,8,8,14,22,0,1,1,3,4,18,59,0,59
20212,R,전통시장,3130173,백련시장,137,60,77,6,16,20,16,24,55,3,7,9,7,10,24,3,9,11,9,14,31,71,0,71
20212,R,전통시장,3130175,신촌 상인회(신촌상점가),3,1,2,0,3,0,0,0,0,0,1,0,0,0,0,0,2,0,0,0,0,3,0,3
20212,R,전통시장,3130176,유진상가,286,132,154,28,41,32,28,53,104,12,18,20,14,21,47,16,23,12,14,32,57,107,0,107
20212,R,전통시장,3130177,인왕시장(홍제골목형상점가),262,126,136,18,33,25,33,61,92,11,14,13,17,34,37,7,19,12,16,27,55,152,0,152
20212,R,전통시장,3130178,이대 앞 스타트업 상점가,48,15,33,2,18,5,7,4,12,1,2,3,2,2,5,1,16,2,5,2,7,35,0,35
20212,R,전통시장,3130179,"이화여대 3,5,7길 상점가",1402,317,1085,48,958,181,61,72,82,14,165,53,23,32,30,34,793,128,38,40,52,1238,0,1238
20212,R,전통시장,3130180,포방터시장,593,295,298,62,69,78,70,100,214,33,35,45,34,53,95,29,34,33,36,47,119,310,0,310
20212,R,전통시장,3130181,아현가구거리상점가,647,357,290,36,97,82,86,146,200,23,54,52,50,86,92,13,43,30,36,60,108,399,0,399
20212,R,전통시장,3130182,영천시장,446,233,213,28,64,53,56,80,165,16,34,33,38,46,66,12,30,20,18,34,99,294,0,294
20212,R,전통시장,3130183,상암동상점가,2863,1430,1433,294,611,569,416,361,612,146,287,304,219,200,274,148,324,265,197,161,338,1679,0,1679
20212,R,전통시장,3130185,망원월드컵시장,874,381,493,114,170,137,132,116,205,55,60,68,63,57,78,59,110,69,69,59,127,452,0,452
20212,R,전통시장,3130186,망원시장,1943,900,1043,191,282,329,315,288,538,99,133,158,146,140,224,92,149,171,169,148,314,1068,0,1068
20212,R,전통시장,3130187,영진시장,271,119,152,34,37,52,40,42,66,18,14,18,22,22,25,16,23,34,18,20,41,134,0,134
20212,R,전통시장,3130188,합정시장,71,30,41,3,17,18,9,6,18,1,8,8,5,2,6,2,9,10,4,4,12,37,0,37
20212,R,전통시장,3130189,서교시장,23,15,8,1,3,9,1,1,8,1,3,5,1,1,4,0,0,4,0,0,4,21,0,21
20212,R,전통시장,3130190,홍대소상공인상점가,339,183,156,15,137,58,41,30,58,9,75,35,24,17,23,6,62,23,17,13,35,258,0,258
20212,R,전통시장,3130191,홍대 걷고싶은 거리,497,240,257,30,127,104,51,53,132,13,57,59,29,26,56,17,70,45,22,27,76,328,0,328
20212,R,전통시장,3130192,동진시장,35,18,17,2,9,7,3,3,11,1,6,2,2,2,5,1,3,5,1,1,6,18,0,18
20212,R,전통시장,3130193,신수시장,64,27,37,5,8,17,8,7,19,2,4,6,4,5,6,3,4,11,4,2,13,40,0,40
20212,R,전통시장,3130194,용강동 상점가,756,389,367,144,91,112,171,102,136,67,53,58,89,55,67,77,38,54,82,47,69,358,0,358
20212,R,전통시장,3130195,도화동 상점가,2517,1170,1347,231,442,469,349,375,651,128,186,220,179,187,270,103,256,249,170,188,381,1475,0,1475
20212,R,전통시장,3130196,공덕시장,12,7,5,0,1,3,1,2,5,0,1,1,1,1,3,0,0,2,0,1,2,5,0,5
20212,R,전통시장,3130197,마포시장,61,52,9,0,1,5,4,27,24,0,0,5,4,24,19,0,1,0,0,3,5,59,0,59
20212,R,전통시장,3130198,아현시장,675,320,355,58,111,85,99,88,234,35,49,47,55,43,91,23,62,38,44,45,143,404,0,404
20212,R,전통시장,3130199,신월3동 골목시장,828,466,362,73,78,72,108,181,316,36,40,45,65,112,168,37,38,27,43,69,148,497,0,497
20212,R,전통시장,3130200,"신월7동 골목시장(약수시장, 우성상가)",264,130,134,32,39,24,40,50,79,14,18,12,25,25,36,18,21,12,15,25,43,110,0,110
20212,R,전통시장,3130201,월정로시장,1426,754,672,141,166,179,202,275,463,79,89,98,110,148,230,62,77,81,92,127,233,756,0,756
20212,R,전통시장,3130202,신영시장,1178,576,602,147,155,121,197,204,354,64,85,69,92,110,156,83,70,52,105,94,198,582,0,582
20212,R,전통시장,3130203,서서울 골목형상점가,565,277,288,47,53,70,82,117,196,25,28,40,40,60,84,22,25,30,42,57,112,345,0,345
20212,R,전통시장,3130204,경창시장,815,396,419,141,80,104,138,129,223,68,43,52,70,67,96,73,37,52,68,62,127,322,0,322
20212,R,전통시장,3130205,신곡종합시장(신월6동 골목시장),129,72,57,11,14,9,22,23,50,8,8,8,10,15,23,3,6,1,12,8,27,72,0,72
20212,R,전통시장,3130206,신정3동 골목시장,47,27,20,3,3,8,4,12,17,3,1,4,2,7,10,0,2,4,2,5,7,30,0,30
20212,R,전통시장,3130207,신정1동 골목시장(신정제일시장),191,95,96,27,15,32,20,27,70,12,6,16,11,15,35,15,9,16,9,12,35,106,0,106
20212,R,전통시장,3130208,목동깨비시장(목3동시장),1237,608,629,147,197,259,185,169,280,75,87,130,98,85,133,72,110,129,87,84,147,643,0,643
20212,R,전통시장,3130209,목사랑시장(목4동시장),1630,815,815,254,265,170,240,303,398,150,146,85,110,137,187,104,119,85,130,166,211,645,0,645
20212,R,전통시장,3130210,목2동시장,1293,593,700,80,247,273,141,182,370,34,85,138,67,103,166,46,162,135,74,79,204,841,0,841
20212,R,전통시장,3130211,신정2동 골목시장(오목교중앙시장),786,397,389,86,104,89,123,151,233,46,63,53,65,73,97,40,41,36,58,78,136,369,0,369
20212,R,전통시장,3130212,공항시장,375,188,187,10,117,109,33,37,69,7,36,68,19,22,36,3,81,41,14,15,33,307,0,307
20212,R,전통시장,3130213,방신전통시장,455,225,230,62,62,57,62,75,137,34,32,30,35,33,61,28,30,27,27,42,76,194,0,194
20212,R,전통시장,3130214,송화벽화시장(송화골목시장),657,320,337,108,111,111,108,102,117,50,52,61,47,53,57,58,59,50,61,49,60,320,0,320
20212,R,전통시장,3130216,화곡중앙시장,969,471,498,130,129,188,148,146,228,55,58,102,73,69,114,75,71,86,75,77,114,455,0,455
20212,R,전통시장,3130217,화곡본동시장,340,151,189,36,58,60,53,39,94,16,23,28,28,17,39,20,35,32,25,22,55,179,0,179
20212,R,전통시장,3130218,신월중앙시장,76,43,33,9,14,13,16,10,14,5,7,10,8,7,6,4,7,3,8,3,8,45,0,45
20212,R,전통시장,3130219,까치산시장,963,447,516,95,150,167,156,134,261,46,62,81,79,64,115,49,88,86,77,70,146,512,0,512
20212,R,전통시장,3130220,등마루시장,590,223,367,16,33,22,20,46,453,10,12,11,7,20,163,6,21,11,13,26,290,393,0,393
20212,R,전통시장,3130221,"남부골목시장(남부화곡시장, 남부시장)",2003,957,1046,210,254,286,300,331,622,112,138,139,150,158,260,98,116,147,150,173,362,951,0,951
20212,R,전통시장,3130222,오류시장,167,85,82,9,24,13,22,34,65,5,11,7,16,22,24,4,13,6,6,12,41,109,0,109
20212,R,전통시장,3130223,고척근린시장,559,272,287,50,83,57,80,95,194,24,36,32,46,43,91,26,47,25,34,52,103,313,0,313
20212,R,전통시장,3130224,개봉프라자(고척근린시장),145,70,75,24,8,25,23,19,46,12,5,14,12,9,18,12,3,11,11,10,28,61,0,61
20212,R,전통시장,3130225,개봉중앙시장,3033,1478,1555,300,462,403,443,540,885,166,235,215,236,249,377,134,227,188,207,291,508,1332,0,1332
20212,R,전통시장,3130226,고척프라자,26,13,13,0,2,2,2,5,15,0,1,2,1,1,8,0,1,0,1,4,7,19,0,19
20212,R,전통시장,3130227,고척골목시장상점가(그라운드 고척),271,135,136,13,43,32,30,44,109,4,28,19,15,26,43,9,15,13,15,18,66,160,0,160
20212,R,전통시장,3130228,구로시장,233,121,112,17,25,12,27,56,96,7,14,5,15,34,46,10,11,7,12,22,50,135,0,135
20212,R,전통시장,3130229,남구로시장,636,375,261,60,37,72,92,145,230,29,19,47,56,102,122,31,18,25,36,43,108,402,0,402
20212,R,전통시장,3130230,가리봉시장,152,80,72,10,20,16,13,34,59,5,10,10,2,23,30,5,10,6,11,11,29,103,0,103
20212,R,전통시장,3130231,독산동 우시장,1549,806,743,204,301,540,191,164,149,107,123,307,110,85,74,97,178,233,81,79,75,881,0,881
20212,R,전통시장,3130232,독산동 맛나는거리상점가(독산동 맛나는거리),818,428,390,68,120,105,95,160,270,36,62,57,49,91,133,32,58,48,46,69,137,470,0,470
20212,R,전통시장,3130233,남문시장,1479,736,743,147,190,139,191,339,473,82,92,72,91,167,232,65,98,67,100,172,241,781,0,781
20212,R,전통시장,3130234,푸른터시장(기능상실),228,117,111,22,30,52,32,43,49,14,13,27,16,25,22,8,17,25,16,18,27,127,0,127
20212,R,전통시장,3130235,대명여울빛거리시장(대명시장),1058,544,514,23,144,167,156,174,394,13,69,93,87,94,188,10,75,74,69,80,206,843,0,843
20212,R,전통시장,3130236,비단길현대시장(현대시장),2057,1005,1052,167,304,218,257,393,718,78,159,119,138,192,319,89,145,99,119,201,399,1174,0,1174
20212,R,전통시장,3130237,박미시장(기능상실),282,144,138,15,28,30,52,49,108,10,18,11,26,27,52,5,10,19,26,22,56,174,0,174
20212,R,전통시장,3130238,은행나무시장,1183,579,604,130,174,160,188,189,342,57,85,88,100,105,144,73,89,72,88,84,198,592,0,592
20212,R,전통시장,3130240,영등포유통상가,50,40,10,0,1,5,8,13,23,0,1,4,6,12,17,0,0,1,2,1,6,47,0,47
20212,R,전통시장,3130241,선유도역 골목형상점가,1456,749,707,163,209,322,216,212,334,91,100,169,119,116,154,72,109,153,97,96,180,777,0,777
20212,R,전통시장,3130242,대림중앙 골목형상점가,432,202,230,30,46,36,53,90,177,15,24,16,26,43,78,15,22,20,27,47,99,228,0,228
20212,R,전통시장,3130243,도림시장,74,36,38,7,18,23,5,6,15,4,8,13,3,3,5,3,10,10,2,3,10,52,0,52
20212,R,전통시장,3130244,대림중앙시장,982,475,507,82,110,94,131,186,379,46,64,51,70,85,159,36,46,43,61,101,220,533,0,533
20212,R,전통시장,3130245,영일시장,178,121,57,2,10,17,20,45,84,1,4,15,14,38,49,1,6,2,6,7,35,138,0,138
20212,R,전통시장,3130246,영등포청과시장(조광시장),1705,934,771,83,333,407,199,252,431,41,161,241,119,156,216,42,172,166,80,96,215,1118,0,1118
20212,R,전통시장,3130247,우리시장,368,189,179,38,51,42,49,62,126,22,30,25,22,30,60,16,21,17,27,32,66,182,0,182
20212,R,전통시장,3130248,영등포역지하도상점가,46,28,18,4,3,6,5,9,19,2,3,4,0,8,11,2,0,2,5,1,8,33,0,33
20212,R,전통시장,3130249,동남상가,150,73,77,15,9,11,26,28,61,10,4,8,14,14,23,5,5,3,12,14,38,69,0,69
20212,R,전통시장,3130250,삼구시장(로타리상가),8,6,2,0,0,0,0,2,6,0,0,0,0,1,5,0,0,0,0,1,1,7,0,7
20212,R,전통시장,3130253,영신상가(제일상가),45,39,6,0,3,1,4,10,27,0,1,1,4,9,24,0,2,0,0,1,3,42,0,42
20212,R,전통시장,3130254,남서울상가,2,2,0,0,0,0,0,0,2,0,0,0,0,0,2,0,0,0,0,0,0,2,0,2
20212,R,전통시장,3130255,영등포전통시장,1053,661,392,41,135,142,115,207,413,27,73,97,78,157,229,14,62,45,37,50,184,757,0,757
20212,R,전통시장,3130256,신동시장,44,20,24,4,2,3,7,11,17,3,2,2,1,6,6,1,0,1,6,5,11,25,0,25
20212,R,전통시장,3130257,영등포시장기계공구상가,591,339,252,26,189,148,58,69,101,8,87,90,43,49,62,18,102,58,15,20,39,473,0,473
20212,R,전통시장,3130258,영진시장A동,101,47,54,11,16,10,11,24,29,4,9,4,5,10,15,7,7,6,6,14,14,47,0,47
20212,R,전통시장,3130259,대신시장,213,98,115,23,25,22,30,37,76,10,13,9,12,20,34,13,12,13,18,17,42,82,0,82
20212,R,전통시장,3130260,신대방1동골목상권,505,245,260,44,74,54,69,83,181,25,30,28,32,39,91,19,44,26,37,44,90,303,0,303
20212,R,전통시장,3130261,성대전통시장(성대시장),1954,903,1051,165,343,328,283,297,538,75,137,160,138,153,240,90,206,168,145,144,298,1222,0,1222
20212,R,전통시장,3130262,상도도깨비 골목형상점가,888,440,448,83,130,146,139,138,252,51,62,82,71,69,105,32,68,64,68,69,147,488,0,488
20212,R,전통시장,3130263,신노량진시장(기능상실),228,118,110,15,31,29,33,39,81,7,15,21,19,20,36,8,16,8,14,19,45,132,0,132
20212,R,전통시장,3130264,상도약수골목형상점가,522,244,278,60,106,99,69,82,106,29,48,45,36,38,48,31,58,54,33,44,58,260,0,260
20212,R,전통시장,3130265,노량진중앙시장,115,60,55,3,47,32,7,6,20,1,25,20,1,4,9,2,22,12,6,2,11,97,0,97
20212,R,전통시장,3130266,만양로상점가,66,44,22,3,18,19,8,7,11,1,11,14,8,6,4,2,7,5,0,1,7,53,0,53
20212,R,전통시장,3130267,본동인정시장(기능상실),280,157,123,9,43,41,40,55,92,3,30,23,30,30,41,6,13,18,10,25,51,184,0,184
20212,R,전통시장,3130268,상도전통시장,1587,765,822,119,342,214,205,222,485,65,172,120,98,116,194,54,170,94,107,106,291,975,0,975
20212,R,전통시장,3130269,강남시장(동작구 강남시장),97,42,55,7,14,16,8,18,34,5,3,8,5,6,15,2,11,8,3,12,19,57,0,57
20212,R,전통시장,3130270,흑석시장,50,22,28,5,6,7,7,6,19,3,2,5,6,2,4,2,4,2,1,4,15,32,0,32
20212,R,전통시장,3130271,남성역골목시장,550,241,309,33,114,83,73,66,181,15,43,45,34,30,74,18,71,38,39,36,107,325,0,325
20212,R,전통시장,3130272,사당시장,10,7,3,0,2,1,1,3,3,0,2,1,1,1,2,0,0,0,0,2,1,5,0,5
20212,R,전통시장,3130273,남성사계시장(남성시장),721,365,356,36,138,118,113,100,216,27,62,58,64,55,99,9,76,60,49,45,117,463,0,463
20212,R,전통시장,3130274,사당1동먹자골목상점가(사당1동먹자골목),774,374,400,32,213,160,82,96,191,12,92,84,47,50,89,20,121,76,35,46,102,544,0,544
20212,R,전통시장,3130275,강남골목시장,387,188,199,30,84,72,42,57,102,9,41,38,23,30,47,21,43,34,19,27,55,247,0,247
20212,R,전통시장,3130276,신림중앙시장(조원동 펭귄시장),66,42,24,5,22,13,7,9,10,2,10,11,5,8,6,3,12,2,2,1,4,56,0,56
20212,R,전통시장,3130277,조원동 펭귄시장(신림중앙시장),1363,701,662,123,325,264,178,176,297,60,159,156,103,90,133,63,166,108,75,86,164,832,0,832
20212,R,전통시장,3130278,미성동 도깨비시장 골목형상점가,777,361,416,63,117,79,104,135,279,34,53,37,58,61,118,29,64,42,46,74,161,407,0,407
20212,R,전통시장,3130279,관악신사시장,2181,1078,1103,158,486,347,292,349,549,88,219,194,153,177,247,70,267,153,139,172,302,1355,0,1355
20212,R,전통시장,3130280,신림종합시장,250,138,112,13,86,54,25,29,43,9,47,36,16,11,19,4,39,18,9,18,24,191,0,191
20212,R,전통시장,3130281,우림시장,83,37,46,15,4,18,15,9,22,4,3,8,8,5,9,11,1,10,7,4,13,35,0,35
20212,R,전통시장,3130282,난곡 골목형상점가,336,165,171,42,41,64,35,44,110,19,23,35,21,22,45,23,18,29,14,22,65,166,0,166
20212,R,전통시장,3130283,신원시장,439,254,185,18,109,75,39,80,118,12,53,51,27,49,62,6,56,24,12,31,56,300,0,300
20212,R,전통시장,3130284,관악종합시장(신원시장),13,10,3,0,1,3,2,3,4,0,1,2,2,2,3,0,0,1,0,1,1,11,0,11
20212,R,전통시장,3130285,서원동상점가,865,400,465,16,418,242,71,64,54,9,158,132,40,30,31,7,260,110,31,34,23,751,0,751
20212,R,전통시장,3130286,신신림시장(삼성동시장),30,15,15,0,2,1,2,9,16,0,1,0,2,7,5,0,1,1,0,2,11,21,0,21
20212,R,전통시장,3130287,삼성동 시장(삼성동시장),162,101,61,8,18,18,17,21,80,5,14,13,11,11,47,3,4,5,6,10,33,117,0,117
20212,R,전통시장,3130288,신림현대종합상가,19,7,12,2,3,4,1,4,5,0,1,1,0,2,3,2,2,3,1,2,2,10,0,10
20212,R,전통시장,3130290,영림시장,2084,929,1155,122,670,307,198,248,539,58,247,162,102,137,223,64,423,145,96,111,316,1468,0,1468
20212,R,전통시장,3130291,봉천제일종합시장,168,83,85,1,65,20,11,34,37,0,21,14,4,23,21,1,44,6,7,11,16,151,0,151
20212,R,전통시장,3130292,봉천현대시장,11,4,7,0,4,0,1,3,3,0,2,0,0,2,0,0,2,0,1,1,3,5,0,5
20212,R,전통시장,3130293,봉천중앙시장,421,212,209,14,186,121,30,38,32,6,83,68,16,22,17,8,103,53,14,16,15,322,0,322
20212,R,전통시장,3130294,관악중부시장,588,280,308,32,155,132,78,48,143,14,65,72,41,25,63,18,90,60,37,23,80,409,0,409
20212,R,전통시장,3130295,인헌시장(원당종합시장),1385,693,692,76,308,292,172,178,359,41,149,145,83,112,163,35,159,147,89,66,196,951,0,951
20212,R,전통시장,3130296,남부종합시장,197,93,104,42,20,26,39,26,44,20,12,11,16,14,20,22,8,15,23,12,24,79,0,79
20212,R,전통시장,3130301,양재시장,201,100,101,11,49,55,22,29,35,6,25,30,9,15,15,5,24,25,13,14,20,132,0,132
20212,R,전통시장,3130302,강남시장(강남구 강남시장),272,117,155,37,24,54,52,28,77,19,11,22,23,12,30,18,13,32,29,16,47,109,0,109
20212,R,전통시장,3130303,영동전통시장,1142,546,596,78,215,277,196,161,215,35,99,131,95,88,98,43,116,146,101,73,117,728,0,728
20212,R,전통시장,3130305,논현종합시장,84,38,46,7,7,13,20,6,31,3,2,4,11,4,14,4,5,9,9,2,17,47,0,47
20212,R,전통시장,3130306,강남언주로,408,199,209,19,91,110,69,49,70,6,44,60,38,23,28,13,47,50,31,26,42,274,0,274
20212,R,전통시장,3130307,도곡시장,35,20,15,8,1,4,7,7,8,6,0,2,4,3,5,2,1,2,3,4,3,12,0,12
20212,R,전통시장,3130308,청담삼익시장,6,3,3,0,0,2,1,0,3,0,0,1,0,0,2,0,0,1,1,0,1,4,0,4
20212,R,전통시장,3130309,은마종합상점가,574,289,285,136,90,44,93,135,76,64,54,20,38,72,41,72,36,24,55,63,35,171,0,171
20212,R,전통시장,3130310,강남개포시장,112,63,49,16,15,22,22,16,21,8,6,12,14,9,14,8,9,10,8,7,7,83,0,83
20212,R,전통시장,3130311,새마을시장,2340,1157,1183,182,379,515,320,329,615,87,175,272,178,161,284,95,204,243,142,168,331,1367,0,1367
20212,R,전통시장,3130312,석촌시장,913,446,467,92,130,174,129,150,238,40,61,81,69,80,115,52,69,93,60,70,123,524,0,524
20212,R,전통시장,3130313,방이시장,5350,2547,2803,608,943,1116,758,762,1163,318,429,567,368,346,519,290,514,549,390,416,644,2702,0,2702
20212,R,전통시장,3130314,풍납시장,3970,1962,2008,346,473,483,585,721,1362,178,252,261,293,378,600,168,221,222,292,343,762,2071,0,2071
20212,R,전통시장,3130315,문정동 로데오거리 상점가(문정동 로데오거리),1222,617,605,121,197,180,209,213,302,64,87,104,101,113,148,57,110,76,108,100,154,687,0,687
20212,R,전통시장,3130316,마천시장,97,50,47,7,11,14,11,17,37,4,5,9,8,7,17,3,6,5,3,10,20,58,0,58
20212,R,전통시장,3130317,마천중앙시장,1061,566,495,139,86,132,152,189,363,56,49,82,86,115,178,83,37,50,66,74,185,536,0,536
20212,R,전통시장,3130318,로데오거리상점가,773,343,430,11,242,255,116,92,57,4,73,116,55,63,32,7,169,139,61,29,25,670,0,670
20212,R,전통시장,3130319,성내전통시장,1314,673,641,130,169,197,218,215,385,57,83,106,116,124,187,73,86,91,102,91,198,715,0,715
20212,R,전통시장,3130320,암사종합시장,989,508,481,85,168,197,157,144,238,38,82,105,94,74,115,47,86,92,63,70,123,556,0,556
20212,R,전통시장,3130321,장신구 특화거리 상점가,1443,722,721,239,225,312,234,195,238,116,126,154,120,88,118,123,99,158,114,107,120,664,0,664
20212,R,전통시장,3130322,고분다리전통시장,771,400,371,58,106,85,110,135,277,29,56,48,62,74,131,29,50,37,48,61,146,437,0,437
20212,R,전통시장,3130323,둔촌역전통시장,1515,782,733,152,213,221,231,273,425,93,123,122,122,134,188,59,90,99,109,139,237,718,0,718
20212,R,전통시장,3130324,길동복조리시장,1129,555,574,118,158,129,170,175,379,66,77,73,94,79,166,52,81,56,76,96,213,489,0,489
20212,R,전통시장,3130325,명일전통시장,1895,942,953,341,243,255,312,288,456,170,124,137,142,161,208,171,119,118,170,127,248,697,0,697
20212,R,전통시장,3130326,고덕 골목형상점가,1281,639,642,255,155,407,224,117,123,145,73,204,108,60,49,110,82,203,116,57,74,579,0,579
20212,R,전통시장,3130327,"평화시장(남평화시장, 제일평화시장, 신평화패션타운)",3,0,3,0,1,1,1,0,0,0,0,0,0,0,0,0,1,1,1,0,0,3,0,3
20212,U,관광특구,3001491,이태원 관광특구,5083,2410,2673,326,721,912,761,790,1573,173,346,497,384,376,634,153,375,415,377,414,939,3300,0,3300
20212,U,관광특구,3001492,명동 남대문 북창동 다동 무교동 관광특구,1089,403,686,17,50,107,175,233,507,7,25,56,66,90,159,10,25,51,109,143,348,494,0,494
20212,U,관광특구,3001493,동대문패션타운 관광특구,2636,1264,1372,188,611,611,360,380,486,87,250,290,185,197,255,101,361,321,175,183,231,1704,0,1704
20212,U,관광특구,3001494,종로?청계 관광특구,1795,1196,599,37,199,203,202,394,760,21,121,142,143,285,484,16,78,61,59,109,276,1475,0,1475
20212,U,관광특구,3001495,잠실 관광특구,9817,4317,5500,825,2296,2634,1332,1101,1629,429,830,1144,580,542,792,396,1466,1490,752,559,837,6271,0,6271
20212,U,관광특구,3001496,강남 마이스 관광특구,29,16,13,2,4,2,4,9,8,0,2,1,2,5,6,2,2,1,2,4,2,18,0,18
20213,A,골목상권,3110001,이북5도청사,1020,466,554,160,142,94,160,194,270,85,64,44,68,84,121,75,78,50,92,110,149,401,0,401
20213,A,골목상권,3110002,독립문역 1번,629,309,320,79,57,59,78,91,265,39,29,30,45,51,115,40,28,29,33,40,150,343,0,343
20213,A,골목상권,3110003,세검정초등학교,3212,1505,1707,603,399,372,551,533,754,285,203,179,256,234,348,318,196,193,295,299,406,1270,0,1270
20213,A,골목상권,3110004,대신고등학교,471,221,250,57,61,47,69,77,160,30,34,24,33,33,67,27,27,23,36,44,93,244,0,244
20213,A,골목상권,3110005,세검정,2153,1044,1109,356,294,250,346,374,533,205,153,119,152,173,242,151,141,131,194,201,291,878,0,878
20213,A,골목상권,3110006,부암동주민센터,687,319,368,64,70,75,94,129,255,36,38,32,45,59,109,28,32,43,49,70,146,384,0,384
20213,A,골목상권,3110007,사직공원(한국사회과학도서관),1927,882,1045,267,268,257,315,325,495,131,127,132,148,139,205,136,141,125,167,186,290,885,0,885
20213,A,골목상권,3110008,배화여자대학교(박노수미술관),4595,2051,2544,714,563,656,846,716,1100,347,255,317,360,329,443,367,308,339,486,387,657,2045,0,2045
20213,A,골목상권,3110009,자하문터널,1602,770,832,216,209,237,305,277,358,123,110,122,138,119,158,93,99,115,167,158,200,713,0,713
20213,A,골목상권,3110010,평창동서측,3134,1408,1726,428,389,369,499,549,900,208,189,160,216,244,391,220,200,209,283,305,509,1417,0,1417
20213,A,골목상권,3110011,청운초등학교,431,215,216,74,68,46,63,90,90,44,42,15,30,42,42,30,26,31,33,48,48,164,0,164
20213,A,골목상권,3110012,성곡미술관,1928,873,1055,272,287,267,291,375,436,130,134,117,124,178,190,142,153,150,167,197,246,847,0,847
20213,A,골목상권,3110013,체부동홍종문가옥,374,179,195,46,49,70,53,57,99,26,25,29,27,26,46,20,24,41,26,31,53,198,0,198
20213,A,골목상권,3110014,경복고등학교,931,429,502,136,113,93,162,161,266,76,58,37,73,75,110,60,55,56,89,86,156,464,0,464
20213,A,골목상권,3110015,청와대사랑채,589,279,310,98,82,91,103,94,121,54,38,37,52,41,57,44,44,54,51,53,64,254,0,254
20213,A,골목상권,3110016,평창동동측,2075,986,1089,259,311,233,268,353,651,136,164,104,126,155,301,123,147,129,142,198,350,901,0,901
20213,A,골목상권,3110017,정독도서관,731,353,378,103,88,101,115,129,195,56,42,49,57,63,86,47,46,52,58,66,109,321,0,321
20213,A,골목상권,3110018,중앙고등학교,2795,1324,1471,371,339,398,509,431,747,201,164,190,233,208,328,170,175,208,276,223,419,1295,0,1295
20213,A,골목상권,3110019,창덕궁,243,143,100,6,20,32,37,35,113,4,16,16,25,24,58,2,4,16,12,11,55,159,0,159
20213,A,골목상권,3110020,서울국제고등학교,3990,2018,1972,430,1169,468,478,512,933,201,634,281,233,258,411,229,535,187,245,254,522,2299,0,2299
20213,A,골목상권,3110021,성균관대학교,1915,930,985,180,725,240,208,213,349,89,353,129,102,98,159,91,372,111,106,115,190,1229,0,1229
20213,A,골목상권,3110022,경신고등학교,1552,707,845,265,368,196,278,184,261,128,168,88,130,78,115,137,200,108,148,106,146,784,0,784
20213,A,골목상권,3110023,서울대병원,554,258,296,32,178,108,51,59,126,18,90,50,24,25,51,14,88,58,27,34,75,365,0,365
20213,A,골목상권,3110024,혜회동주민센터,1257,561,696,118,273,155,183,179,349,59,118,81,81,81,141,59,155,74,102,98,208,800,0,800
20213,A,골목상권,3110025,충신시장옆,479,262,217,37,76,76,71,85,134,25,46,44,40,41,66,12,30,32,31,44,68,264,0,264
20213,A,골목상권,3110026,종로5가역 4번,108,53,55,3,14,14,9,30,38,0,8,5,4,14,22,3,6,9,5,16,16,62,0,62
20213,A,골목상권,3110027,혜화역 1번,2669,1220,1449,245,549,407,376,387,705,112,251,190,187,188,292,133,298,217,189,199,413,1450,0,1450
20213,A,골목상권,3110028,이화달팽이길,3909,1998,1911,354,716,514,461,763,1101,179,360,284,254,403,518,175,356,230,207,360,583,2181,0,2181
20213,A,골목상권,3110029,동대문역 1번,5260,2757,2503,487,788,561,683,1174,1567,266,435,329,364,619,744,221,353,232,319,555,823,2569,0,2569
20213,A,골목상권,3110030,동대문역 3번,179,92,87,9,20,16,24,42,68,3,10,11,11,27,30,6,10,5,13,15,38,116,0,116
20213,A,골목상권,3110031,창신역 1번,486,236,250,44,76,61,54,97,154,21,38,27,29,47,74,23,38,34,25,50,80,266,0,266
20213,A,골목상권,3110032,수족관거리,27,14,13,1,0,5,3,4,14,1,0,3,2,3,5,0,0,2,1,1,9,16,0,16
20213,A,골목상권,3110033,창신역 4번,2007,979,1028,161,254,239,291,408,654,75,140,133,155,195,281,86,114,106,136,213,373,1077,0,1077
20213,A,골목상권,3110034,창신1동주민센터,348,200,148,3,5,15,44,74,207,1,1,8,26,41,123,2,4,7,18,33,84,308,0,308
20213,A,골목상권,3110035,동묘앞역 2번,3468,1809,1659,223,472,433,479,765,1096,124,221,254,272,411,527,99,251,179,207,354,569,2014,0,2014
20213,A,골목상권,3110036,동묘앞역 3번,386,213,173,9,208,80,20,29,40,2,106,48,13,18,26,7,102,32,7,11,14,342,0,342
20213,A,골목상권,3110037,신설동역 12번,1535,772,763,117,221,205,191,318,483,60,120,113,94,163,222,57,101,92,97,155,261,807,0,807
20213,A,골목상권,3110038,경향신문사,12,9,3,2,1,2,1,3,3,2,1,2,0,3,1,0,0,0,1,0,2,7,0,7
20213,A,골목상권,3110039,회현역 1번,87,53,34,5,8,6,17,13,38,5,3,5,10,11,19,0,5,1,7,2,19,51,0,51
20213,A,골목상권,3110040,중구회현체육센터(정화예술대남산캠퍼스),906,428,478,76,126,93,131,146,334,35,66,51,68,72,136,41,60,42,63,74,198,482,0,482
20213,A,골목상권,3110041,남산케이블카,701,351,350,76,100,115,106,102,202,40,53,64,60,47,87,36,47,51,46,55,115,439,0,439
20213,A,골목상권,3110042,남산골공원옆,965,470,495,83,200,166,134,130,252,39,87,87,76,66,115,44,113,79,58,64,137,532,0,532
20213,A,골목상권,3110043,충무초등학교,2208,1145,1063,215,814,310,218,238,413,108,440,169,115,138,175,107,374,141,103,100,238,1458,0,1458
20213,A,골목상권,3110044,관성묘,231,109,122,26,45,39,38,31,52,13,21,20,21,14,20,13,24,19,17,17,32,130,0,130
20213,A,골목상권,3110045,동대문역사문화공원역 5번,910,473,437,65,129,119,109,163,325,37,68,71,64,86,147,28,61,48,45,77,178,528,0,528
20213,A,골목상권,3110046,버티고개,3660,1824,1836,336,598,605,547,607,967,184,309,337,276,280,438,152,289,268,271,327,529,1656,0,1656
20213,A,골목상권,3110047,다산성곽길,2754,1296,1458,266,406,379,405,467,831,130,208,190,190,233,345,136,198,189,215,234,486,1360,0,1360
20213,A,골목상권,3110048,장충동주민센터,2453,1191,1262,251,455,421,343,368,615,129,230,209,179,174,270,122,225,212,164,194,345,1262,0,1262
20213,A,골목상권,3110049,장충단 고개,1958,913,1045,236,397,330,292,282,421,128,183,167,136,126,173,108,214,163,156,156,248,988,0,988
20213,A,골목상권,3110050,약수역 7번,769,365,404,73,136,107,113,105,235,40,73,50,53,50,99,33,63,57,60,55,136,396,0,396
20213,A,골목상권,3110051,한양공고앞 교차로,1222,640,582,78,160,158,149,240,437,41,88,90,80,130,211,37,72,68,69,110,226,710,0,710
20213,A,골목상권,3110052,장충초등학교,1688,851,837,176,283,251,213,306,459,91,127,145,113,155,220,85,156,106,100,151,239,876,0,876
20213,A,골목상권,3110053,청구역 1번,2634,1310,1324,209,418,383,371,524,729,100,209,204,210,270,317,109,209,179,161,254,412,1498,0,1498
20213,A,골목상권,3110054,청구역 3번,1988,951,1037,192,442,382,278,282,412,102,204,188,136,138,183,90,238,194,142,144,229,1121,0,1121
20213,A,골목상권,3110055,황학동벼룩시장,302,150,152,10,70,74,29,48,71,4,30,36,17,27,36,6,40,38,12,21,35,224,0,224
20213,A,골목상권,3110056,신당역 3번,5008,2455,2553,460,796,620,682,998,1452,257,358,316,365,525,634,203,438,304,317,473,818,2699,0,2699
20213,A,골목상권,3110057,황학코아루아파트,1743,729,1014,92,567,495,202,187,200,48,179,210,95,102,95,44,388,285,107,85,105,1288,0,1288
20213,A,골목상권,3110058,성심여자고등학교,3736,1777,1959,420,585,504,551,633,1043,188,289,265,285,297,453,232,296,239,266,336,590,1972,0,1972
20213,A,골목상권,3110059,새남터성지,1785,831,954,172,180,210,259,321,643,84,92,122,131,156,246,88,88,88,128,165,397,953,0,953
20213,A,골목상권,3110060,효창공원앞역 6번,3491,1660,1831,375,602,610,540,528,836,195,291,303,253,265,353,180,311,307,287,263,483,1728,0,1728
20213,A,골목상권,3110061,효창동주민센터,3871,1838,2033,506,622,631,559,613,940,263,288,321,267,292,407,243,334,310,292,321,533,1764,0,1764
20213,A,골목상권,3110062,한강로동땡땡거리(은행나무길),1263,664,599,77,154,159,175,207,491,45,77,103,103,121,215,32,77,56,72,86,276,734,0,734
20213,A,골목상권,3110063,효창공원앞역 5번,2934,1472,1462,250,514,641,358,415,756,120,244,355,202,221,330,130,270,286,156,194,426,1651,0,1651
20213,A,골목상권,3110064,효창공원앞역 2번,2998,1377,1621,391,601,542,473,426,565,190,240,282,220,207,238,201,361,260,253,219,327,1454,0,1454
20213,A,골목상권,3110065,남정초등학교,155,72,83,25,28,27,23,18,34,14,14,11,13,5,15,11,14,16,10,13,19,85,0,85
20213,A,골목상권,3110066,서울역 15번,2709,1373,1336,244,423,409,379,524,730,125,218,236,195,266,333,119,205,173,184,258,397,1541,0,1541
20213,A,골목상권,3110067,배문고등학교,7697,3889,3808,806,1439,1229,1132,1338,1753,426,718,711,581,667,786,380,721,518,551,671,967,3893,0,3893
20213,A,골목상권,3110068,남영역 1번,3437,1616,1821,265,719,765,463,442,783,132,276,403,240,222,343,133,443,362,223,220,440,2038,0,2038
20213,A,골목상권,3110069,숙대입구,5535,2202,3333,426,1478,865,734,685,1347,200,410,420,351,308,513,226,1068,445,383,377,834,3446,0,3446
20213,A,골목상권,3110070,용산세무서,105,49,56,18,12,13,16,15,31,6,7,6,9,7,14,12,5,7,7,8,17,43,0,43
20213,A,골목상권,3110071,한강미주맨션아파트,534,241,293,104,54,60,88,88,140,47,29,29,37,46,53,57,25,31,51,42,87,179,0,179
20213,A,골목상권,3110072,열정도,124,91,33,1,8,12,16,23,64,0,8,8,11,22,42,1,0,4,5,1,22,97,0,97
20213,A,골목상권,3110073,삼각지역 3번,478,226,252,17,93,114,65,46,143,13,47,55,36,25,50,4,46,59,29,21,93,364,0,364
20213,A,골목상권,3110074,서울역 12번,3273,2153,1120,170,345,395,468,761,1134,94,158,220,320,582,779,76,187,175,148,179,355,2493,0,2493
20213,A,골목상권,3110075,숙대입구역 1번,3263,1729,1534,243,483,457,463,590,1027,120,248,236,245,346,534,123,235,221,218,244,493,2033,0,2033
20213,A,골목상권,3110076,삼각지역 14번,18,12,6,0,0,1,1,5,11,0,0,1,1,4,6,0,0,0,0,1,5,15,0,15
20213,A,골목상권,3110077,삼광초등학교,1233,595,638,150,159,157,209,198,360,80,77,82,99,104,153,70,82,75,110,94,207,618,0,618
20213,A,골목상권,3110078,이촌동점보아파트,465,217,248,91,61,36,76,88,113,46,33,10,34,38,56,45,28,26,42,50,57,146,0,146
20213,A,골목상권,3110079,후암동주민센터,10480,5031,5449,1365,1572,1771,1716,1654,2402,719,773,912,818,785,1024,646,799,859,898,869,1378,5148,0,5148
20213,A,골목상권,3110080,해방촌예술마을,4131,2028,2103,438,606,664,626,610,1187,242,302,356,326,284,518,196,304,308,300,326,669,2097,0,2097
20213,A,골목상권,3110081,해방촌 남동측,3336,1544,1792,243,528,533,442,506,1084,111,269,255,227,218,464,132,259,278,215,288,620,1950,0,1950
20213,A,골목상권,3110082,용산구청,978,464,514,70,161,210,132,136,269,37,80,106,68,56,117,33,81,104,64,80,152,564,0,564
20214,A,골목상권,3110001,이북5도청사,1020,466,554,160,142,94,160,194,270,85,64,44,68,84,121,75,78,50,92,110,149,401,0,401
20214,A,골목상권,3110002,독립문역 1번,629,309,320,79,57,59,78,91,265,39,29,30,45,51,115,40,28,29,33,40,150,343,0,343
20214,A,골목상권,3110003,세검정초등학교,3212,1505,1707,603,399,372,551,533,754,285,203,179,256,234,348,318,196,193,295,299,406,1270,0,1270
20214,A,골목상권,3110004,대신고등학교,471,221,250,57,61,47,69,77,160,30,34,24,33,33,67,27,27,23,36,44,93,244,0,244
20214,A,골목상권,3110005,세검정,2153,1044,1109,356,294,250,346,374,533,205,153,119,152,173,242,151,141,131,194,201,291,878,0,878
20214,A,골목상권,3110006,부암동주민센터,687,319,368,64,70,75,94,129,255,36,38,32,45,59,109,28,32,43,49,70,146,384,0,384
20214,A,골목상권,3110007,사직공원(한국사회과학도서관),1927,882,1045,267,268,257,315,325,495,131,127,132,148,139,205,136,141,125,167,186,290,885,0,885
20214,A,골목상권,3110008,배화여자대학교(박노수미술관),4595,2051,2544,714,563,656,846,716,1100,347,255,317,360,329,443,367,308,339,486,387,657,2045,0,2045
20214,A,골목상권,3110009,자하문터널,1602,770,832,216,209,237,305,277,358,123,110,122,138,119,158,93,99,115,167,158,200,713,0,713
20214,A,골목상권,3110010,평창동서측,3134,1408,1726,428,389,369,499,549,900,208,189,160,216,244,391,220,200,209,283,305,509,1417,0,1417
20214,A,골목상권,3110011,청운초등학교,431,215,216,74,68,46,63,90,90,44,42,15,30,42,42,30,26,31,33,48,48,164,0,164
20214,A,골목상권,3110012,성곡미술관,1928,873,1055,272,287,267,291,375,436,130,134,117,124,178,190,142,153,150,167,197,246,847,0,847
20214,A,골목상권,3110013,체부동홍종문가옥,374,179,195,46,49,70,53,57,99,26,25,29,27,26,46,20,24,41,26,31,53,198,0,198
20214,A,골목상권,3110014,경복고등학교,931,429,502,136,113,93,162,161,266,76,58,37,73,75,110,60,55,56,89,86,156,464,0,464
20214,A,골목상권,3110015,청와대사랑채,589,279,310,98,82,91,103,94,121,54,38,37,52,41,57,44,44,54,51,53,64,254,0,254
20214,A,골목상권,3110016,평창동동측,2075,986,1089,259,311,233,268,353,651,136,164,104,126,155,301,123,147,129,142,198,350,901,0,901
20214,A,골목상권,3110017,정독도서관,731,353,378,103,88,101,115,129,195,56,42,49,57,63,86,47,46,52,58,66,109,321,0,321
20214,A,골목상권,3110018,중앙고등학교,2795,1324,1471,371,339,398,509,431,747,201,164,190,233,208,328,170,175,208,276,223,419,1295,0,1295
20214,A,골목상권,3110019,창덕궁,243,143,100,6,20,32,37,35,113,4,16,16,25,24,58,2,4,16,12,11,55,159,0,159
20214,A,골목상권,3110020,서울국제고등학교,3990,2018,1972,430,1169,468,478,512,933,201,634,281,233,258,411,229,535,187,245,254,522,2299,0,2299
20214,A,골목상권,3110021,성균관대학교,1915,930,985,180,725,240,208,213,349,89,353,129,102,98,159,91,372,111,106,115,190,1229,0,1229
20214,A,골목상권,3110022,경신고등학교,1552,707,845,265,368,196,278,184,261,128,168,88,130,78,115,137,200,108,148,106,146,784,0,784
20214,A,골목상권,3110023,서울대병원,554,258,296,32,178,108,51,59,126,18,90,50,24,25,51,14,88,58,27,34,75,365,0,365
20214,A,골목상권,3110024,혜회동주민센터,1257,561,696,118,273,155,183,179,349,59,118,81,81,81,141,59,155,74,102,98,208,800,0,800
20214,A,골목상권,3110025,충신시장옆,479,262,217,37,76,76,71,85,134,25,46,44,40,41,66,12,30,32,31,44,68,264,0,264
20214,A,골목상권,3110026,종로5가역 4번,108,53,55,3,14,14,9,30,38,0,8,5,4,14,22,3,6,9,5,16,16,62,0,62
20214,A,골목상권,3110027,혜화역 1번,2669,1220,1449,245,549,407,376,387,705,112,251,190,187,188,292,133,298,217,189,199,413,1450,0,1450
20214,A,골목상권,3110028,이화달팽이길,3909,1998,1911,354,716,514,461,763,1101,179,360,284,254,403,518,175,356,230,207,360,583,2181,0,2181
20214,A,골목상권,3110029,동대문역 1번,5260,2757,2503,487,788,561,683,1174,1567,266,435,329,364,619,744,221,353,232,319,555,823,2569,0,2569
20214,A,골목상권,3110030,동대문역 3번,179,92,87,9,20,16,24,42,68,3,10,11,11,27,30,6,10,5,13,15,38,116,0,116
20214,A,골목상권,3110031,창신역 1번,486,236,250,44,76,61,54,97,154,21,38,27,29,47,74,23,38,34,25,50,80,266,0,266
20214,A,골목상권,3110032,수족관거리,27,14,13,1,0,5,3,4,14,1,0,3,2,3,5,0,0,2,1,1,9,16,0,16
20214,A,골목상권,3110033,창신역 4번,2007,979,1028,161,254,239,291,408,654,75,140,133,155,195,281,86,114,106,136,213,373,1077,0,1077
20214,A,골목상권,3110034,창신1동주민센터,348,200,148,3,5,15,44,74,207,1,1,8,26,41,123,2,4,7,18,33,84,308,0,308
20214,A,골목상권,3110035,동묘앞역 2번,3468,1809,1659,223,472,433,479,765,1096,124,221,254,272,411,527,99,251,179,207,354,569,2014,0,2014
20214,A,골목상권,3110036,동묘앞역 3번,386,213,173,9,208,80,20,29,40,2,106,48,13,18,26,7,102,32,7,11,14,342,0,342
20214,A,골목상권,3110037,신설동역 12번,1535,772,763,117,221,205,191,318,483,60,120,113,94,163,222,57,101,92,97,155,261,807,0,807
20214,A,골목상권,3110038,경향신문사,12,9,3,2,1,2,1,3,3,2,1,2,0,3,1,0,0,0,1,0,2,7,0,7
20214,A,골목상권,3110039,회현역 1번,87,53,34,5,8,6,17,13,38,5,3,5,10,11,19,0,5,1,7,2,19,51,0,51
20214,A,골목상권,3110040,중구회현체육센터(정화예술대남산캠퍼스),906,428,478,76,126,93,131,146,334,35,66,51,68,72,136,41,60,42,63,74,198,482,0,482
20214,A,골목상권,3110041,남산케이블카,701,351,350,76,100,115,106,102,202,40,53,64,60,47,87,36,47,51,46,55,115,439,0,439
20214,A,골목상권,3110042,남산골공원옆,965,470,495,83,200,166,134,130,252,39,87,87,76,66,115,44,113,79,58,64,137,532,0,532
20214,A,골목상권,3110043,충무초등학교,2208,1145,1063,215,814,310,218,238,413,108,440,169,115,138,175,107,374,141,103,100,238,1458,0,1458
20214,A,골목상권,3110044,관성묘,231,109,122,26,45,39,38,31,52,13,21,20,21,14,20,13,24,19,17,17,32,130,0,130
20214,A,골목상권,3110045,동대문역사문화공원역 5번,910,473,437,65,129,119,109,163,325,37,68,71,64,86,147,28,61,48,45,77,178,528,0,528
20214,A,골목상권,3110046,버티고개,3660,1824,1836,336,598,605,547,607,967,184,309,337,276,280,438,152,289,268,271,327,529,1656,0,1656
20214,A,골목상권,3110047,다산성곽길,2754,1296,1458,266,406,379,405,467,831,130,208,190,190,233,345,136,198,189,215,234,486,1360,0,1360
20214,A,골목상권,3110048,장충동주민센터,2453,1191,1262,251,455,421,343,368,615,129,230,209,179,174,270,122,225,212,164,194,345,1262,0,1262
20214,A,골목상권,3110049,장충단 고개,1958,913,1045,236,397,330,292,282,421,128,183,167,136,126,173,108,214,163,156,156,248,988,0,988
20214,A,골목상권,3110050,약수역 7번,769,365,404,73,136,107,113,105,235,40,73,50,53,50,99,33,63,57,60,55,136,396,0,396
20214,A,골목상권,3110051,한양공고앞 교차로,1222,640,582,78,160,158,149,240,437,41,88,90,80,130,211,37,72,68,69,110,226,710,0,710
20214,A,골목상권,3110052,장충초등학교,1688,851,837,176,283,251,213,306,459,91,127,145,113,155,220,85,156,106,100,151,239,876,0,876
20214,A,골목상권,3110053,청구역 1번,2634,1310,1324,209,418,383,371,524,729,100,209,204,210,270,317,109,209,179,161,254,412,1498,0,1498
20214,A,골목상권,3110054,청구역 3번,1988,951,1037,192,442,382,278,282,412,102,204,188,136,138,183,90,238,194,142,144,229,1121,0,1121
20214,A,골목상권,3110055,황학동벼룩시장,302,150,152,10,70,74,29,48,71,4,30,36,17,27,36,6,40,38,12,21,35,224,0,224
20214,A,골목상권,3110056,신당역 3번,5008,2455,2553,460,796,620,682,998,1452,257,358,316,365,525,634,203,438,304,317,473,818,2699,0,2699
20214,A,골목상권,3110057,황학코아루아파트,1743,729,1014,92,567,495,202,187,200,48,179,210,95,102,95,44,388,285,107,85,105,1288,0,1288
20214,A,골목상권,3110058,성심여자고등학교,3736,1777,1959,420,585,504,551,633,1043,188,289,265,285,297,453,232,296,239,266,336,590,1972,0,1972
20214,A,골목상권,3110059,새남터성지,1785,831,954,172,180,210,259,321,643,84,92,122,131,156,246,88,88,88,128,165,397,953,0,953
20214,A,골목상권,3110060,효창공원앞역 6번,3491,1660,1831,375,602,610,540,528,836,195,291,303,253,265,353,180,311,307,287,263,483,1728,0,1728
20214,A,골목상권,3110061,효창동주민센터,3871,1838,2033,506,622,631,559,613,940,263,288,321,267,292,407,243,334,310,292,321,533,1764,0,1764
20214,A,골목상권,3110062,한강로동땡땡거리(은행나무길),1263,664,599,77,154,159,175,207,491,45,77,103,103,121,215,32,77,56,72,86,276,734,0,734
20214,A,골목상권,3110063,효창공원앞역 5번,2934,1472,1462,250,514,641,358,415,756,120,244,355,202,221,330,130,270,286,156,194,426,1651,0,1651
20214,A,골목상권,3110064,효창공원앞역 2번,2998,1377,1621,391,601,542,473,426,565,190,240,282,220,207,238,201,361,260,253,219,327,1454,0,1454
20214,A,골목상권,3110065,남정초등학교,155,72,83,25,28,27,23,18,34,14,14,11,13,5,15,11,14,16,10,13,19,85,0,85
20214,A,골목상권,3110066,서울역 15번,2709,1373,1336,244,423,409,379,524,730,125,218,236,195,266,333,119,205,173,184,258,397,1541,0,1541
20214,A,골목상권,3110067,배문고등학교,7697,3889,3808,806,1439,1229,1132,1338,1753,426,718,711,581,667,786,380,721,518,551,671,967,3893,0,3893
20214,A,골목상권,3110068,남영역 1번,3437,1616,1821,265,719,765,463,442,783,132,276,403,240,222,343,133,443,362,223,220,440,2038,0,2038
20214,A,골목상권,3110069,숙대입구,5535,2202,3333,426,1478,865,734,685,1347,200,410,420,351,308,513,226,1068,445,383,377,834,3446,0,3446
20214,A,골목상권,3110070,용산세무서,105,49,56,18,12,13,16,15,31,6,7,6,9,7,14,12,5,7,7,8,17,43,0,43
20214,A,골목상권,3110071,한강미주맨션아파트,534,241,293,104,54,60,88,88,140,47,29,29,37,46,53,57,25,31,51,42,87,179,0,179
20214,A,골목상권,3110072,열정도,124,91,33,1,8,12,16,23,64,0,8,8,11,22,42,1,0,4,5,1,22,97,0,97
20214,A,골목상권,3110073,삼각지역 3번,478,226,252,17,93,114,65,46,143,13,47,55,36,25,50,4,46,59,29,21,93,364,0,364
20214,A,골목상권,3110074,서울역 12번,3273,2153,1120,170,345,395,468,761,1134,94,158,220,320,582,779,76,187,175,148,179,355,2493,0,2493
20214,A,골목상권,3110075,숙대입구역 1번,3263,1729,1534,243,483,457,463,590,1027,120,248,236,245,346,534,123,235,221,218,244,493,2033,0,2033
20214,A,골목상권,3110076,삼각지역 14번,18,12,6,0,0,1,1,5,11,0,0,1,1,4,6,0,0,0,0,1,5,15,0,15
20214,A,골목상권,3110077,삼광초등학교,1233,595,638,150,159,157,209,198,360,80,77,82,99,104,153,70,82,75,110,94,207,618,0,618
20214,A,골목상권,3110078,이촌동점보아파트,465,217,248,91,61,36,76,88,113,46,33,10,34,38,56,45,28,26,42,50,57,146,0,146
20214,A,골목상권,3110079,후암동주민센터,10480,5031,5449,1365,1572,1771,1716,1654,2402,719,773,912,818,785,1024,646,799,859,898,869,1378,5148,0,5148
20214,A,골목상권,3110080,해방촌예술마을,4131,2028,2103,438,606,664,626,610,1187,242,302,356,326,284,518,196,304,308,300,326,669,2097,0,2097
20214,A,골목상권,3110081,해방촌 남동측,3336,1544,1792,243,528,533,442,506,1084,111,269,255,227,218,464,132,259,278,215,288,620,1950,0,1950
20214,A,골목상권,3110082,용산구청,978,464,514,70,161,210,132,136,269,37,80,106,68,56,117,33,81,104,64,80,152,564,0,564
20214,A,골목상권,3110083,서빙고역 1번,727,358,369,121,82,149,134,92,149,64,37,73,69,51,64,57,45,76,65,41,85,350,0,350
20214,A,골목상권,3110084,경리단길북측,3620,1629,1991,271,528,624,560,524,1113,126,270,314,265,230,424,145,258,310,295,294,689,2154,0,2154
20214,A,골목상권,3110085,경리단길남측,2745,1282,1463,306,460,513,430,370,666,157,218,254,204,177,272,149,242,259,226,193,394,1508,0,1508
20214,A,골목상권,3110086,이태원역 북측,1103,533,570,152,174,191,171,135,280,80,92,90,82,59,130,72,82,101,89,76,150,549,0,549
20214,A,골목상권,3110087,이태원엔틱가구거리,1686,743,943,85,222,211,223,273,672,49,114,131,105,126,218,36,108,80,118,147,454,1150,0,1150
20214,A,골목상권,3110088,오산고등학교,1727,850,877,209,265,258,280,308,407,106,138,136,136,163,171,103,127,122,144,145,236,813,0,813
20214,A,골목상권,3110089,서빙고동주민센터,2539,1233,1306,264,329,348,385,434,779,145,164,194,194,211,325,119,165,154,191,223,454,1322,0,1322
20214,A,골목상권,3110090,한국폴리텍대학서울정수캠퍼스,1963,915,1048,185,298,331,303,331,515,90,144,179,122,167,213,95,154,152,181,164,302,1109,0,1109
20214,A,골목상권,3110091,리움미술관,153,75,78,14,18,35,17,16,53,7,9,21,6,8,24,7,9,14,11,8,29,82,0,82
20214,A,골목상권,3110092,NH농협은행 보광동지점,3527,1743,1784,312,586,534,497,633,965,178,344,277,260,287,397,134,242,257,237,346,568,1848,0,1848
20214,A,골목상권,3110093,우사단길,6035,3127,2908,490,956,1123,925,930,1611,269,534,654,505,489,676,221,422,469,420,441,935,3613,0,3613
20214,A,골목상권,3110094,오산중학교,358,183,175,26,63,49,46,71,103,13,25,35,23,40,47,13,38,14,23,31,56,201,0,201
20214,A,골목상권,3110095,한강진역 3번,2566,1144,1422,196,227,483,452,380,828,108,100,223,230,180,303,88,127,260,222,200,525,1717,0,1717
20214,A,골목상권,3110096,한남힐사이드아파트,972,437,535,118,126,205,148,149,226,64,56,86,77,65,89,54,70,119,71,84,137,454,0,454
20214,A,골목상권,3110097,한남초등학교,226,100,126,26,25,73,33,24,45,12,12,31,16,10,19,14,13,42,17,14,26,131,0,131
20214,A,골목상권,3110098,서울독일학교,219,104,115,29,35,30,30,39,56,16,12,18,18,17,23,13,23,12,12,22,33,117,0,117
20214,A,골목상권,3110099,유엔빌리지길,1823,895,928,312,201,329,273,313,395,162,105,151,132,156,189,150,96,178,141,157,206,835,0,835
20214,A,골목상권,3110100,옥수동우편취급국,107,55,52,16,20,15,12,22,22,11,11,8,6,10,9,5,9,7,6,12,13,43,0,43
20214,A,골목상권,3110101,옥정중학교,662,281,381,79,104,155,123,87,114,38,31,78,50,39,45,41,73,77,73,48,69,378,0,378
20214,A,골목상권,3110102,옥수역 6번,813,385,428,89,131,121,144,101,227,48,55,55,79,56,92,41,76,66,65,45,135,455,0,455
20214,A,골목상권,3110103,옥수터널,409,196,213,36,69,69,58,65,112,16,40,39,31,32,38,20,29,30,27,33,74,215,0,215
20214,A,골목상권,3110104,신금호역 4번,2904,1414,1490,368,407,346,473,507,803,183,203,194,242,249,343,185,204,152,231,258,460,1334,0,1334
20214,A,골목상권,3110105,금동어린이공원,2845,1380,1465,307,395,382,396,486,879,171,214,194,193,237,371,136,181,188,203,249,508,1398,0,1398
20214,A,골목상권,3110106,금북초등학교,919,458,461,118,141,125,119,149,267,68,81,61,54,71,123,50,60,64,65,78,144,407,0,407
20214,A,골목상권,3110107,금호사거리,224,105,119,17,21,30,30,41,85,11,8,15,16,20,35,6,13,15,14,21,50,132,0,132
20214,A,골목상권,3110108,성동구립금호도서관,3,1,2,0,0,0,1,0,2,0,0,0,0,0,1,0,0,0,1,0,1,1,0,1
20214,A,골목상권,3110109,금호삼성래미안아파트,451,226,225,32,73,63,60,75,148,12,39,38,32,36,69,20,34,25,28,39,79,242,0,242
20214,A,골목상권,3110110,상왕십리역 6번,1988,928,1060,156,429,336,277,316,474,77,174,164,148,166,199,79,255,172,129,150,275,1159,0,1159
20214,A,골목상권,3110111,대현산장미원,1418,713,705,162,168,174,255,221,438,83,85,108,125,113,199,79,83,66,130,108,239,617,0,617
20214,A,골목상권,3110112,행당역 2번,2689,1292,1397,308,519,374,390,453,645,159,260,182,189,209,293,149,259,192,201,244,352,1348,0,1348
20214,A,골목상권,3110113,응봉산,1424,710,714,195,186,183,207,276,377,104,103,88,113,136,166,91,83,95,94,140,211,633,0,633
20214,A,골목상권,3110114,왕십리파출소,826,402,424,109,133,126,124,147,187,55,64,60,68,77,78,54,69,66,56,70,109,372,0,372
20214,A,골목상권,3110115,상왕십리역 3번,2063,1044,1019,183,471,355,259,363,432,111,229,199,119,193,193,72,242,156,140,170,239,1116,0,1116
20214,A,골목상권,3110116,청계천박물관,1932,982,950,198,284,218,257,404,571,106,156,118,130,215,257,92,128,100,127,189,314,948,0,948
20214,A,골목상권,3110117,성동구보건소,1595,818,777,175,257,239,205,281,438,101,136,126,114,137,204,74,121,113,91,144,234,795,0,795
20214,A,골목상권,3110118,왕십리역 9번,1097,581,516,86,156,149,131,227,348,41,91,91,62,130,166,45,65,58,69,97,182,694,0,694
20214,A,골목상권,3110119,마장지하차도,284,141,143,34,35,30,43,50,92,17,19,13,25,25,42,17,16,17,18,25,50,147,0,147
20214,A,골목상권,3110120,서울숲카페거리,839,412,427,93,134,149,140,130,193,48,75,68,71,65,85,45,59,81,69,65,108,432,0,432
20214,A,골목상권,3110121,한양대역 4번,934,555,379,73,527,104,50,68,112,34,337,73,30,36,45,39,190,31,20,32,67,771,0,771
20214,A,골목상권,3110122,마장역 2번,846,429,417,123,128,120,136,139,200,59,64,70,69,71,96,64,64,50,67,68,104,365,0,365
20214,A,골목상권,3110123,마장역 3번,2776,1384,1392,249,521,356,337,456,857,129,248,192,176,242,397,120,273,164,161,214,460,1611,0,1611
20214,A,골목상권,3110124,뚝섬역교차로,856,476,380,64,167,124,113,152,236,32,94,74,56,93,127,32,73,50,57,59,109,512,0,512
20214,A,골목상권,3110125,사근동살곶이상점가,4343,2239,2104,383,1637,473,417,490,943,163,917,290,234,227,408,220,720,183,183,263,535,2833,0,2833
20214,A,골목상권,3110126,서울숲역 1번,607,293,314,54,117,114,83,85,154,37,57,60,38,36,65,17,60,54,45,49,89,316,0,316
20214,A,골목상권,3110127,성수1가1동주민센터,980,487,493,51,232,258,142,141,156,22,112,123,64,93,73,29,120,135,78,48,83,715,0,715
20214,A,골목상권,3110128,성원중학교,7452,3995,3457,721,1190,1027,1034,1613,1867,369,669,590,551,904,912,352,521,437,483,709,955,4002,0,4002
20214,A,골목상권,3110129,성원어린이공원,1602,788,814,189,261,296,263,244,349,89,134,136,136,129,164,100,127,160,127,115,185,833,0,833
20214,A,골목상권,3110130,답십리역 6번,1188,587,601,102,197,115,169,224,381,45,101,62,85,120,174,57,96,53,84,104,207,627,0,627
20214,A,골목상권,3110131,성수동카페거리,2618,1405,1213,228,551,480,298,449,612,120,270,277,160,249,329,108,281,203,138,200,283,1526,0,1526
20214,A,골목상권,3110132,성수2가3동주민센터,2091,1066,1025,146,425,453,281,295,491,76,198,235,141,178,238,70,227,218,140,117,253,1318,0,1318
20214,A,골목상권,3110133,서울교통공사,1855,944,911,202,218,254,291,350,540,100,109,125,163,187,260,102,109,129,128,163,280,977,0,977
20214,A,골목상권,3110134,성수119안전센터,5535,2971,2564,521,757,834,786,1121,1516,264,434,458,424,643,748,257,323,376,362,478,768,2888,0,2888
20214,A,골목상권,3110135,성동세무서,1157,628,529,106,212,207,170,190,272,63,113,110,98,105,139,43,99,97,72,85,133,657,0,657
20214,A,골목상권,3110136,경수초등학교,2505,1300,1205,297,332,401,360,427,688,150,169,210,198,218,355,147,163,191,162,209,333,1203,0,1203
20214,A,골목상권,3110137,성수초등학교,1611,857,754,174,321,372,232,235,277,85,136,208,142,132,154,89,185,164,90,103,123,920,0,920
20214,A,골목상권,3110138,송정체육공원,3513,1886,1627,337,616,510,451,667,932,175,319,290,250,387,465,162,297,220,201,280,467,1973,0,1973
20214,A,골목상권,3110139,자양4동주민센터,5303,2677,2626,418,780,779,746,969,1611,195,393,432,400,520,737,223,387,347,346,449,874,3040,0,3040
20214,A,골목상권,3110140,건대입구역 6번,4954,2481,2473,392,805,723,682,859,1493,194,380,395,375,464,673,198,425,328,307,395,820,2848,0,2848
20214,A,골목상권,3110141,건대입구역 1번,3062,1462,1600,149,1224,590,307,287,505,77,523,322,170,138,232,72,701,268,137,149,273,2208,0,2208
20214,A,골목상권,3110142,화양사거리,6199,2984,3215,274,2946,1266,546,509,658,136,1264,701,314,269,300,138,1682,565,232,240,358,4850,0,4850
20214,A,골목상권,3110143,뚝섬유원지역 1번,116,59,57,18,15,11,17,25,30,8,8,5,8,14,16,10,7,6,9,11,14,49,0,49
20214,A,골목상권,3110144,어린이대공원역 4번,2130,1033,1097,83,898,326,196,239,388,38,405,167,109,142,172,45,493,159,87,97,216,1732,0,1732
20214,A,골목상권,3110145,장안초등학교,551,270,281,48,152,75,62,82,132,22,80,40,32,39,57,26,72,35,30,43,75,308,0,308
20214,A,골목상권,3110146,신자초등학교,3818,1938,1880,471,567,591,552,665,972,247,304,308,283,333,463,224,263,283,269,332,509,1853,0,1853
20214,A,골목상권,3110147,능동우편취급국,6260,3171,3089,617,1355,1161,849,968,1310,329,698,616,443,474,611,288,657,545,406,494,699,3407,0,3407
20214,A,골목상권,3110148,어린이대공원역 3번,1537,769,768,82,602,244,154,166,289,36,298,129,90,90,126,46,304,115,64,76,163,1068,0,1068
20214,A,골목상권,3110149,세종대학교,1055,490,565,96,301,204,131,143,180,45,141,100,65,61,78,51,160,104,66,82,102,598,0,598
20214,A,골목상권,3110150,중곡1동 마을마당,6333,3133,3200,631,1107,1244,863,974,1514,333,560,625,445,487,683,298,547,619,418,487,831,3330,0,3330
20214,A,골목상권,3110151,자양한강도서관,4732,2306,2426,538,763,774,752,799,1106,288,380,378,385,375,500,250,383,396,367,424,606,2312,0,2312
20214,A,골목상권,3110152,중곡어린이공원,2023,1029,994,243,293,326,308,360,493,134,138,179,165,181,232,109,155,147,143,179,261,996,0,996
20214,A,골목상권,3110153,중곡1동주민센터,2573,1221,1352,233,437,546,368,370,619,122,180,279,186,173,281,111,257,267,182,197,338,1412,0,1412
20214,A,골목상권,3110154,광진정말공원,4366,2121,2245,482,727,672,640,775,1070,268,364,336,319,371,463,214,363,336,321,404,607,2148,0,2148
20214,A,골목상권,3110155,광진구청,4200,2072,2128,487,926,626,615,675,871,256,463,336,292,323,402,231,463,290,323,352,469,2111,0,2111
20214,A,골목상권,3110156,군자역 5번,6239,2862,3377,602,1308,1363,923,747,1296,304,561,616,472,343,566,298,747,747,451,404,730,3544,0,3544
20214,A,골목상권,3110157,자양동우체국,5774,2858,2916,823,890,889,971,994,1207,423,481,445,481,481,547,400,409,444,490,513,660,2602,0,2602
20214,A,골목상권,3110158,중곡3동주민센터,6729,3352,3377,651,1043,1054,958,1201,1822,355,494,573,488,609,833,296,549,481,470,592,989,3649,0,3649
20214,A,골목상권,3110159,구의역 4번,8894,4239,4655,857,1714,1470,1232,1443,2178,396,798,739,633,701,972,461,916,731,599,742,1206,4855,0,4855
20214,A,골목상권,3110160,광진경찰서,1893,905,988,232,351,336,341,297,336,126,172,161,164,140,142,106,179,175,177,157,194,944,0,944
20214,A,골목상권,3110161,중곡역 3번,4891,2419,2472,495,811,834,667,826,1258,256,411,434,348,385,585,239,400,400,319,441,673,2469,0,2469
20214,A,골목상권,3110162,군자역 4번,3729,1750,1979,523,643,667,572,540,784,249,301,321,277,249,353,274,342,346,295,291,431,1665,0,1665
20214,A,골목상권,3110163,성자초등학교,2923,1365,1558,424,454,503,484,449,609,212,201,241,236,210,265,212,253,262,248,239,344,1278,0,1278
20214,A,골목상권,3110164,아차산역 5번,3398,1584,1814,369,642,816,451,437,683,203,275,359,227,202,318,166,367,457,224,235,365,1755,0,1755
20214,A,골목상권,3110165,국립정신건강센터,4189,2027,2162,474,747,667,548,778,975,236,371,346,264,364,446,238,376,321,284,414,529,1913,0,1913
20214,A,골목상권,3110166,구의1동주민센터,6101,2891,3210,473,1390,1160,867,897,1314,232,640,585,429,426,579,241,750,575,438,471,735,3508,0,3508
20214,A,골목상권,3110167,용마초등학교,6882,3267,3615,958,1127,1201,1019,1097,1480,497,530,585,489,506,660,461,597,616,530,591,820,3155,0,3155
20214,A,골목상권,3110168,대원고등학교,2583,1265,1318,359,456,392,366,495,515,191,225,200,168,239,242,168,231,192,198,256,273,1104,0,1104
20214,A,골목상권,3110169,성동초등학교,2609,1307,1302,238,529,579,311,420,532,130,252,325,153,194,253,108,277,254,158,226,279,1360,0,1360
20214,A,골목상권,3110170,동대부여고,6237,3026,3211,541,1276,1256,896,892,1376,242,616,672,454,440,602,299,660,584,442,452,774,3367,0,3367
20214,A,골목상권,3110171,중곡4동주민센터,2409,1145,1264,245,327,310,355,457,715,116,163,153,192,207,314,129,164,157,163,250,401,1190,0,1190
20214,A,골목상권,3110172,광진초등학교,4010,1933,2077,565,547,588,631,668,1011,295,261,293,321,322,441,270,286,295,310,346,570,1960,0,1960
20214,A,골목상권,3110173,구남초등학교,1410,654,756,149,272,254,170,236,329,76,126,130,73,108,141,73,146,124,97,128,188,716,0,716
20214,A,골목상권,3110174,아차산역 1번,4692,2250,2442,592,655,690,669,787,1299,304,326,333,334,360,593,288,329,357,335,427,706,2047,0,2047
20214,A,골목상권,3110175,푸른동산공원,5000,2357,2643,644,917,882,792,753,1012,318,416,441,380,347,455,326,501,441,412,406,557,2478,0,2478
20214,A,골목상권,3110176,해오름공원,6118,3036,3082,644,932,843,864,1122,1713,350,484,440,449,562,751,294,448,403,415,560,962,2913,0,2913
20214,A,골목상권,3110177,동의초등학교,1551,751,800,249,202,171,257,250,422,119,106,92,128,122,184,130,96,79,129,128,238,661,0,661
20214,A,골목상권,3110178,장로회신학대학교,1132,552,580,142,168,162,157,161,342,74,83,81,78,76,160,68,85,81,79,85,182,559,0,559
20214,A,골목상권,3110179,광나루역 1번,1086,525,561,130,153,133,191,184,295,69,81,63,88,89,135,61,72,70,103,95,160,580,0,580
20214,A,골목상권,3110180,광진정보도서관,1307,630,677,171,209,215,205,212,295,91,104,105,94,91,145,80,105,110,111,121,150,618,0,618
20214,A,골목상권,3110181,신설동역 9번,1395,634,761,63,494,338,167,141,192,30,179,149,93,80,103,33,315,189,74,61,89,1033,0,1033
20214,A,골목상권,3110182,용두희망어린이공원,1036,614,422,95,398,158,112,107,166,51,261,103,59,62,78,44,137,55,53,45,88,700,0,700
20214,A,골목상권,3110183,한국의류시험연구원,556,324,232,38,84,55,69,101,209,20,44,31,46,67,116,18,40,24,23,34,93,350,0,350
20214,A,골목상권,3110184,용두사거리,218,115,103,19,32,38,37,30,62,10,15,22,23,17,28,9,17,16,14,13,34,135,0,135
20214,A,골목상권,3110185,용두초등학교,431,244,187,37,62,50,65,81,136,21,40,33,38,48,64,16,22,17,27,33,72,249,0,249
20214,A,골목상권,3110186,종암초등학교,423,258,165,31,159,57,47,49,80,16,105,38,27,30,42,15,54,19,20,19,38,295,0,295
20214,A,골목상권,3110187,제기동역 6번,4444,2136,2308,285,1185,864,592,614,904,145,506,452,325,309,399,140,679,412,267,305,505,2930,0,2930
20214,A,골목상권,3110188,용두동신동아아파트,4502,2200,2302,561,736,722,691,696,1096,298,334,371,364,339,494,263,402,351,327,357,602,2161,0,2161
20214,A,골목상권,3110189,제기동역 1번,2213,1105,1108,256,464,355,326,341,471,128,251,197,165,161,203,128,213,158,161,180,268,1104,0,1104
20214,A,골목상권,3110190,고대앞사거리,2383,1269,1114,279,647,326,256,306,569,136,373,188,142,164,266,143,274,138,114,142,303,1415,0,1415
20214,A,골목상권,3110191,고려대역 6번,1199,659,540,65,340,159,132,154,349,32,199,87,85,86,170,33,141,72,47,68,179,843,0,843
20214,A,골목상권,3110192,동의보감타워,605,345,260,16,98,143,73,94,181,8,49,79,46,61,102,8,49,64,27,33,79,481,0,481
20214,A,골목상권,3110193,고려대역 4번,1342,699,643,81,364,205,131,167,394,41,183,122,78,91,184,40,181,83,53,76,210,875,0,875
20214,A,골목상권,3110194,홍파초등학교,1726,898,828,117,213,233,217,271,675,66,122,137,132,146,295,51,91,96,85,125,380,922,0,922
20214,A,골목상권,3110195,동대문구청,3708,1911,1797,258,717,576,418,584,1155,142,357,313,248,322,529,116,360,263,170,262,626,2226,0,2226
20214,A,골목상권,3110196,홍릉근린공원,1288,660,628,80,107,118,152,219,612,33,60,72,87,123,285,47,47,46,65,96,327,820,0,820
20214,A,골목상권,3110197,세종대왕기념관교차로,548,278,270,52,86,72,71,99,168,27,46,47,41,45,72,25,40,25,30,54,96,307,0,307
20214,A,골목상권,3110198,동대문중앙새마을금고본점,120,62,58,5,12,11,13,21,58,2,5,9,8,12,26,3,7,2,5,9,32,80,0,80
20214,A,골목상권,3110199,홍릉시장,1064,569,495,48,109,99,131,176,501,21,60,65,79,114,230,27,49,34,52,62,271,699,0,699
20214,A,골목상권,3110200,동대문경찰서,807,436,371,59,98,109,113,137,291,35,55,62,70,79,135,24,43,47,43,58,156,463,0,463
20214,A,골목상권,3110201,전농119안전센터,528,304,224,30,56,60,71,101,210,16,30,31,40,71,116,14,26,29,31,30,94,354,0,354
20214,A,골목상권,3110202,전농1동주민센터(전농시장),1418,803,615,49,104,105,165,276,719,28,55,58,98,175,389,21,49,47,67,101,330,1053,0,1053
20214,A,골목상권,3110203,떡전교사거리,1769,905,864,160,216,194,235,329,635,87,117,113,120,180,288,73,99,81,115,149,347,1013,0,1013
20214,A,골목상권,3110204,간데메공원,3492,1721,1771,510,453,584,562,519,864,267,211,286,295,261,401,243,242,298,267,258,463,1692,0,1692
20214,A,골목상권,3110205,경희대삼거리,2596,1265,1331,220,816,355,317,318,570,110,391,195,173,176,220,110,425,160,144,142,350,1683,0,1683
20214,A,골목상권,3110206,텃골근린공원,3750,1882,1868,386,589,504,551,619,1101,214,301,286,291,284,506,172,288,218,260,335,595,2011,0,2011
20214,A,골목상권,3110207,시립대앞사거리,967,498,469,58,191,168,114,166,270,29,106,89,65,91,118,29,85,79,49,75,152,576,0,576
20214,A,골목상권,3110208,시조사삼거리,841,405,436,54,251,147,82,116,191,26,127,68,43,56,85,28,124,79,39,60,106,540,0,540
20214,A,골목상권,3110209,답십리 장령당공원,668,336,332,63,93,95,81,124,212,27,55,50,49,66,89,36,38,45,32,58,123,372,0,372
20214,A,골목상권,3110210,서울시립대,3839,1978,1861,350,1058,508,426,491,1006,167,577,315,224,244,451,183,481,193,202,247,555,2186,0,2186
20214,A,골목상권,3110211,전곡마을마당공원,3550,1773,1777,333,505,403,490,645,1174,169,278,227,258,321,520,164,227,176,232,324,654,1938,0,1938
20214,A,골목상권,3110212,답십리초등학교,2112,1082,1030,224,296,242,306,362,682,127,157,134,156,183,325,97,139,108,150,179,357,1077,0,1077
20214,A,골목상권,3110213,청량초등학교,802,389,413,81,299,91,72,114,145,32,142,58,40,51,66,49,157,33,32,63,79,500,0,500
20214,A,골목상권,3110214,경희대후문,2745,1403,1342,231,1325,288,212,251,438,122,685,188,102,122,184,109,640,100,110,129,254,1930,0,1930
20214,A,골목상권,3110215,회기역 1번,2091,1008,1083,109,953,314,184,177,354,48,416,167,112,105,160,61,537,147,72,72,194,1579,0,1579
20214,A,골목상권,3110216,전농중학교,1182,593,589,114,158,156,158,223,373,56,81,89,91,118,158,58,77,67,67,105,215,589,0,589
20214,A,골목상권,3110217,자동차부품상가,575,310,265,36,93,72,79,126,169,21,53,40,47,70,79,15,40,32,32,56,90,301,0,301
20214,A,골목상권,3110218,답십리사거리,2509,1279,1230,223,321,333,311,481,840,113,178,182,168,250,388,110,143,151,143,231,452,1289,0,1289
20214,A,골목상권,3110219,삼육보건대학교,6955,3620,3335,573,2455,882,730,816,1499,291,1357,517,381,399,675,282,1098,365,349,417,824,4386,0,4386
20214,A,골목상권,3110220,외대앞역 1번,2003,1022,981,144,602,260,239,277,481,63,286,163,137,159,214,81,316,97,102,118,267,1341,0,1341
20214,A,골목상권,3110221,의릉,1028,514,514,118,220,146,157,168,219,64,105,72,88,83,102,54,115,74,69,85,117,565,0,565
20214,A,골목상권,3110222,회기역 2번,108,50,58,18,20,13,18,18,21,7,8,7,9,9,10,11,12,6,9,9,11,44,0,44
20214,A,골목상권,3110223,군자초등학교,1640,845,795,155,257,269,215,306,438,92,130,151,109,147,216,63,127,118,106,159,222,750,0,750
20214,A,골목상권,3110224,외대앞역 2번,470,255,215,19,81,53,73,83,161,11,45,36,35,46,82,8,36,17,38,37,79,321,0,321
20214,A,골목상권,3110225,촬영소사거리,1228,637,591,119,159,155,172,235,388,61,79,89,100,120,188,58,80,66,72,115,200,603,0,603
20214,A,골목상권,3110226,장안1동주민센터,11209,5639,5570,1171,1511,1793,1786,2048,2900,610,757,958,937,1023,1354,561,754,835,849,1025,1546,5867,0,5867
20214,A,골목상권,3110227,답십리공원,820,397,423,102,127,96,123,165,207,55,60,48,69,77,88,47,67,48,54,88,119,380,0,380
20214,A,골목상권,3110228,장안근린공원,5530,2789,2741,590,768,689,773,987,1723,289,410,378,411,504,797,301,358,311,362,483,926,2855,0,2855
20214,A,골목상권,3110229,장평중학교,7315,3691,3624,1121,814,1188,1237,1104,1851,612,403,603,650,529,894,509,411,585,587,575,957,3145,0,3145
20214,A,골목상권,3110230,장안현대홈타운1차아파트,3650,1811,1839,508,519,752,579,498,794,263,250,375,311,240,372,245,269,377,268,258,422,1685,0,1685
20214,A,골목상권,3110231,장안교,196,103,93,22,33,33,24,35,49,10,20,17,15,18,23,12,13,16,9,17,26,83,0,83
20214,A,골목상권,3110232,동대부고,3318,1689,1629,533,381,530,563,492,819,309,185,279,292,241,383,224,196,251,271,251,436,1455,0,1455
20214,A,골목상권,3110233,중랑역 1번,5225,2706,2519,457,790,739,640,1056,1543,225,400,401,363,570,747,232,390,338,277,486,796,2875,0,2875
20214,A,골목상권,3110234,중랑역 4번,781,366,415,69,182,172,121,116,121,34,69,69,64,66,64,35,113,103,57,50,57,494,0,494
20214,A,골목상권,3110235,세화어린이공원,1398,762,636,96,202,160,193,316,431,57,113,90,103,166,233,39,89,70,90,150,198,799,0,799
20214,A,골목상권,3110236,신묵초등학교,8221,4039,4182,1055,1175,1408,1243,1373,1967,544,572,736,623,670,894,511,603,672,620,703,1073,4017,0,4017
20214,A,골목상권,3110237,메가박스 상봉,4316,2182,2134,432,649,573,631,857,1174,210,324,315,345,457,531,222,325,258,286,400,643,2348,0,2348
20214,A,골목상권,3110238,배꽃어린이공원,1506,722,784,161,239,259,211,239,397,79,105,143,105,112,178,82,134,116,106,127,219,785,0,785
20214,A,골목상권,3110239,중랑역 2번,269,149,120,22,33,30,43,56,85,10,18,17,23,34,47,12,15,13,20,22,38,166,0,166
20214,A,골목상권,3110240,태릉시장 특화거리,1282,651,631,100,203,158,160,259,402,51,97,83,89,137,194,49,106,75,71,122,208,706,0,706
20214,A,골목상권,3110241,먹골역 5번,3184,1617,1567,289,464,533,438,589,871,142,229,289,232,311,414,147,235,244,206,278,457,1755,0,1755
20214,A,골목상권,3110242,면목5동주민센터,4233,2145,2088,516,543,614,610,801,1149,263,278,326,330,417,531,253,265,288,280,384,618,2108,0,2108
20214,A,골목상권,3110243,중랑노인종합복지관,4607,2312,2295,608,645,515,706,943,1190,298,318,266,382,493,555,310,327,249,324,450,635,2219,0,2219
20214,A,골목상권,3110244,중화역 4번,1764,911,853,168,286,253,244,335,478,101,150,131,121,169,239,67,136,122,123,166,239,847,0,847
20214,A,골목상권,3110245,KB국민은행 중화동지점,2284,1177,1107,162,310,304,319,462,727,94,150,176,182,243,332,68,160,128,137,219,395,1317,0,1317
20214,A,골목상권,3110246,월드순복음교회,2897,1468,1429,323,507,594,429,468,576,173,235,315,240,236,269,150,272,279,189,232,307,1591,0,1591
20214,A,골목상권,3110247,먹골역 1번,6018,2946,3072,595,934,956,936,977,1620,320,464,493,480,472,717,275,470,463,456,505,903,3032,0,3032
20214,A,골목상권,3110248,먹골파출소,1688,856,832,171,287,264,244,272,450,92,140,143,134,137,210,79,147,121,110,135,240,810,0,810
20214,A,골목상권,3110249,중화역 1번,6437,3168,3269,786,938,940,926,1126,1721,398,455,520,484,546,765,388,483,420,442,580,956,2908,0,2908
20214,A,골목상권,3110250,화랑대역 7번,1484,727,757,238,195,202,209,257,383,127,110,96,107,118,169,111,85,106,102,139,214,684,0,684
20214,A,골목상권,3110251,장안중학교,4087,1953,2134,504,670,593,549,725,1046,238,339,291,284,320,481,266,331,302,265,405,565,1895,0,1895
20214,A,골목상권,3110252,장안제일시장,4507,2296,2211,526,608,696,672,843,1162,258,326,375,364,431,542,268,282,321,308,412,620,2120,0,2120
20214,A,골목상권,3110253,중곡초등학교,3244,1653,1591,351,428,435,514,620,896,186,232,230,279,312,414,165,196,205,235,308,482,1666,0,1666
20214,A,골목상권,3110254,오거리공원,7059,3519,3540,810,980,924,1076,1325,1944,413,496,467,573,689,881,397,484,457,503,636,1063,3458,0,3458
20214,A,골목상권,3110255,상봉역 4번,6260,3116,3144,525,964,1045,851,1165,1710,294,469,531,439,606,777,231,495,514,412,559,933,3575,0,3575
20214,A,골목상권,3110256,면목2동체육관,7976,4015,3961,856,1125,1091,1111,1627,2166,447,553,586,603,815,1011,409,572,505,508,812,1155,3930,0,3930
20214,A,골목상권,3110257,상봉역 7번,4258,2142,2116,523,690,787,542,672,1044,273,334,416,284,344,491,250,356,371,258,328,553,2178,0,2178
20214,A,골목상권,3110258,면동초등학교,5895,2935,2960,669,882,882,935,1031,1496,341,450,456,471,538,679,328,432,426,464,493,817,3214,0,3214
20214,A,골목상권,3110259,사가정역 1번,3921,1974,1947,357,626,593,591,680,1074,193,300,329,310,356,486,164,326,264,281,324,588,2160,0,2160
20214,A,골목상권,3110260,면목역 3번,2212,1132,1080,195,347,346,344,403,577,103,181,188,199,209,252,92,166,158,145,194,325,1261,0,1261
20214,A,골목상권,3110261,사가정역 4번,4946,2476,2470,469,789,793,725,791,1379,260,390,430,362,396,638,209,399,363,363,395,741,2655,0,2655
20214,A,골목상권,3110262,상봉역 3번,4504,2164,2340,277,1088,1209,526,580,824,139,439,645,278,271,392,138,649,564,248,309,432,2768,0,2768
20214,A,골목상권,3110263,면목역 1번,7168,3506,3662,714,1169,1129,978,1281,1897,350,560,599,536,609,852,364,609,530,442,672,1045,3743,0,3743
20214,A,골목상권,3110264,면목역 2번,9709,4874,4835,968,1566,1599,1412,1777,2387,508,805,836,724,888,1113,460,761,763,688,889,1274,4953,0,4953
20214,A,골목상권,3110265,망우역 1번,1086,540,546,96,183,119,125,197,366,51,95,56,69,99,170,45,88,63,56,98,196,551,0,551
20214,A,골목상권,3110266,면목동우체국,5436,2647,2789,521,875,793,723,1070,1454,251,444,422,380,494,656,270,431,371,343,576,798,2780,0,2780
20214,A,골목상권,3110267,망우역 2번,4501,2191,2310,607,674,709,646,801,1064,329,306,371,326,387,472,278,368,338,320,414,592,2073,0,2073
20214,A,골목상권,3110268,망우3동주민센터,2681,1349,1332,246,360,374,397,491,813,104,176,205,212,266,386,142,184,169,185,225,427,1439,0,1439
20214,A,골목상권,3110269,용마문화복지센터,1559,804,755,135,287,233,190,293,421,62,145,122,106,157,212,73,142,111,84,136,209,841,0,841
20214,A,골목상권,3110270,혜원여고,1191,581,610,152,170,164,173,229,303,61,91,86,88,113,142,91,79,78,85,116,161,550,0,550
20214,A,골목상권,3110271,신내역 1번,266,136,130,30,37,41,38,53,67,15,21,22,23,22,33,15,16,19,15,31,34,125,0,125
20214,A,골목상권,3110272,신내1동주민센터,3761,1854,1907,561,482,489,606,657,966,293,261,238,321,324,417,268,221,251,285,333,549,1656,0,1656
20214,A,골목상권,3110273,장스여성병원,2243,1182,1061,175,297,302,271,429,769,99,158,168,140,228,389,76,139,134,131,201,380,1186,0,1186
20214,A,골목상권,3110274,서일대학교,6678,3374,3304,809,916,827,960,1250,1916,420,480,426,497,639,912,389,436,401,463,611,1004,3294,0,3294
20214,A,골목상권,3110275,하나은행 망우동지점,872,461,411,72,123,105,106,179,287,45,67,52,63,96,138,27,56,53,43,83,149,487,0,487
20214,A,골목상권,3110276,신내IC북측,515,282,233,60,57,79,82,96,141,35,31,47,45,54,70,25,26,32,37,42,71,256,0,256
20214,A,골목상권,3110277,러스크서울병원,3667,1844,1823,385,497,438,523,685,1139,207,250,214,266,352,555,178,247,224,257,333,584,1806,0,1806
20214,A,골목상권,3110278,망우본동주민센터,3996,2092,1904,321,467,422,517,847,1422,161,266,231,273,460,701,160,201,191,244,387,721,2334,0,2334
20214,A,골목상권,3110279,신내역 2번,38,24,14,1,2,5,6,11,13,0,1,4,5,6,8,1,1,1,1,5,5,25,0,25
20214,A,골목상권,3110280,북정마을,698,335,363,49,92,96,86,114,261,24,44,47,48,57,115,25,48,49,38,57,146,378,0,378
20214,A,골목상권,3110281,길상사,1150,534,616,161,143,126,183,207,330,89,61,52,76,101,155,72,82,74,107,106,175,486,0,486
20214,A,골목상권,3110282,국민대학교앞,748,385,363,83,255,78,62,90,180,44,134,45,36,49,77,39,121,33,26,41,103,473,0,473
20214,A,골목상권,3110283,성북초등학교앞,501,209,292,60,74,55,80,93,139,28,25,26,34,42,54,32,49,29,46,51,85,244,0,244
20214,A,골목상권,3110284,정릉북한산국립공원입구,1365,671,694,163,172,155,202,235,438,87,87,81,98,114,204,76,85,74,104,121,234,609,0,609
20214,A,골목상권,3110285,홍대부중,1968,939,1029,260,278,307,364,345,414,137,161,143,158,169,171,123,117,164,206,176,243,897,0,897
20214,A,골목상권,3110286,한성대입구역 5번,2682,1233,1449,266,448,444,425,428,671,128,215,202,208,198,282,138,233,242,217,230,389,1433,0,1433
20214,A,골목상권,3110287,정릉3동주민센터,1762,897,865,173,454,182,219,273,461,96,251,99,113,129,209,77,203,83,106,144,252,1036,0,1036
20214,A,골목상권,3110288,동구여중,1929,899,1030,230,317,375,275,321,411,117,154,181,126,139,182,113,163,194,149,182,229,889,0,889
20214,A,골목상권,3110289,북한산보국문역 2번,5242,2595,2647,623,983,594,729,819,1494,321,527,307,366,419,655,302,456,287,363,400,839,2448,0,2448
20214,A,골목상권,3110290,북한산보국문역 1번,1336,685,651,143,217,133,182,193,468,84,129,68,100,94,210,59,88,65,82,99,258,682,0,682
20214,A,골목상권,3110291,한성대입구역 3번,4460,2126,2334,443,905,662,636,681,1133,218,442,331,314,323,498,225,463,331,322,358,635,2385,0,2385
20214,A,골목상권,3110292,정릉역 2번,512,234,278,30,41,45,74,98,224,12,18,29,32,49,94,18,23,16,42,49,130,333,0,333
20214,A,골목상권,3110293,삼선중학교,2431,1113,1318,282,579,374,334,349,513,152,242,171,161,162,225,130,337,203,173,187,288,1340,0,1340
20214,A,골목상권,3110294,서경대학교,6750,3305,3445,850,1117,890,948,1130,1815,438,572,470,484,553,788,412,545,420,464,577,1027,3065,0,3065
20214,A,골목상권,3110295,정릉우체국,5017,2436,2581,654,698,783,722,729,1431,338,346,410,371,349,622,316,352,373,351,380,809,2294,0,2294
20214,A,골목상권,3110296,성신여대입구역 4번,1904,843,1061,261,414,287,276,259,407,131,157,130,137,128,160,130,257,157,139,131,247,952,0,952
20214,A,골목상권,3110297,경동고등학교,6528,3049,3479,716,1409,1082,897,979,1445,390,638,513,419,482,607,326,771,569,478,497,838,3502,0,3502
20214,A,골목상권,3110298,솔숲어린이공원,667,323,344,75,84,85,102,113,208,35,47,42,50,55,94,40,37,43,52,58,114,323,0,323
20214,A,골목상권,3110299,정릉역 1번,3311,1669,1642,372,448,422,450,514,1105,207,221,232,246,288,475,165,227,190,204,226,630,1690,0,1690
20214,A,골목상권,3110300,삼선동주민센터,4716,2015,2701,317,1584,702,551,552,1010,144,584,322,268,283,414,173,1000,380,283,269,596,3186,0,3186
20214,A,골목상권,3110301,성신여대입구역 7번,3569,1628,1941,284,881,635,480,458,831,125,352,317,247,227,360,159,529,318,233,231,471,2066,0,2066
20214,A,골목상권,3110302,보문역 8번,2058,987,1071,175,410,314,297,313,549,77,194,165,154,164,233,98,216,149,143,149,316,1187,0,1187
20214,A,골목상권,3110303,성신여대입구역 1번,3214,1224,1990,259,994,511,383,362,705,101,256,237,178,165,287,158,738,274,205,197,418,2158,0,2158
20214,A,골목상권,3110304,보문역 4번,1843,899,944,133,641,253,216,233,367,69,305,146,112,117,150,64,336,107,104,116,217,1203,0,1203
20214,A,골목상권,3110305,보문역 5번,4002,2066,1936,367,993,599,534,624,885,184,574,347,270,305,386,183,419,252,264,319,499,2282,0,2282
20214,A,골목상권,3110306,미아초등학교,1191,566,625,185,172,154,174,196,310,89,86,74,85,103,129,96,86,80,89,93,181,526,0,526
20214,A,골목상권,3110307,길음역 7번,238,122,116,38,39,47,45,30,39,17,17,20,26,21,21,21,22,27,19,9,18,121,0,121
20214,A,골목상권,3110308,길음역 8번,1009,486,523,104,121,107,143,168,366,44,59,62,79,85,157,60,62,45,64,83,209,556,0,556
20214,A,골목상권,3110309,대광초등학교,1410,725,685,112,351,201,192,218,336,51,199,112,112,102,149,61,152,89,80,116,187,825,0,825
20214,A,골목상권,3110310,길음역 10번,263,106,157,8,46,60,35,43,71,7,19,25,15,14,26,1,27,35,20,29,45,168,0,168
20214,A,골목상권,3110311,종암아이파크2차후문,1200,623,577,141,198,144,166,248,303,77,108,83,77,138,140,64,90,61,89,110,163,542,0,542
20214,A,골목상권,3110312,안암역 2번,1694,865,829,130,970,180,84,126,204,70,501,104,46,61,83,60,469,76,38,65,121,1306,0,1306
20214,A,골목상권,3110313,안암역 3번,1257,703,554,83,634,159,104,117,160,39,364,108,61,56,75,44,270,51,43,61,85,968,0,968
20214,A,골목상권,3110314,종암경찰서,1089,563,526,110,197,176,144,160,302,53,108,98,85,78,141,57,89,78,59,82,161,615,0,615
20214,A,골목상권,3110315,종암아이파크2차,3029,1467,1562,330,533,377,433,520,836,169,293,192,210,252,351,161,240,185,223,268,485,1486,0,1486
20214,A,골목상권,3110316,숭곡초등학교,4537,2252,2285,466,540,481,658,798,1594,224,281,253,355,402,737,242,259,228,303,396,857,2347,0,2347
20214,A,골목상권,3110317,종암중학교,2339,1288,1051,201,865,363,227,257,426,101,509,209,131,139,199,100,356,154,96,118,227,1588,0,1588
20214,A,골목상권,3110318,KT월곡지사,1844,946,898,219,265,319,278,270,493,132,129,161,159,144,221,87,136,158,119,126,272,884,0,884
20214,A,골목상권,3110319,종암동주민센터,3318,1529,1789,308,411,377,432,553,1237,162,191,196,218,280,482,146,220,181,214,273,755,1909,0,1909
20214,A,골목상권,3110320,KB국민은행 종암동지점,955,495,460,113,169,135,159,153,226,68,87,66,90,72,112,45,82,69,69,81,114,477,0,477
20214,A,골목상권,3110321,동덕여대,262,115,147,31,67,43,30,44,47,15,24,21,14,17,24,16,43,22,16,27,23,133,0,133
20214,A,골목상권,3110322,장위1동주민센터,3037,1398,1639,414,510,397,468,579,669,174,244,193,220,260,307,240,266,204,248,319,362,1288,0,1288
20214,A,골목상권,3110323,상월곡역 1번,2214,965,1249,195,753,264,237,277,488,102,226,138,131,147,221,93,527,126,106,130,267,1417,0,1417
20214,A,골목상권,3110324,월곡역 4번,641,331,310,25,156,78,85,97,200,15,70,47,51,59,89,10,86,31,34,38,111,481,0,481
20214,A,골목상권,3110325,장곡초등학교,3528,1736,1792,496,473,419,488,613,1039,268,253,237,228,302,448,228,220,182,260,311,591,1632,0,1632
20214,A,골목상권,3110326,장위동성당,1353,653,700,205,181,172,213,244,338,103,99,90,96,118,147,102,82,82,117,126,191,597,0,597
20214,A,골목상권,3110327,상월곡역 2번,3520,1766,1754,384,529,411,482,635,1079,199,290,224,252,308,493,185,239,187,230,327,586,1591,0,1591
20214,A,골목상권,3110328,상월곡역 3번,2257,1135,1122,173,411,363,286,372,652,93,195,207,155,180,305,80,216,156,131,192,347,1208,0,1208
20214,A,골목상권,3110329,우리은행체육관,2466,1223,1243,244,347,250,324,455,846,119,161,155,168,238,382,125,186,95,156,217,464,1219,0,1219
20214,A,골목상권,3110330,돌곶이역 1번,2041,1012,1029,245,293,330,256,332,585,124,146,170,141,172,259,121,147,160,115,160,326,928,0,928
20214,A,골목상권,3110331,돌곶이역 8번,3281,1600,1681,319,597,429,488,549,899,182,278,220,254,269,397,137,319,209,234,280,502,1801,0,1801
20214,A,골목상권,3110332,돌곶이역 3번,875,481,394,78,135,131,138,164,229,37,61,77,82,99,125,41,74,54,56,65,104,481,0,481
20214,A,골목상권,3110333,돌곶이역 5번,1338,661,677,156,225,173,190,232,362,78,100,97,98,111,177,78,125,76,92,121,185,680,0,680
20214,A,골목상권,3110334,석관중앙교회,2693,1370,1323,256,329,276,365,525,942,139,165,142,209,286,429,117,164,134,156,239,513,1359,0,1359
20214,A,골목상권,3110335,석계역 7번,4363,2191,2172,380,760,585,628,805,1205,195,387,320,313,400,576,185,373,265,315,405,629,2385,0,2385
20214,A,골목상권,3110336,석관고등학교,2302,1156,1146,237,339,272,312,458,684,120,172,155,165,229,315,117,167,117,147,229,369,1121,0,1121
20214,A,골목상권,3110337,아카데미하우스,2792,1365,1427,412,330,355,444,455,796,209,170,196,218,217,355,203,160,159,226,238,441,1196,0,1196
20214,A,골목상권,3110338,인수초등학교,2122,1050,1072,164,225,210,313,418,792,92,114,103,163,207,371,72,111,107,150,211,421,1213,0,1213
20214,A,골목상권,3110339,국립4.19민주묘지,41,20,21,2,1,5,10,8,15,0,0,1,6,5,8,2,1,4,4,3,7,20,0,20
20214,A,골목상권,3110340,인수중학교,1455,712,743,169,176,143,218,276,473,75,99,71,116,135,216,94,77,72,102,141,257,687,0,687
20214,A,골목상권,3110341,북한산우이역 2번,2221,1062,1159,246,279,265,283,416,732,123,133,144,136,194,332,123,146,121,147,222,400,988,0,988
20214,A,골목상권,3110342,국립재활원,2704,1292,1412,364,408,339,378,476,739,187,204,169,189,217,326,177,204,170,189,259,413,1187,0,1187
20214,A,골목상권,3110343,무너미어린이공원,4656,2278,2378,673,632,594,722,793,1242,341,327,305,366,383,556,332,305,289,356,410,686,1981,0,1981
20214,A,골목상권,3110344,화계중학교,1076,555,521,116,122,127,168,183,360,68,68,70,89,76,184,48,54,57,79,107,176,509,0,509
20214,A,골목상권,3110345,솔밭공원역 2번,2938,1428,1510,379,394,398,415,485,867,211,164,218,222,236,377,168,230,180,193,249,490,1405,0,1405
20214,A,골목상권,3110346,4.19민주묘지역 2번,1212,572,640,141,179,149,175,161,407,74,67,76,94,81,180,67,112,73,81,80,227,618,0,618
20214,A,골목상권,3110347,구세군강북종합사회복지관,1416,708,708,157,232,187,181,301,358,95,110,90,97,142,174,62,122,97,84,159,184,644,0,644
20214,A,골목상권,3110348,강북문화예술회관,3968,1902,2066,438,468,522,542,671,1327,227,224,288,274,319,570,211,244,234,268,352,757,1800,0,1800
20214,A,골목상권,3110349,화계역 2번,1123,536,587,145,149,155,168,198,308,82,61,84,83,94,132,63,88,71,85,104,176,511,0,511
20214,A,골목상권,3110350,가오리역 2번,2831,1390,1441,358,360,336,445,507,825,199,189,176,214,244,368,159,171,160,231,263,457,1299,0,1299
20214,A,골목상권,3110351,수유북부시장옆,2982,1427,1555,342,440,332,423,543,902,168,220,168,220,262,389,174,220,164,203,281,513,1406,0,1406
20214,A,골목상권,3110352,수유1동주민센터,4997,2467,2530,627,673,649,700,855,1493,321,355,349,360,406,676,306,318,300,340,449,817,2418,0,2418
20214,A,골목상권,3110353,수유동우체국,2210,1061,1149,200,326,293,316,373,702,111,157,158,171,177,287,89,169,135,145,196,415,1100,0,1100
20214,A,골목상권,3110354,삼각산119안전센터,421,213,208,89,43,47,95,66,81,52,24,23,41,40,33,37,19,24,54,26,48,159,0,159
20214,A,골목상권,3110355,삼양사거리역 2번,3076,1545,1531,264,361,317,388,580,1166,126,190,181,215,309,524,138,171,136,173,271,642,1654,0,1654
20214,A,골목상권,3110356,덕수교,3240,1528,1712,291,569,412,429,580,959,151,218,234,222,273,430,140,351,178,207,307,529,1631,0,1631
20214,A,골목상권,3110357,가오리역 1번,1698,837,861,171,244,176,218,349,540,85,138,90,111,176,237,86,106,86,107,173,303,809,0,809
20214,A,골목상권,3110358,인수동 우편취급국,3572,1755,1817,318,568,512,513,621,1040,157,286,267,271,324,450,161,282,245,242,297,590,1850,0,1850
20214,A,골목상권,3110359,수유시장옆,6446,3140,3306,597,1132,913,926,1070,1808,294,549,493,475,524,805,303,583,420,451,546,1003,3291,0,3291
20214,A,골목상권,3110360,수유초등학교,4037,1991,2046,433,644,583,576,673,1128,218,304,317,317,336,499,215,340,266,259,337,629,2172,0,2172
20214,A,골목상권,3110361,삼양사거리역 1번,2532,1277,1255,226,338,280,335,503,850,118,174,149,184,260,392,108,164,131,151,243,458,1292,0,1292
20214,A,골목상권,3110362,우이천 계성교,5408,2599,2809,610,786,695,790,973,1554,310,397,380,399,445,668,300,389,315,391,528,886,2541,0,2541
20214,A,골목상권,3110363,송천동주민센터,1003,485,518,37,75,74,140,170,507,17,38,34,79,85,232,20,37,40,61,85,275,669,0,669
20214,A,골목상권,3110364,미아역 8번,4359,2127,2232,398,672,564,608,768,1349,218,312,305,316,383,593,180,360,259,292,385,756,2314,0,2314
20214,A,골목상권,3110365,미아역 5번,4806,2307,2499,471,692,679,729,855,1380,245,334,338,374,401,615,226,358,341,355,454,765,2432,0,2432
20214,A,골목상권,3110366,광산사거리,2047,1045,1002,189,322,268,311,355,602,117,170,157,168,187,246,72,152,111,143,168,356,1091,0,1091
20214,A,골목상권,3110367,강북구청,1786,847,939,141,325,272,229,279,540,68,152,136,132,130,229,73,173,136,97,149,311,1041,0,1041
20214,A,골목상권,3110368,송천초등학교,3655,1831,1824,315,520,362,483,740,1235,162,288,209,255,370,547,153,232,153,228,370,688,1910,0,1910
20214,A,골목상권,3110369,성신여대운정그린캠퍼스,4517,2121,2396,353,912,595,594,734,1329,167,344,337,316,358,599,186,568,258,278,376,730,2544,0,2544
20214,A,골목상권,3110370,도봉세무서,2982,1483,1499,260,415,366,424,587,930,130,218,196,225,288,426,130,197,170,199,299,504,1495,0,1495
20214,A,골목상권,3110371,삼양입구사거리,1633,845,788,128,261,192,236,303,513,73,134,109,129,171,229,55,127,83,107,132,284,930,0,930
20214,A,골목상권,3110372,강북중학교,2880,1383,1497,195,641,423,362,529,730,94,328,222,171,262,306,101,313,201,191,267,424,1632,0,1632
20214,A,골목상권,3110373,수유역 2번,3416,1677,1739,233,645,526,521,564,927,122,276,290,289,284,416,111,369,236,232,280,511,2096,0,2096
20214,A,골목상권,3110374,송중초등학교,5698,2738,2960,539,713,687,887,1088,1784,278,374,366,446,495,779,261,339,321,441,593,1005,2617,0,2617
20214,A,골목상권,3110375,서울북부고용노동지청,2370,1186,1184,262,344,258,362,405,739,138,176,138,194,211,329,124,168,120,168,194,410,1138,0,1138
20214,A,골목상권,3110376,수송초등학교,7975,4020,3955,788,1379,1134,1216,1299,2159,431,708,594,630,685,972,357,671,540,586,614,1187,4334,0,4334
20214,A,골목상권,3110377,미아사거리역 3번,838,424,414,55,103,96,127,169,288,28,53,54,71,95,123,27,50,42,56,74,165,510,0,510
20214,A,골목상권,3110378,송중동주민센터,1802,884,918,159,325,212,237,332,537,85,150,111,127,169,242,74,175,101,110,163,295,982,0,982
20214,A,골목상권,3110379,KT&G 북부지사,961,506,455,97,127,117,136,176,308,54,67,68,77,91,149,43,60,49,59,85,159,497,0,497
20214,A,골목상권,3110380,강북문화정보도서관,2237,1067,1170,281,324,277,347,354,654,143,168,157,175,156,268,138,156,120,172,198,386,1043,0,1043
20214,A,골목상권,3110381,번동주공2단지,954,457,497,103,125,54,125,160,387,54,65,33,64,90,151,49,60,21,61,70,236,438,0,438
20214,A,골목상권,3110382,솔밭공원역 1번,811,385,426,109,112,123,116,127,224,50,49,68,60,59,99,59,63,55,56,68,125,376,0,376
20214,A,골목상권,3110383,덕성여대시반거리,650,269,381,71,166,82,89,71,171,42,38,41,37,32,79,29,128,41,52,39,92,358,0,358
20214,A,골목상권,3110384,문이교,1382,680,702,157,187,169,185,281,403,92,93,92,88,126,189,65,94,77,97,155,214,568,0,568
20214,A,골목상권,3110385,효문고등학교,1624,787,837,160,251,150,223,294,546,71,107,87,122,159,241,89,144,63,101,135,305,786,0,786
20214,A,골목상권,3110386,연산군묘,356,163,193,61,47,28,67,53,100,31,19,14,30,32,37,30,28,14,37,21,63,149,0,149
20214,A,골목상권,3110387,쌍문초등학교,5232,2511,2721,711,755,632,819,883,1432,355,387,318,413,405,633,356,368,314,406,478,799,2276,0,2276
20214,A,골목상권,3110388,도봉우체국,2642,1254,1388,315,361,353,401,445,767,163,174,185,211,189,332,152,187,168,190,256,435,1192,0,1192
20214,A,골목상권,3110389,한일병원,1166,599,567,111,166,193,153,205,338,55,83,109,83,106,163,56,83,84,70,99,175,561,0,561
20214,A,골목상권,3110390,방학초등학교,1725,823,902,239,244,215,237,342,448,125,122,101,109,155,211,114,122,114,128,187,237,746,0,746
20214,A,골목상권,3110391,샘말어린이공원,4840,2414,2426,684,675,546,703,865,1367,345,378,295,359,408,629,339,297,251,344,457,738,2152,0,2152
20214,A,골목상권,3110392,발바닥공원,139,63,76,18,25,11,15,37,33,8,12,4,7,20,12,10,13,7,8,17,21,53,0,53
20214,A,골목상권,3110393,국민은행방학지점,211,108,103,23,27,22,21,41,77,17,16,13,9,21,32,6,11,9,12,20,45,89,0,89
20214,A,골목상권,3110394,방학중학교,7163,3632,3531,836,928,803,1093,1333,2170,457,502,446,559,670,998,379,426,357,534,663,1172,3411,0,3411
20214,A,골목상권,3110395,신한은행 방학동지점,1363,676,687,119,186,168,190,261,439,59,101,96,104,121,195,60,85,72,86,140,244,687,0,687
20214,A,골목상권,3110396,쌍문역1번(쌍리단길),2037,989,1048,150,345,282,320,374,566,73,179,144,162,184,247,77,166,138,158,190,319,1149,0,1149
20214,A,골목상권,3110397,도봉산입구,7518,3786,3732,773,934,808,987,1324,2692,399,513,456,542,627,1249,374,421,352,445,697,1443,3609,0,3609
20214,A,골목상권,3110398,쌍문2동우체국,2979,1438,1541,360,432,437,431,512,807,187,209,228,210,232,372,173,223,209,221,280,435,1349,0,1349
20214,A,골목상권,3110399,창2동주민센터,8082,3876,4206,1196,1184,1023,1332,1463,1884,600,592,508,665,683,828,596,592,515,667,780,1056,3469,0,3469
20214,A,골목상권,3110400,도봉구보건소,4057,2016,2041,487,510,538,592,694,1236,260,263,286,319,324,564,227,247,252,273,370,672,1925,0,1925
20214,A,골목상권,3110401,도봉구민회관,686,346,340,66,118,103,94,114,191,35,64,64,50,54,79,31,54,39,44,60,112,338,0,338
20214,A,골목상권,3110402,도봉구 정병원,3210,1602,1608,370,438,411,414,627,950,200,232,217,224,312,417,170,206,194,190,315,533,1499,0,1499
20214,A,골목상권,3110403,방학1동주민센터,6007,3009,2998,603,796,652,806,1165,1985,304,413,352,418,602,920,299,383,300,388,563,1065,3104,0,3104
20214,A,골목상권,3110404,신창초등학교,10207,5135,5072,1266,1397,1185,1529,1900,2930,660,731,644,799,940,1361,606,666,541,730,960,1569,4828,0,4828
20214,A,골목상권,3110405,방학역 1번,6796,3454,3342,644,874,685,989,1297,2307,322,462,360,527,691,1092,322,412,325,462,606,1215,3425,0,3425
20214,A,골목상권,3110406,도봉산역 1번,1568,805,763,137,184,188,234,300,525,70,102,105,130,163,235,67,82,83,104,137,290,780,0,780
20214,A,골목상권,3110407,도봉역 2번,6463,3328,3135,574,798,720,880,1217,2274,301,424,403,472,623,1105,273,374,317,408,594,1169,3354,0,3354
20214,A,골목상권,3110408,가인초등학교,1204,553,651,112,276,287,157,183,189,55,125,140,68,84,81,57,151,147,89,99,108,649,0,649
20214,A,골목상권,3110409,창동역 2번,2744,1326,1418,308,443,371,381,532,709,158,227,195,182,243,321,150,216,176,199,289,388,1286,0,1286
20214,A,골목상권,3110410,방학역 2번,2564,1331,1233,185,429,412,405,440,693,105,179,205,223,272,347,80,250,207,182,168,346,1650,0,1650
20214,A,골목상권,3110411,도봉역 3번,1523,776,747,146,187,194,166,304,526,75,101,112,90,155,243,71,86,82,76,149,283,768,0,768
20214,A,골목상권,3110412,창동중학교,379,188,191,58,61,65,43,73,79,25,36,31,22,33,41,33,25,34,21,40,38,154,0,154
20214,A,골목상권,3110413,누원고등학교,1963,922,1041,216,353,403,287,264,440,115,143,193,148,127,196,101,210,210,139,137,244,1047,0,1047
20214,A,골목상권,3110414,장석교회,1035,532,503,172,137,78,170,187,291,88,73,47,94,92,138,84,64,31,76,95,153,465,0,465
20214,A,골목상권,3110415,수락산역 4번,5054,2558,2496,657,752,675,785,874,1311,342,400,368,391,437,620,315,352,307,394,437,691,2328,0,2328
20214,A,골목상권,3110416,노원초등학교,2453,1168,1285,392,362,286,369,453,591,181,185,146,170,210,276,211,177,140,199,243,315,920,0,920
20214,A,골목상권,3110417,월계역 3번,1007,530,477,102,190,114,125,159,317,54,103,62,78,88,145,48,87,52,47,71,172,590,0,590
20214,A,골목상권,3110418,광운대학교 남단,1447,802,645,138,354,140,188,211,416,79,228,88,100,117,190,59,126,52,88,94,226,824,0,824
20214,A,골목상권,3110419,수락산디자인거리,3030,1500,1530,330,464,354,417,589,876,174,240,187,203,288,408,156,224,167,214,301,468,1365,0,1365
20214,A,골목상권,3110420,광운대역 1번,1414,800,614,135,435,131,170,209,334,70,279,70,93,126,162,65,156,61,77,83,172,856,0,856
20214,A,골목상권,3110421,석계역 1번,1266,673,593,108,150,151,172,231,454,59,86,93,97,130,208,49,64,58,75,101,246,735,0,735
20214,A,골목상권,3110422,노원역 9번,920,439,481,148,139,98,169,176,190,70,64,43,87,83,92,78,75,55,82,93,98,354,0,354
20214,A,골목상권,3110423,석계역 2번,445,236,209,57,60,53,68,89,118,27,34,29,40,46,60,30,26,24,28,43,58,229,0,229
20214,A,골목상권,3110424,상계초등학교,2879,1452,1427,349,463,339,416,528,784,179,244,181,208,265,375,170,219,158,208,263,409,1378,0,1378
20214,A,골목상권,3110425,계상초등학교,3522,1765,1757,439,477,362,550,616,1078,220,268,220,278,309,470,219,209,142,272,307,608,1627,0,1627
20214,A,골목상권,3110426,상계2동주민센터,4097,2058,2039,370,660,510,571,761,1225,190,337,294,302,392,543,180,323,216,269,369,682,2202,0,2202
20214,A,골목상권,3110427,노원 을지대학교병원,599,297,302,100,106,66,81,106,140,48,62,32,39,54,62,52,44,34,42,52,78,216,0,216
20214,A,골목상권,3110428,상계5동주민센터,8437,4198,4239,841,1155,820,1237,1540,2844,409,633,447,627,794,1288,432,522,373,610,746,1556,4351,0,4351
20214,A,골목상권,3110429,공릉동 국수거리,4744,2311,2433,457,972,762,612,763,1178,221,430,384,352,364,560,236,542,378,260,399,618,2470,0,2470
20214,A,골목상권,3110430,중계초등학교,48,23,25,6,3,4,12,6,17,1,3,4,4,4,7,5,0,0,8,2,10,25,0,25
20214,A,골목상권,3110431,상계역,922,502,420,111,141,108,153,179,230,49,77,63,82,106,125,62,64,45,71,73,105,466,0,466
20214,A,골목상권,3110432,대진고등학교,1906,973,933,277,478,212,249,313,377,149,263,118,116,147,180,128,215,94,133,166,197,906,0,906
20214,A,골목상권,3110433,공릉역 2번,4310,2229,2081,336,1396,557,485,577,959,167,789,316,253,276,428,169,607,241,232,301,531,2643,0,2643
20214,A,골목상권,3110434,태릉입구역 4번,1598,791,807,153,320,257,190,251,427,75,133,151,103,127,202,78,187,106,87,124,225,862,0,862
20214,A,골목상권,3110435,서울과학기술대,291,149,142,35,68,30,53,42,63,20,29,14,30,25,31,15,39,16,23,17,32,146,0,146
20214,A,골목상권,3110436,상계제일중학교,1595,792,803,274,238,136,274,309,364,153,133,71,110,165,160,121,105,65,164,144,204,633,0,633
20214,A,골목상권,3110437,당고개역 2번,1655,838,817,176,181,167,238,286,607,96,91,92,124,152,283,80,90,75,114,134,324,823,0,823
20214,A,골목상권,3110438,경춘선숲길 우측,3531,1909,1622,320,1430,429,363,392,597,166,833,233,185,202,290,154,597,196,178,190,307,2292,0,2292
20214,A,골목상권,3110439,당고개역 5번,3932,1944,1988,471,484,441,590,710,1236,255,271,235,307,359,517,216,213,206,283,351,719,1835,0,1835
20214,A,골목상권,3110440,상계3동4동주민센터,1554,804,750,170,194,155,243,270,522,85,107,91,135,145,241,85,87,64,108,125,281,750,0,750
20214,A,골목상권,3110441,영신여고,2203,1063,1140,456,305,206,391,380,465,237,152,105,166,198,205,219,153,101,225,182,260,856,0,856
20214,A,골목상권,3110442,화랑대철도공원,384,98,286,70,155,33,35,38,53,21,14,12,16,17,18,49,141,21,19,21,35,234,0,234
20214,A,골목상권,3110443,수색역 1번,17,12,5,0,2,1,1,1,12,0,2,1,1,1,7,0,0,0,0,0,5,12,0,12
20214,A,골목상권,3110444,수색성당,540,254,286,67,77,87,70,89,150,31,40,40,37,44,62,36,37,47,33,45,88,219,0,219
20214,A,골목상권,3110445,덕산중학교,1685,811,874,253,248,241,245,274,424,134,127,128,122,122,178,119,121,113,123,152,246,716,0,716
20214,A,골목상권,3110446,내를건너서숲으로도서관,1879,914,965,188,204,211,269,319,688,96,98,108,138,164,310,92,106,103,131,155,378,936,0,936
20214,A,골목상권,3110447,구산초등학교,1640,764,876,233,198,215,267,260,467,113,94,110,131,119,197,120,104,105,136,141,270,758,0,758
20214,A,골목상권,3110448,상신초등학교입구,2604,1307,1297,361,386,381,387,450,639,195,201,211,197,220,283,166,185,170,190,230,356,1145,0,1145
20214,A,골목상권,3110449,증산역 3번,5119,2441,2678,640,712,641,746,844,1536,323,341,324,360,418,675,317,371,317,386,426,861,2367,0,2367
20214,A,골목상권,3110450,시립서북병원,7856,3710,4146,1148,1117,1100,1307,1283,1901,565,521,534,651,585,854,583,596,566,656,698,1047,3281,0,3281
20214,A,골목상권,3110451,증산역 4번,5413,2652,2761,616,743,728,784,926,1616,288,376,383,388,457,760,328,367,345,396,469,856,2491,0,2491
20214,A,골목상권,3110452,새절역 3번,2769,1372,1397,312,443,368,391,430,825,173,212,189,207,218,373,139,231,179,184,212,452,1375,0,1375
20214,A,골목상권,3110453,신사1동주민센터,8079,3921,4158,929,1181,1221,1241,1272,2235,478,603,628,636,590,986,451,578,593,605,682,1249,3890,0,3890
20214,A,골목상권,3110454,선정중학교,5928,2787,3141,879,835,813,1022,942,1437,440,375,416,491,456,609,439,460,397,531,486,828,2535,0,2535
20214,A,골목상권,3110455,역촌노인복지관,8159,3837,4322,1072,1099,1130,1351,1419,2088,526,528,535,673,687,888,546,571,595,678,732,1200,3763,0,3763
20214,A,골목상권,3110456,구산보건지소,8265,3920,4345,1214,1227,1124,1351,1356,1993,596,624,567,638,638,857,618,603,557,713,718,1136,3437,0,3437
20214,A,골목상권,3110457,예일여고,4310,1999,2311,536,678,584,666,751,1095,248,319,296,316,350,470,288,359,288,350,401,625,1882,0,1882
20214,A,골목상권,3110458,선일여고,5314,2507,2807,719,902,680,811,955,1247,382,444,341,383,421,536,337,458,339,428,534,711,2329,0,2329
20214,A,골목상권,3110459,응암역 2번,4917,2297,2620,705,696,633,838,804,1241,357,338,300,415,351,536,348,358,333,423,453,705,2094,0,2094
20214,A,골목상권,3110460,구산역 4번,5404,2541,2863,716,799,686,904,895,1404,345,396,344,441,403,612,371,403,342,463,492,792,2394,0,2394
20214,A,골목상권,3110461,새절역 2번,1694,796,898,162,232,276,245,258,521,88,95,150,122,121,220,74,137,126,123,137,301,880,0,880
20214,A,골목상권,3110462,갈현건영아파트,5875,2887,2988,611,885,700,810,1061,1808,322,477,376,429,487,796,289,408,324,381,574,1012,2879,0,2879
20214,A,골목상권,3110463,응암3동주민센터,2140,1021,1119,178,262,291,327,376,706,97,136,143,168,200,277,81,126,148,159,176,429,1236,0,1236
20214,A,골목상권,3110464,연신내역 5번,4286,2019,2267,481,711,653,688,705,1048,256,342,333,329,318,441,225,369,320,359,387,607,2154,0,2154
20214,A,골목상권,3110465,연신내역 7번,2656,1245,1411,296,480,442,402,368,668,143,215,236,204,158,289,153,265,206,198,210,379,1335,0,1335
20214,A,골목상권,3110466,구산역 2번,4069,1900,2169,475,592,591,634,706,1071,236,275,300,297,330,462,239,317,291,337,376,609,1938,0,1938
20214,A,골목상권,3110467,은평요양병원,1312,624,688,112,308,236,160,160,336,65,114,122,87,77,159,47,194,114,73,83,177,776,0,776
20214,A,골목상권,3110468,응암역 3번,11333,5296,6037,1474,1594,1704,1809,1835,2917,739,775,796,906,845,1235,735,819,908,903,990,1682,5100,0,5100
20214,A,골목상권,3110469,응암정보도서관,7107,3546,3561,688,1014,816,942,1310,2337,374,519,462,493,675,1023,314,495,354,449,635,1314,3710,0,3710
20214,A,골목상권,3110470,신진과학기술고등학교,2133,984,1149,373,281,362,370,270,477,183,136,158,174,123,210,190,145,204,196,147,267,971,0,971
20214,A,골목상권,3110471,응암동우체국,4781,2356,2425,527,618,649,683,829,1475,275,330,328,364,429,630,252,288,321,319,400,845,2292,0,2292
20214,A,골목상권,3110472,연신내역 4번,5375,2529,2846,529,933,823,768,903,1419,235,444,420,369,437,624,294,489,403,399,466,795,2742,0,2742
20214,A,골목상권,3110473,구산역 1번,9318,4365,4953,1239,1299,1213,1566,1483,2518,614,617,584,780,710,1060,625,682,629,786,773,1458,4409,0,4409
20214,A,골목상권,3110474,세명컴퓨터고등학교,4640,2273,2367,470,798,665,639,814,1254,236,402,359,336,352,588,234,396,306,303,462,666,2247,0,2247
20214,A,골목상권,3110475,백련산해모로아파트,3153,1511,1642,482,409,395,538,517,812,251,199,195,269,262,335,231,210,200,269,255,477,1420,0,1420
20214,A,골목상권,3110476,역촌역 2번,1195,560,635,128,172,177,185,205,328,74,67,88,88,109,134,54,105,89,97,96,194,591,0,591
20214,A,골목상권,3110477,은평세무서,3078,1452,1626,411,404,422,497,498,846,198,202,221,232,240,359,213,202,201,265,258,487,1409,0,1409
20214,A,골목상권,3110478,응암1동주민센터,3271,1579,1692,408,412,407,538,583,923,212,218,216,258,285,390,196,194,191,280,298,533,1584,0,1584
20214,A,골목상권,3110479,연신내역 2번,3620,1760,1860,292,525,438,466,600,1299,156,275,223,241,281,584,136,250,215,225,319,715,1915,0,1915
20214,A,골목상권,3110480,연신내역 3번,3096,1481,1615,259,502,482,410,531,912,143,264,246,199,233,396,116,238,236,211,298,516,1554,0,1554
20214,A,골목상권,3110481,불광역 7번,3183,1475,1708,261,643,502,455,486,836,138,275,246,227,224,365,123,368,256,228,262,471,1750,0,1750
20214,A,골목상권,3110482,연신초등학교,1532,733,799,142,193,177,225,299,496,69,101,90,115,139,219,73,92,87,110,160,277,780,0,780
20214,A,골목상권,3110483,연천초등학교,3179,1487,1692,328,505,450,449,552,895,170,231,222,227,258,379,158,274,228,222,294,516,1585,0,1585
20214,A,골목상권,3110484,역촌역 3번,7996,3876,4120,854,1034,1173,1248,1338,2349,424,500,623,665,657,1007,430,534,550,583,681,1342,4081,0,4081
20214,A,골목상권,3110485,연신내우체국,2687,1268,1419,334,361,377,385,453,777,167,182,194,187,206,332,167,179,183,198,247,445,1231,0,1231
20214,A,골목상권,3110486,은평구청,1952,935,1017,257,278,298,361,299,459,128,131,152,184,147,193,129,147,146,177,152,266,931,0,931
20214,A,골목상권,3110487,불광역 8번,316,161,155,25,35,42,40,48,126,18,21,18,21,25,58,7,14,24,19,23,68,200,0,200
20214,A,골목상권,3110488,우리은행응암동지점,3135,1499,1636,415,423,461,480,523,833,210,212,234,243,245,355,205,211,227,237,278,478,1384,0,1384
20214,A,골목상권,3110489,불광역 3번,1305,602,703,108,222,195,156,210,414,53,110,93,79,94,173,55,112,102,77,116,241,709,0,709
20214,A,골목상권,3110490,녹번동근린공원,5043,2428,2615,526,753,699,788,811,1466,290,378,352,411,370,627,236,375,347,377,441,839,2447,0,2447
20214,A,골목상권,3110491,불광중학교,1353,688,665,145,192,144,187,247,438,89,107,79,103,115,195,56,85,65,84,132,243,651,0,651
20214,A,골목상권,3110492,하나고등학교,528,277,251,80,93,49,85,117,104,48,59,24,39,63,44,32,34,25,46,54,60,227,0,227
20214,A,골목상권,3110493,북가좌초등학교,1328,638,690,148,195,190,177,227,391,70,96,93,95,104,180,78,99,97,82,123,211,613,0,613
20214,A,골목상권,3110494,증산3교남측,814,401,413,99,117,119,109,152,218,52,58,63,52,72,104,47,59,56,57,80,114,363,0,363
20214,A,골목상권,3110495,북가좌2동주민센터,6253,3030,3223,708,895,824,1016,993,1817,377,454,415,513,475,796,331,441,409,503,518,1021,3036,0,3036
20214,A,골목상권,3110496,모래내우체국,2057,983,1074,235,300,243,293,334,652,104,151,131,140,172,285,131,149,112,153,162,367,967,0,967
20214,A,골목상권,3110497,가좌역 3번,179,99,80,4,8,16,18,34,99,2,5,10,15,14,53,2,3,6,3,20,46,135,0,135
20214,A,골목상권,3110498,증산역 1번,3463,1700,1763,330,511,511,479,578,1054,169,276,269,242,265,479,161,235,242,237,313,575,1638,0,1638
20214,A,골목상권,3110499,연가초등학교,6065,2991,3074,857,1075,761,947,998,1427,455,556,414,468,464,634,402,519,347,479,534,793,2724,0,2724
20214,A,골목상권,3110500,남가좌동현대아파트,706,348,358,167,74,131,137,87,110,86,38,65,74,38,47,81,36,66,63,49,63,247,0,247
20214,A,골목상권,3110501,연희어린이공원,1321,634,687,115,227,241,177,191,370,60,110,110,91,89,174,55,117,131,86,102,196,664,0,664
20214,A,골목상권,3110502,남가좌파출소,3811,1841,1970,457,546,499,603,578,1128,238,258,236,319,300,490,219,288,263,284,278,638,1922,0,1922
20214,A,골목상권,3110503,명지대학교교회,5025,2521,2504,537,1317,607,669,775,1120,276,670,346,322,402,505,261,647,261,347,373,615,2865,0,2865
20214,A,골목상권,3110504,명지전문대,223,112,111,32,32,17,51,39,52,17,16,9,25,22,23,15,16,8,26,17,29,99,0,99
20214,A,골목상권,3110505,홍남교남측,150,78,72,17,23,18,21,24,47,11,13,11,11,11,21,6,10,7,10,13,26,77,0,77
20214,A,골목상권,3110506,연희임광아파트,536,253,283,37,142,142,71,50,94,14,60,76,33,21,49,23,82,66,38,29,45,354,0,354
20214,A,골목상권,3110507,명지대학교,6472,3098,3374,670,1284,834,881,1006,1797,333,594,457,439,489,786,337,690,377,442,517,1011,3598,0,3598
20214,A,골목상권,3110508,서연중학교,2124,966,1158,283,292,319,358,291,581,134,144,148,155,129,256,149,148,171,203,162,325,949,0,949
20214,A,골목상권,3110509,연희대우아파트앞,3661,1854,1807,495,1020,772,456,371,547,301,494,405,246,169,239,194,526,367,210,202,308,2210,0,2210
20214,A,골목상권,3110510,홍연시장,1123,552,571,110,160,119,163,193,378,60,82,60,89,95,166,50,78,59,74,98,212,511,0,511
20214,A,골목상권,3110511,연희초등학교,5867,3147,2720,432,2347,1029,647,549,863,230,1368,571,325,268,385,202,979,458,322,281,478,3984,0,3984
20214,A,골목상권,3110512,연희지하차도,3398,1604,1794,382,563,480,524,534,915,194,272,229,265,267,377,188,291,251,259,267,538,1743,0,1743
20214,A,골목상권,3110513,연희파출소,991,455,536,166,172,149,178,127,199,81,73,72,85,50,94,85,99,77,93,77,105,489,0,489
20214,A,골목상권,3110514,서대문우체국,2037,1072,965,74,951,349,162,176,325,42,512,200,80,97,141,32,439,149,82,79,184,1583,0,1583
20214,A,골목상권,3110515,홍은중학교,2539,1226,1313,295,345,294,398,428,779,162,186,145,199,195,339,133,159,149,199,233,440,1163,0,1163
20214,A,골목상권,3110516,정원여중,1128,533,595,144,154,157,175,213,285,59,79,84,89,93,129,85,75,73,86,120,156,468,0,468
20214,A,골목상권,3110517,서대문소방서,866,397,469,125,197,104,120,139,181,60,91,48,55,65,78,65,106,56,65,74,103,430,0,430
20214,A,골목상권,3110518,서대문구청,519,233,286,58,80,66,68,95,152,30,34,38,28,43,60,28,46,28,40,52,92,242,0,242
20214,A,골목상권,3110519,서대문구보건소별관,3975,1814,2161,594,508,438,634,673,1128,260,254,211,306,329,454,334,254,227,328,344,674,1696,0,1696
20214,A,골목상권,3110520,경의중앙 신촌역,1522,719,803,83,594,230,131,167,317,38,253,147,64,84,133,45,341,83,67,83,184,1101,0,1101
20214,A,골목상권,3110521,홍제역 4번,886,416,470,86,121,123,121,158,277,43,56,64,59,73,121,43,65,59,62,85,156,490,0,490
20214,A,골목상권,3110522,홍제역 3번,1328,601,727,115,197,164,199,209,444,51,97,78,102,89,184,64,100,86,97,120,260,654,0,654
20214,A,골목상권,3110523,홍제성원아파트,522,249,273,55,82,65,80,86,154,28,37,34,44,39,67,27,45,31,36,47,87,227,0,227
20214,A,골목상권,3110524,연희세브란스병원,233,100,133,19,94,41,25,15,39,7,34,17,13,8,21,12,60,24,12,7,18,174,0,174
20214,A,골목상권,3110525,홍은종합사회복지관,578,279,299,100,54,83,96,79,166,49,26,42,46,43,73,51,28,41,50,36,93,251,0,251
20214,A,골목상권,3110526,봉원사,1199,499,700,117,395,176,123,150,238,55,122,80,57,81,104,62,273,96,66,69,134,773,0,773
20214,A,골목상권,3110527,홍제역 2번,1923,914,1009,175,285,275,250,350,588,88,147,139,123,173,244,87,138,136,127,177,344,993,0,993
20214,A,골목상권,3110528,서울여자간호대학교,1547,759,788,224,218,245,210,219,431,118,113,133,112,109,174,106,105,112,98,110,257,711,0,711
20214,A,골목상권,3110529,홍제3동주민센터,3374,1605,1769,300,427,339,471,584,1253,148,213,179,246,292,527,152,214,160,225,292,726,1765,0,1765
20214,A,골목상권,3110530,아현역 1번,247,128,119,15,32,31,29,47,93,9,13,17,15,27,47,6,19,14,14,20,46,169,0,169
20214,A,골목상권,3110531,홍지문,410,197,213,31,95,48,53,66,117,16,38,30,28,33,52,15,57,18,25,33,65,228,0,228
20214,A,골목상권,3110532,아현역 2번,2046,986,1060,174,309,223,319,386,635,79,155,117,170,206,259,95,154,106,149,180,376,1212,0,1212
20214,A,골목상권,3110533,충정로역 7번,1093,574,519,72,177,150,163,212,319,38,104,86,83,121,142,34,73,64,80,91,177,650,0,650
20214,A,골목상권,3110534,경기대학교,1614,805,809,162,297,209,196,283,467,83,149,118,108,147,200,79,148,91,88,136,267,871,0,871
20214,A,골목상권,3110535,영천시장입구,1293,597,696,103,215,152,180,214,429,46,106,79,89,111,166,57,109,73,91,103,263,726,0,726
20214,A,골목상권,3110536,돈의문센트레빌아파트입구,690,350,340,45,147,88,98,137,175,23,67,49,56,67,88,22,80,39,42,70,87,399,0,399
20214,A,골목상권,3110537,충정로현대아파트,1051,477,574,129,233,210,161,114,204,55,92,100,78,57,95,74,141,110,83,57,109,607,0,607
20214,A,골목상권,3110538,충정로역 3번,422,190,232,15,88,136,65,39,79,4,37,64,31,20,34,11,51,72,34,19,45,297,0,297
20214,A,골목상권,3110539,미근동,460,238,222,21,83,94,55,64,143,9,51,49,34,32,63,12,32,45,21,32,80,314,0,314
20214,A,골목상권,3110540,망원나들목체육관,2776,1378,1398,342,416,499,456,426,637,167,201,262,232,234,282,175,215,237,224,192,355,1320,0,1320
20214,A,골목상권,3110541,동교초등학교,4944,2304,2640,739,750,751,854,718,1132,356,349,365,418,333,483,383,401,386,436,385,649,2229,0,2229
20214,A,골목상권,3110542,마포구청역 7번,5276,2502,2774,694,875,863,860,817,1167,346,401,411,431,408,505,348,474,452,429,409,662,2483,0,2483
20214,A,골목상권,3110543,중암중학교,994,493,501,167,150,157,168,131,221,88,86,84,77,68,90,79,64,73,91,63,131,493,0,493
20214,A,골목상권,3110544,망리단길,12727,5888,6839,1364,2275,2489,1939,1754,2906,680,1041,1155,931,856,1225,684,1234,1334,1008,898,1681,6618,0,6618
20214,A,골목상권,3110545,마포구청역 1번,5110,1723,3387,259,2037,1457,614,371,372,112,453,532,277,179,170,147,1584,925,337,192,202,3987,0,3987
20214,A,골목상권,3110546,양화대교북단,2596,1249,1347,256,493,567,387,335,558,117,233,285,192,171,251,139,260,282,195,164,307,1357,0,1357
20214,A,골목상권,3110547,KB국민은행 망원동지점,2491,1171,1320,327,405,342,396,368,653,166,193,166,188,182,276,161,212,176,208,186,377,1165,0,1165
20214,A,골목상권,3110548,마포구청역 4번,2724,1252,1472,286,494,530,450,421,543,158,202,247,201,215,229,128,292,283,249,206,314,1437,0,1437
20214,A,골목상권,3110549,새터산,2629,1260,1369,351,413,439,433,361,632,180,194,206,227,173,280,171,219,233,206,188,352,1262,0,1262
20214,A,골목상권,3110550,합정역 8번,5796,2583,3213,608,1144,1237,876,753,1178,287,466,568,405,351,506,321,678,669,471,402,672,3047,0,3047
20214,A,골목상권,3110551,성서초등학교,4111,1881,2230,689,619,617,810,584,792,307,293,268,369,282,362,382,326,349,441,302,430,1840,0,1840
20214,A,골목상권,3110552,성미산체육관,2263,1073,1190,276,347,367,351,360,562,136,157,190,170,172,248,140,190,177,181,188,314,1133,0,1133
20214,A,골목상권,3110553,가좌역 2번,3390,1673,1717,374,526,557,525,530,878,207,263,295,256,266,386,167,263,262,269,264,492,1770,0,1770
20214,A,골목상권,3110554,망원역 1번,4439,1991,2448,434,801,880,726,618,980,216,326,384,337,310,418,218,475,496,389,308,562,2550,0,2550
20214,A,골목상권,3110555,홍익지구대,255,117,138,25,50,53,41,36,50,16,18,22,20,19,22,9,32,31,21,17,28,130,0,130
20214,A,골목상권,3110556,절두산순교성지,969,458,511,71,177,201,140,134,246,31,85,105,71,59,107,40,92,96,69,75,139,540,0,540
20214,A,골목상권,3110557,홍대부속여중고앞,3220,1462,1758,348,580,640,630,438,584,170,255,301,297,194,245,178,325,339,333,244,339,1775,0,1775
20214,A,골목상권,3110558,경성고등학교,8597,4089,4508,941,1502,1610,1376,1226,1942,473,719,805,697,554,841,468,783,805,679,672,1101,4349,0,4349
20214,A,골목상권,3110559,성산중학교,2482,1154,1328,207,503,550,349,325,548,105,230,283,166,148,222,102,273,267,183,177,326,1347,0,1347
20214,A,골목상권,3110560,마포FM,1546,739,807,139,347,293,230,208,329,67,162,139,120,102,149,72,185,154,110,106,180,874,0,874
20214,A,골목상권,3110561,상수역 4번,2175,1036,1139,127,546,510,280,269,443,59,260,258,150,121,188,68,286,252,130,148,255,1379,0,1379
20214,A,골목상권,3110562,연트럴파크(연남동주민센터),2902,1360,1542,293,585,596,470,362,596,161,296,282,217,161,243,132,289,314,253,201,353,1601,0,1601
20214,A,골목상권,3110563,상수역 3번,713,342,371,54,209,150,95,71,134,27,98,74,49,36,58,27,111,76,46,35,76,453,0,453
20214,A,골목상권,3110564,홍대입구역 3번,571,250,321,38,161,125,84,58,105,18,58,66,39,28,41,20,103,59,45,30,64,398,0,398
20214,A,골목상권,3110565,홍익대,1544,779,765,93,628,276,160,170,217,45,341,144,85,78,86,48,287,132,75,92,131,1065,0,1065
20214,A,골목상권,3110566,경의선책거리,1846,859,987,117,493,430,246,223,337,64,209,217,123,101,145,53,284,213,123,122,192,1223,0,1223
20214,A,골목상권,3110567,광흥창역 6번,298,144,154,17,82,62,43,24,70,8,38,25,24,15,34,9,44,37,19,9,36,202,0,202
20214,A,골목상권,3110568,광흥창역 1번,329,175,154,62,56,43,54,51,63,38,30,25,23,31,28,24,26,18,31,20,35,150,0,150
20214,A,골목상권,3110569,홍대땡땡거리,1907,914,993,99,606,377,247,227,351,55,291,184,123,115,146,44,315,193,124,112,205,1348,0,1348
20214,A,골목상권,3110570,KB국민은행 서강지점,501,246,255,68,54,100,96,71,112,31,31,46,48,34,56,37,23,54,48,37,56,255,0,255
20214,A,골목상권,3110571,신수동주민센터,2323,1130,1193,270,350,338,339,381,645,144,177,179,164,193,273,126,173,159,175,188,372,1172,0,1172
20214,A,골목상권,3110572,서강대역 1번,2848,1525,1323,180,953,438,362,333,582,100,562,256,182,181,244,80,391,182,180,152,338,1946,0,1946
20214,A,골목상권,3110573,신촌역 6번,191,93,98,12,62,41,23,15,38,6,31,22,8,10,16,6,31,19,15,5,22,143,0,143
20214,A,골목상권,3110574,서강대학교,174,96,78,14,56,25,31,22,26,6,31,15,19,14,11,8,25,10,12,8,15,107,0,107
20214,A,골목상권,3110575,대흥동주민센터,2613,1296,1317,146,598,379,365,360,765,80,287,220,198,184,327,66,311,159,167,176,438,1876,0,1876
20214,A,골목상권,3110576,대흥역 3번,1118,567,551,144,140,179,170,158,327,74,83,93,93,78,146,70,57,86,77,80,181,592,0,592
20214,A,골목상권,3110577,용강동주민센터,946,441,505,137,107,111,178,163,250,67,51,54,84,79,106,70,56,57,94,84,144,472,0,472
20214,A,골목상권,3110578,대흥역 2번,2721,1346,1375,253,497,343,365,476,787,132,243,191,186,252,342,121,254,152,179,224,445,1618,0,1618
20214,A,골목상권,3110579,마포역 4번,791,415,376,56,155,178,125,106,171,32,81,98,75,56,73,24,74,80,50,50,98,469,0,469
20214,A,골목상권,3110580,양원초등학교,1267,634,633,68,347,195,130,175,352,39,175,105,75,92,148,29,172,90,55,83,204,824,0,824
20214,A,골목상권,3110581,염리초등학교,292,143,149,94,16,44,82,24,32,52,7,18,41,14,11,42,9,26,41,10,21,99,0,99
20214,A,골목상권,3110582,이대역 5번,1393,675,718,71,451,188,153,184,346,31,197,104,79,102,162,40,254,84,74,82,184,1021,0,1021
20214,A,골목상권,3110583,공덕래미안3차아파트,174,80,94,17,47,34,25,13,38,11,14,20,11,9,15,6,33,14,14,4,23,111,0,111
20214,A,골목상권,3110584,아현역 4번,57,25,32,0,13,7,7,8,22,0,6,3,2,4,10,0,7,4,5,4,12,39,0,39
20214,A,골목상권,3110585,마포경찰서,222,104,118,48,21,88,34,15,16,26,5,39,21,5,8,22,16,49,13,10,8,93,0,93
20214,A,골목상권,3110586,서울서부지방법원,1520,734,786,62,354,387,216,210,291,32,130,183,120,130,139,30,224,204,96,80,152,1165,0,1165
20214,A,골목상권,3110587,공덕동주민센터,3405,1419,1986,211,899,615,438,440,802,104,252,274,220,226,343,107,647,341,218,214,459,2427,0,2427
20214,A,골목상권,3110588,한겨레신문사,2908,1378,1530,276,596,481,423,480,652,148,250,257,201,226,296,128,346,224,222,254,356,1569,0,1569
20214,A,골목상권,3110589,애오개역 3번,1726,853,873,145,270,269,219,303,520,76,148,147,120,144,218,69,122,122,99,159,302,847,0,847
20214,A,골목상권,3110590,만리재,2315,1133,1182,209,386,272,363,456,629,107,199,155,183,231,258,102,187,117,180,225,371,1212,0,1212
20214,A,골목상권,3110591,충정로역 6번,2292,1187,1105,197,343,261,284,452,755,103,206,147,156,228,347,94,137,114,128,224,408,1150,0,1150
20214,A,골목상권,3110592,서울금융고등학교,1209,611,598,144,178,125,163,242,357,83,91,73,83,121,160,61,87,52,80,121,197,565,0,565
20214,A,골목상권,3110593,신월3동주민센터,6488,3555,2933,562,746,737,936,1367,2140,301,369,415,568,811,1091,261,377,322,368,556,1049,3863,0,3863
20214,A,골목상권,3110594,신월중학교,3348,1641,1707,635,423,435,552,554,749,337,212,218,270,261,343,298,211,217,282,293,406,1263,0,1263
20214,A,골목상권,3110595,메디힐병원,5754,2863,2891,625,831,780,803,1041,1674,325,424,420,404,494,796,300,407,360,399,547,878,2719,0,2719
20214,A,골목상권,3110596,서서울호수공원,3474,1713,1761,457,476,482,527,636,896,241,236,236,281,312,407,216,240,246,246,324,489,1587,0,1587
20214,A,골목상권,3110597,신월1동주민센터,6200,3206,2994,634,800,781,899,1218,1868,325,424,440,474,626,917,309,376,341,425,592,951,3070,0,3070
20214,A,골목상권,3110598,신월문화체육센터,3093,1486,1607,348,407,353,447,539,999,173,215,188,231,255,424,175,192,165,216,284,575,1385,0,1385
20214,A,골목상권,3110599,신월1파출소,4226,2151,2075,482,590,540,607,791,1216,262,299,295,310,414,571,220,291,245,297,377,645,1946,0,1946
20214,A,골목상권,3110600,신월7동주민센터,4497,2204,2293,409,615,483,616,839,1535,212,312,260,326,435,659,197,303,223,290,404,876,2225,0,2225
20214,A,골목상권,3110601,신월1동우편취급국,6643,3416,3227,792,851,967,1020,1198,1815,395,461,522,541,633,864,397,390,445,479,565,951,3198,0,3198
20214,A,골목상권,3110602,신월시영아파트중문,1306,643,663,117,179,126,177,271,436,59,85,71,86,141,201,58,94,55,91,130,235,632,0,632
20214,A,골목상권,3110603,지향초등학교,311,147,164,49,37,26,41,62,96,17,20,17,20,28,45,32,17,9,21,34,51,133,0,133
20214,A,골목상권,3110604,신월4동주민센터,6868,3400,3468,1210,811,953,1178,979,1737,616,426,475,608,473,802,594,385,478,570,506,935,2626,0,2626
20214,A,골목상권,3110605,목동센트럴아이파크앞,1240,600,640,191,142,163,204,191,349,88,75,87,100,98,152,103,67,76,104,93,197,531,0,531
20214,A,골목상권,3110606,신한은행 신월동지점,7176,3489,3687,1056,901,894,1113,1224,1988,554,462,440,568,582,883,502,439,454,545,642,1105,2708,0,2708
20214,A,골목상권,3110607,금빛새마을금고본점,805,399,406,84,102,111,107,122,279,37,50,62,55,67,128,47,52,49,52,55,151,389,0,389
20214,A,골목상권,3110608,신월2동주민센터,8507,4178,4329,1213,1102,1150,1304,1385,2353,616,554,590,656,681,1081,597,548,560,648,704,1272,3561,0,3561
20214,A,골목상권,3110609,신정네거리역 2번,2450,1172,1278,335,347,317,401,398,652,172,158,166,186,197,293,163,189,151,215,201,359,1086,0,1086
20214,A,골목상권,3110610,계남근린공원,2915,1486,1429,298,413,321,416,540,927,165,236,178,226,255,426,133,177,143,190,285,501,1428,0,1428
20214,A,골목상권,3110611,신정역 1번,4648,2313,2335,607,673,720,770,710,1168,323,342,389,394,335,530,284,331,331,376,375,638,2098,0,2098
20214,A,골목상권,3110612,신정역 5번,8225,4076,4149,934,1249,1118,1252,1386,2286,511,615,615,615,677,1043,423,634,503,637,709,1243,4006,0,4006
20214,A,골목상권,3110613,신정네거리역 4번,532,254,278,84,66,56,89,99,138,44,29,27,38,56,60,40,37,29,51,43,78,254,0,254
20214,A,골목상권,3110614,목동로데오거리,2286,1100,1186,294,318,345,350,355,624,136,156,175,176,177,280,158,162,170,174,178,344,1053,0,1053
20214,A,골목상권,3110615,신서초등학교,1026,492,534,241,127,105,211,160,182,129,60,42,103,83,75,112,67,63,108,77,107,385,0,385
20214,A,골목상권,3110616,양목초등학교,838,392,446,146,133,120,150,133,156,67,72,58,71,59,65,79,61,62,79,74,91,361,0,361
20214,A,골목상권,3110617,등촌역 4번,2327,1050,1277,253,355,398,343,361,617,127,155,201,174,151,242,126,200,197,169,210,375,1192,0,1192
20214,A,골목상권,3110618,강서고등학교,6274,3044,3230,901,1108,884,957,1163,1261,471,605,436,428,546,558,430,503,448,529,617,703,2696,0,2696
20214,A,골목상권,3110619,목4동주민센터,1379,674,705,168,216,222,200,218,355,92,112,120,95,92,163,76,104,102,105,126,192,633,0,633
20214,A,골목상권,3110620,목동보건지소,8547,4144,4403,1507,1348,1135,1428,1495,1634,789,698,568,621,750,718,718,650,567,807,745,916,3458,0,3458
20214,A,골목상권,3110621,목동역 5번,719,330,389,150,95,69,148,121,136,76,38,31,61,61,63,74,57,38,87,60,73,253,0,253
20214,A,골목상권,3110622,달마을공원,4026,1925,2101,421,705,870,570,614,846,198,343,454,267,292,371,223,362,416,303,322,475,1886,0,1886
20214,A,골목상권,3110623,갈산공원,150,82,68,27,11,38,24,17,33,16,9,22,11,6,18,11,2,16,13,11,15,64,0,64
20214,A,골목상권,3110624,목동문화체육센터,2324,1127,1197,316,405,305,348,448,502,163,214,157,167,201,225,153,191,148,181,247,277,922,0,922
20214,A,골목상권,3110625,신정2동주민센터,3327,1639,1688,695,457,266,627,637,645,352,234,120,274,355,304,343,223,146,353,282,341,1261,0,1261
20214,A,골목상권,3110626,양화초등학교,6335,2999,3336,661,1125,1359,922,902,1366,347,491,697,473,390,601,314,634,662,449,512,765,3118,0,3118
20214,A,골목상권,3110627,신정롯데캐슬아파트,2466,1196,1270,410,329,294,438,439,556,211,165,155,208,217,240,199,164,139,230,222,316,1036,0,1036
20214,A,골목상권,3110628,신목동역,1350,676,674,184,242,297,216,184,227,95,121,151,104,102,103,89,121,146,112,82,124,706,0,706
20214,A,골목상권,3110629,송정역 4번,906,445,461,50,173,166,117,137,263,21,82,82,63,68,129,29,91,84,54,69,134,529,0,529
20214,A,골목상권,3110630,공항시장역 1번,6024,3004,3020,535,1176,936,796,982,1599,269,536,530,428,499,742,266,640,406,368,483,857,3565,0,3565
20214,A,골목상권,3110631,방화초등학교,3946,1951,1995,570,509,590,597,655,1025,307,262,303,306,322,451,263,247,287,291,333,574,1654,0,1654
20214,A,골목상권,3110632,방화역 3번,1526,765,761,180,223,207,208,251,457,97,110,109,101,127,221,83,113,98,107,124,236,723,0,723
20214,A,골목상권,3110633,개화산역 1번,440,226,214,51,74,83,53,71,108,30,35,48,29,35,49,21,39,35,24,36,59,228,0,228
20214,A,골목상권,3110634,송정역 3번,8279,4321,3958,983,1333,1556,1270,1258,1879,509,703,880,689,654,886,474,630,676,581,604,993,4417,0,4417
20214,A,골목상권,3110635,공항시장역 3번,2782,1394,1388,311,350,402,337,492,890,149,185,229,183,248,400,162,165,173,154,244,490,1395,0,1395
20214,A,골목상권,3110636,방화역 2번,1260,652,608,188,135,201,217,179,340,95,77,110,113,90,167,93,58,91,104,89,173,563,0,563
20214,A,골목상권,3110637,송정역 2번,1964,986,978,181,362,355,245,316,505,98,166,201,125,160,236,83,196,154,120,156,269,1002,0,1002
20214,A,골목상권,3110638,신방화역 2번,5721,2872,2849,708,857,920,853,918,1465,370,439,500,436,456,671,338,418,420,417,462,794,2781,0,2781
20214,A,골목상권,3110639,신방화역 8번,2885,1456,1429,286,397,389,375,519,919,139,196,218,218,251,434,147,201,171,157,268,485,1435,0,1435
20214,A,골목상권,3110640,방화역 1번,2733,1406,1327,303,431,556,433,432,578,158,205,280,237,257,269,145,226,276,196,175,309,1575,0,1575
20214,A,골목상권,3110641,공항고등학교,1562,790,772,248,195,268,239,239,373,131,97,135,123,126,178,117,98,133,116,113,195,651,0,651
20214,A,골목상권,3110642,정곡초등학교,794,400,394,154,80,105,143,110,202,71,40,56,74,53,106,83,40,49,69,57,96,329,0,329
20214,A,골목상권,3110643,강서구다솔마을,2293,1188,1105,262,285,304,423,413,606,133,135,174,238,223,285,129,150,130,185,190,321,1152,0,1152
20214,A,골목상권,3110644,신광명마을,840,427,413,91,97,114,126,153,259,48,59,61,63,85,111,43,38,53,63,68,148,407,0,407
20214,A,골목상권,3110645,우장산역 4번,7383,3439,3944,1546,1066,882,1418,1141,1330,725,489,417,656,571,581,821,577,465,762,570,749,2826,0,2826
20214,A,골목상권,3110646,푸른들청소년도서관,8329,4014,4315,952,1324,1305,1163,1358,2227,479,621,676,561,655,1022,473,703,629,602,703,1205,3861,0,3861
20214,A,골목상권,3110647,화곡역 5번,8626,4178,4448,1030,1340,1584,1334,1282,2056,513,639,813,695,577,941,517,701,771,639,705,1115,4116,0,4116
20214,A,골목상권,3110648,양천향교역 7번,4060,1692,2368,92,1659,1484,491,232,102,38,432,745,283,143,51,54,1227,739,208,89,51,3656,0,3656
20214,A,골목상권,3110649,우장산역 1번,3347,1549,1798,724,488,399,664,535,537,320,222,201,296,268,242,404,266,198,368,267,295,1242,0,1242
20214,A,골목상권,3110650,우장산힐스테이트,894,418,476,207,102,93,180,124,188,94,49,41,86,64,84,113,53,52,94,60,104,310,0,310
20214,A,골목상권,3110651,화원중학교,6123,2977,3146,780,933,1090,932,928,1460,391,433,591,483,425,654,389,500,499,449,503,806,2783,0,2783
20214,A,골목상권,3110652,양천향교역 2번,2053,1005,1048,173,473,595,235,248,329,91,185,324,136,113,156,82,288,271,99,135,173,1193,0,1193
20214,A,골목상권,3110653,화곡역 2번,3058,1463,1595,309,437,530,441,471,870,160,213,277,222,205,386,149,224,253,219,266,484,1528,0,1528
20214,A,골목상권,3110654,까치산역 4번,12391,6055,6336,1346,1992,2316,1804,1945,2988,679,962,1229,933,916,1336,667,1030,1087,871,1029,1652,5977,0,5977
20214,A,골목상권,3110655,발산역 5번,1014,498,516,146,151,204,169,145,199,84,70,112,78,70,84,62,81,92,91,75,115,479,0,479
20214,A,골목상권,3110656,까치산역 3번,9500,4758,4742,604,2182,2327,1315,1117,1955,297,919,1304,754,554,930,307,1263,1023,561,563,1025,5966,0,5966
20214,A,골목상권,3110657,양천향교역 5번,1567,719,848,74,464,486,189,152,202,30,151,275,104,66,93,44,313,211,85,86,109,1125,0,1125
20214,A,골목상권,3110658,화곡초등학교,3078,1583,1495,274,694,638,491,381,600,152,349,374,265,189,254,122,345,264,226,192,346,1821,0,1821
20214,A,골목상권,3110659,화곡역 4번,18476,8997,9479,2694,2923,3202,3047,2753,3857,1350,1380,1745,1543,1286,1693,1344,1543,1457,1504,1467,2164,8411,0,8411
20214,A,골목상권,3110660,등촌3동주민센터,1701,847,854,177,270,246,210,252,546,89,145,141,101,128,243,88,125,105,109,124,303,968,0,968
20214,A,골목상권,3110661,강서새말어린이공원,1446,723,723,208,183,224,268,220,343,103,92,123,143,104,158,105,91,101,125,116,185,660,0,660
20214,A,골목상권,3110662,까치산역 1번,12580,6012,6568,1535,1934,2078,2051,1874,3108,758,936,1087,1034,847,1350,777,998,991,1017,1027,1758,5837,0,5837
20214,A,골목상권,3110663,우장산롯데캐슬아파트앞,1499,735,764,177,228,243,236,275,340,90,124,115,119,130,157,87,104,128,117,145,183,642,0,642
20214,A,골목상권,3110664,강서구청옆,524,263,261,79,64,99,96,65,121,45,34,52,55,26,51,34,30,47,41,39,70,240,0,240
20214,A,골목상권,3110665,곰달래도서관,5173,2531,2642,577,667,825,815,777,1512,288,345,439,413,366,680,289,322,386,402,411,832,2504,0,2504
20214,A,골목상권,3110666,KC대학교,1817,938,879,209,235,268,263,313,529,112,132,154,142,165,233,97,103,114,121,148,296,861,0,861
20214,A,골목상권,3110667,가양역 10번,640,283,357,55,88,124,81,74,218,23,36,57,40,42,85,32,52,67,41,32,133,380,0,380
20214,A,골목상권,3110668,화곡2동주민센터,8784,4211,4573,1346,1222,1419,1524,1334,1939,681,598,733,757,595,847,665,624,686,767,739,1092,3863,0,3863
20214,A,골목상권,3110669,화곡보람2차아파트,786,365,421,109,163,141,132,115,126,54,76,65,66,51,53,55,87,76,66,64,73,371,0,371
20214,A,골목상권,3110670,신곡초등학교,7458,3647,3811,1131,1055,1106,1264,1246,1656,555,548,571,646,605,722,576,507,535,618,641,934,3183,0,3183
20214,A,골목상권,3110671,등촌1동주민센터,7501,3677,3824,968,1416,1790,1079,943,1305,553,619,921,536,467,581,415,797,869,543,476,724,3888,0,3888
20214,A,골목상권,3110672,백석중학교,3381,1662,1719,509,534,536,530,540,732,272,269,277,267,255,322,237,265,259,263,285,410,1424,0,1424
20214,A,골목상권,3110673,뜸부기어린이공원,4156,2076,2080,356,582,729,564,676,1249,182,320,409,293,325,547,174,262,320,271,351,702,2099,0,2099
20214,A,골목상권,3110674,강서구청가양동별관,161,77,84,13,15,24,27,42,40,4,9,13,15,18,18,9,6,11,12,24,22,124,0,124
20214,A,골목상권,3110675,화곡4동주민센터,7710,3731,3979,948,1166,1355,1172,1217,1852,495,563,697,614,564,798,453,603,658,558,653,1054,3535,0,3535
20214,A,골목상권,3110676,등촌역 7번,3305,1564,1741,398,618,677,496,499,617,211,282,330,240,230,271,187,336,347,256,269,346,1562,0,1562
20214,A,골목상권,3110677,등촌역 1번,1606,739,867,169,355,459,226,180,217,84,139,219,111,89,97,85,216,240,115,91,120,889,0,889
20214,A,골목상권,3110678,염창무학아파트,1231,596,635,172,226,328,180,133,192,87,96,170,88,56,99,85,130,158,92,77,93,610,0,610
20214,A,골목상권,3110679,염창역 2번,979,437,542,72,258,293,137,93,126,35,84,131,75,49,63,37,174,162,62,44,63,667,0,667
20214,A,골목상권,3110680,온수역 5번(온수산업단지),1748,845,903,213,196,281,305,243,510,125,92,134,156,111,227,88,104,147,149,132,283,761,0,761
20214,A,골목상권,3110681,온수역 1번,170,98,72,18,22,39,18,25,48,15,13,19,12,13,26,3,9,20,6,12,22,84,0,84
20214,A,골목상권,3110682,온수역 8번,1048,508,540,141,145,141,179,143,299,79,79,69,86,63,132,62,66,72,93,80,167,433,0,433
20214,A,골목상권,3110683,오류고등학교,1694,833,861,289,240,228,241,307,389,146,129,114,126,144,174,143,111,114,115,163,215,646,0,646
20214,A,골목상권,3110684,서울공연예술고등학교,1389,675,714,172,198,187,230,240,362,87,113,96,106,107,166,85,85,91,124,133,196,602,0,602
20214,A,골목상권,3110685,금강수목원아파트,200,93,107,29,31,30,24,39,47,13,15,12,12,20,21,16,16,18,12,19,26,82,0,82
20214,A,골목상권,3110686,수궁동주민센터,4521,2180,2341,596,611,597,716,769,1232,298,310,312,345,368,547,298,301,285,371,401,685,2114,0,2114
20214,A,골목상권,3110687,"천왕역 3번(오류2동주민센터, 서울오류남초등학교)",542,248,294,59,65,52,87,89,190,27,27,30,41,42,81,32,38,22,46,47,109,244,0,244
20214,A,골목상권,3110688,오류지구대,2781,1363,1418,343,405,409,414,466,744,184,193,210,215,218,343,159,212,199,199,248,401,1254,0,1254
20214,A,골목상권,3110689,오류동역 3번,3158,1607,1551,339,487,415,428,538,951,171,238,226,224,293,455,168,249,189,204,245,496,1637,0,1637
20214,A,골목상권,3110690,오류2동버들시장,4903,2427,2476,599,595,675,742,773,1519,331,301,363,408,382,642,268,294,312,334,391,877,2555,0,2555
20214,A,골목상권,3110691,개봉중학교,2937,1486,1451,377,395,342,445,533,845,190,215,188,226,275,392,187,180,154,219,258,453,1362,0,1362
20214,A,골목상권,3110692,큰굴다리,2116,1104,1012,243,316,279,292,346,640,127,162,160,152,176,327,116,154,119,140,170,313,1025,0,1025
20214,A,골목상권,3110693,오류동역 4번,719,396,323,21,229,178,121,81,89,13,107,102,66,59,49,8,122,76,55,22,40,599,0,599
20214,A,골목상권,3110694,세곡초등학교,6947,3467,3480,799,967,835,1017,1261,2068,404,532,430,507,626,968,395,435,405,510,635,1100,3369,0,3369
20214,A,골목상권,3110695,개봉1동주민센터,5545,2838,2707,512,696,613,744,1039,1941,263,354,343,411,555,912,249,342,270,333,484,1029,2950,0,2950
20214,A,골목상권,3110696,오류동역 1번,3491,1771,1720,372,482,474,489,632,1042,192,268,258,256,313,484,180,214,216,233,319,558,1590,0,1590
20214,A,골목상권,3110697,개봉3동주민센터,2994,1499,1495,378,440,391,472,541,772,193,230,203,262,269,342,185,210,188,210,272,430,1313,0,1313
20214,A,골목상권,3110698,개웅초등학교(개웅중학교),6704,3253,3451,817,930,831,1036,1200,1890,411,480,426,521,559,856,406,450,405,515,641,1034,2850,0,2850
20214,A,골목상권,3110699,덕의초등학교,1608,802,806,206,214,186,258,286,458,111,122,97,130,139,203,95,92,89,128,147,255,759,0,759
20214,A,골목상권,3110700,고척초등학교,3399,1727,1672,455,448,433,535,588,940,230,237,254,279,301,426,225,211,179,256,287,514,1605,0,1605
20214,A,골목상권,3110701,고척동성당,1217,551,666,159,210,192,160,187,309,72,88,89,79,82,141,87,122,103,81,105,168,570,0,570
20214,A,골목상권,3110702,개봉초등학교,2513,1202,1311,339,285,411,362,407,709,175,146,217,165,189,310,164,139,194,197,218,399,1101,0,1101
20214,A,골목상권,3110703,개봉역,2006,993,1013,219,252,390,322,291,532,102,118,202,169,150,252,117,134,188,153,141,280,966,0,966
20214,A,골목상권,3110704,고척중학교,94,68,26,2,40,21,14,10,7,2,26,16,9,9,6,0,14,5,5,1,1,87,0,87
20214,A,골목상권,3110705,고산초등학교,565,281,284,87,131,99,99,76,73,51,68,48,55,26,33,36,63,51,44,50,40,287,0,287
20214,A,골목상권,3110706,그라운드 고척,697,364,333,64,109,89,128,90,217,33,55,47,74,56,99,31,54,42,54,34,118,408,0,408
20214,A,골목상권,3110707,구로창업지원센터,2099,1112,987,230,280,242,299,358,690,107,156,143,174,196,336,123,124,99,125,162,354,1038,0,1038
20214,A,골목상권,3110708,화원어린이공원,1295,677,618,121,206,171,208,228,361,70,104,95,129,122,157,51,102,76,79,106,204,765,0,765
20214,A,골목상권,3110709,구로119안전센터,2634,1347,1287,225,329,327,341,548,864,109,171,178,201,285,403,116,158,149,140,263,461,1413,0,1413
20214,A,골목상권,3110710,남구로역 3번,5266,2723,2543,372,723,535,666,1057,1913,208,401,322,359,550,883,164,322,213,307,507,1030,3012,0,3012
20214,A,골목상권,3110711,구로초등학교,3893,1922,1971,396,516,439,558,712,1272,184,261,237,285,399,556,212,255,202,273,313,716,2056,0,2056
20214,A,골목상권,3110712,남구로역 5번,5072,2530,2542,493,624,511,736,986,1722,252,393,287,362,491,745,241,231,224,374,495,977,2382,0,2382
20214,A,골목상권,3110713,구로보건소,7091,3499,3592,759,1080,1119,951,1222,1960,349,535,579,482,631,923,410,545,540,469,591,1037,3672,0,3672
20214,A,골목상권,3110714,구로4동주민센터,4147,2075,2072,404,446,398,594,813,1492,209,236,222,302,422,684,195,210,176,292,391,808,2250,0,2250
20214,A,골목상권,3110715,구로구민회관,867,453,414,78,90,83,130,157,329,40,52,42,77,95,147,38,38,41,53,62,182,460,0,460
20214,A,골목상권,3110716,구로나눔길,823,391,432,91,93,101,117,158,263,45,43,49,53,94,107,46,50,52,64,64,156,434,0,434
20214,A,골목상권,3110717,남구로역 2번,7311,3740,3571,574,860,769,1048,1456,2604,302,448,404,586,822,1178,272,412,365,462,634,1426,4187,0,4187
20214,A,골목상권,3110718,한국SGI본부,2665,1232,1433,162,853,599,281,308,462,86,297,313,144,168,224,76,556,286,137,140,238,1911,0,1911
20214,A,골목상권,3110719,영서중학교,551,256,295,79,62,66,84,85,175,39,28,34,40,41,74,40,34,32,44,44,101,227,0,227
20214,A,골목상권,3110720,대림역 2번,2265,1094,1171,194,247,256,303,441,824,104,119,141,146,206,378,90,128,115,157,235,446,1199,0,1199
20214,A,골목상권,3110721,가리봉파출소,2548,1332,1216,152,535,514,346,442,559,83,270,288,190,233,268,69,265,226,156,209,291,1654,0,1654
20214,A,골목상권,3110722,G타워,3828,2250,1578,75,1391,1333,479,252,298,44,701,862,316,167,160,31,690,471,163,85,138,3378,0,3378
20214,A,골목상권,3110723,가산디지털단지역 1번 출입구,816,430,386,47,167,116,108,139,239,21,88,66,60,83,112,26,79,50,48,56,127,540,0,540
20214,A,골목상권,3110724,금천구립가산도서관,2946,1774,1172,147,771,814,368,382,464,66,438,553,238,232,247,81,333,261,130,150,217,2068,0,2068
20214,A,골목상권,3110725,가산동주민센터,1908,1045,863,27,767,462,220,241,191,12,317,288,143,174,111,15,450,174,77,67,80,1752,0,1752
20214,A,골목상권,3110726,금천철쭉어린이공원(금하마을),1686,867,819,176,259,186,251,332,482,91,131,118,130,173,224,85,128,68,121,159,258,884,0,884
20214,A,골목상권,3110727,독산역 1번 출입구,1229,660,569,97,323,294,156,142,217,49,141,179,96,76,119,48,182,115,60,66,98,771,0,771
20214,A,골목상권,3110728,두산초등학교,1546,848,698,98,495,372,203,174,204,48,228,236,127,108,101,50,267,136,76,66,103,1123,0,1123
20214,A,골목상권,3110729,가산동우체국,2913,1707,1206,101,934,685,341,358,494,51,462,444,233,241,276,50,472,241,108,117,218,2268,0,2268
20214,A,골목상권,3110730,서울축산농협 독산역지점(독산파출소),2867,1548,1319,234,590,707,392,402,542,119,298,418,226,217,270,115,292,289,166,185,272,1728,0,1728
20214,A,골목상권,3110731,금천구청역 1번 출입구,1017,517,500,73,241,203,146,138,216,36,100,115,84,73,109,37,141,88,62,65,107,662,0,662
20214,A,골목상권,3110732,가산초등학교(세일중학교),2840,1518,1322,178,776,610,310,399,567,85,363,366,182,230,292,93,413,244,128,169,275,1961,0,1961
20214,A,골목상권,3110733,금천어울림복지센터,445,193,252,25,120,138,44,36,82,10,43,67,18,18,37,15,77,71,26,18,45,309,0,309
20214,A,골목상권,3110734,금천파출소,347,184,163,21,50,56,43,62,115,8,21,35,30,43,47,13,29,21,13,19,68,210,0,210
20214,A,골목상권,3110735,말미고개,5369,2731,2638,641,871,824,709,952,1372,336,445,453,367,483,647,305,426,371,342,469,725,2688,0,2688
20214,A,골목상권,3110736,독산119안전센터,4727,2350,2377,515,679,691,645,950,1247,258,308,380,339,473,592,257,371,311,306,477,655,2240,0,2240
20214,A,골목상권,3110737,금천세무서,2720,1425,1295,252,487,456,347,470,708,140,267,255,181,233,349,112,220,201,166,237,359,1467,0,1467
20214,A,골목상권,3110738,문성초등학교,3498,1770,1728,292,464,433,474,711,1124,147,229,249,240,397,508,145,235,184,234,314,616,2045,0,2045
20214,A,골목상권,3110739,시흥3동 우편취급국,320,165,155,31,58,28,46,71,86,17,28,15,22,39,44,14,30,13,24,32,42,129,0,129
20214,A,골목상권,3110740,금천해태공원,5321,2680,2641,515,825,615,721,1038,1607,269,425,350,377,507,752,246,400,265,344,531,855,2696,0,2696
20214,A,골목상권,3110741,독산2동주민센터,3680,1858,1822,389,562,502,525,722,980,204,293,271,250,375,465,185,269,231,275,347,515,1857,0,1857
20214,A,골목상권,3110742,KT금천빌딩(금천구시설관리공단),213,115,98,15,31,33,27,44,63,10,16,19,14,23,33,5,15,14,13,21,30,125,0,125
20214,A,골목상권,3110743,시흥초등학교(시흥1동우체국),4293,2157,2136,493,566,495,606,836,1297,254,308,268,318,417,592,239,258,227,288,419,705,2100,0,2100
20214,A,골목상권,3110744,독산동성당,8260,4130,4130,831,1135,983,1116,1753,2442,406,595,546,544,901,1138,425,540,437,572,852,1304,4148,0,4148
20214,A,골목상권,3110745,독산동정훈단지,2946,1485,1461,304,437,338,417,646,804,154,225,194,213,336,363,150,212,144,204,310,441,1509,0,1509
20214,A,골목상권,3110746,금천금빛공원(은행나무사거리서측),1702,825,877,156,317,224,216,303,486,81,150,122,106,139,227,75,167,102,110,164,259,882,0,882
20214,A,골목상권,3110747,석수역 1번 출입구,1006,498,508,81,130,134,129,176,356,35,71,71,69,87,165,46,59,63,60,89,191,442,0,442
20214,A,골목상권,3110748,백산초등학교,1914,979,935,202,269,224,291,351,577,107,144,125,153,184,266,95,125,99,138,167,311,978,0,978
20214,A,골목상권,3110749,금산초등학교(금천고등학교),4810,2405,2405,607,611,628,712,823,1429,312,324,333,369,404,663,295,287,295,343,419,766,2009,0,2009
20214,A,골목상권,3110750,시흥4동주민센터(서울신흥초등학교),4694,2332,2362,496,537,554,653,919,1535,235,273,295,351,460,718,261,264,259,302,459,817,2417,0,2417
20214,A,골목상권,3110751,난곡중학교,5590,2805,2785,496,898,735,756,1133,1572,261,449,402,406,560,727,235,449,333,350,573,845,2857,0,2857
20214,A,골목상권,3110752,한울중학교,6433,3165,3268,817,857,923,893,1195,1748,443,442,477,434,558,811,374,415,446,459,637,937,2845,0,2845
20214,A,골목상권,3110753,시흥동 은행나무사거리,7026,3515,3511,785,927,789,1013,1320,2192,401,500,434,519,667,994,384,427,355,494,653,1198,3427,0,3427
20214,A,골목상권,3110754,삼성산자연공원(서울금천초등학교),5343,2632,2711,606,720,686,777,1038,1516,301,382,357,397,524,671,305,338,329,380,514,845,2625,0,2625
20214,A,골목상권,3110755,동일여자고등학교,1401,705,696,172,173,133,215,243,465,91,87,76,115,133,203,81,86,57,100,110,262,643,0,643
20214,A,골목상권,3110756,문래중학교,2569,1239,1330,353,452,823,489,225,227,184,181,410,254,105,105,169,271,413,235,120,122,1406,0,1406
20214,A,골목상권,3110757,양평역 2번,2162,1136,1026,125,531,660,302,270,274,70,228,372,171,170,125,55,303,288,131,100,149,1565,0,1565
20214,A,골목상권,3110758,문래소공원,1450,678,772,249,213,449,255,135,149,123,82,216,128,62,67,126,131,233,127,73,82,686,0,686
20214,A,골목상권,3110759,문래예술촌(문래창작촌),1245,671,574,156,162,261,208,141,317,76,85,137,134,88,151,80,77,124,74,53,166,744,0,744
20214,A,골목상권,3110760,선유도역 6번,1108,566,542,116,212,309,164,106,201,48,97,173,92,62,94,68,115,136,72,44,107,600,0,600
20214,A,골목상권,3110761,문래동남성맨션,22,13,9,1,1,1,1,4,14,1,0,1,0,2,9,0,1,0,1,2,5,14,0,14
20214,A,골목상권,3110762,선유도역 1번,11098,5486,5612,1285,2133,3005,1509,1360,1806,673,930,1572,768,709,834,612,1203,1433,741,651,972,5787,0,5787
20214,A,골목상권,3110763,영등포구청역 2번,1266,627,639,131,251,282,165,178,259,77,103,146,86,87,128,54,148,136,79,91,131,702,0,702
20214,A,골목상권,3110764,문래역 3번,83,43,40,2,35,23,7,11,5,1,16,15,2,7,2,1,19,8,5,4,3,68,0,68
20214,A,골목상권,3110765,문래동사거리,116,61,55,7,7,14,18,14,56,2,5,8,14,9,23,5,2,6,4,5,33,58,0,58
20214,A,골목상권,3110766,대림역 5번,2307,1143,1164,204,295,259,326,472,751,114,151,139,180,237,322,90,144,120,146,235,429,1295,0,1295
20214,A,골목상권,3110767,도림동주민센터,891,462,429,51,103,131,127,169,310,28,55,72,78,85,144,23,48,59,49,84,166,623,0,623
20214,A,골목상권,3110768,도림2동유수지내체육시설,1300,638,662,68,316,381,192,149,194,41,120,196,100,83,98,27,196,185,92,66,96,873,0,873
20214,A,골목상권,3110769,대림차이나타운(대림역 12번),673,328,345,63,59,73,100,110,268,35,39,37,44,64,109,28,20,36,56,46,159,397,0,397
20214,A,골목상권,3110770,영등포구청역 6번,1935,974,961,126,417,375,228,292,497,58,198,213,119,168,218,68,219,162,109,124,279,1223,0,1223
20214,A,골목상권,3110771,대림역 11번,693,339,354,42,60,61,116,133,281,20,35,30,60,75,119,22,25,31,56,58,162,476,0,476
20214,A,골목상권,3110772,신우어린이공원,1225,627,598,156,166,160,204,219,320,82,86,93,99,116,151,74,80,67,105,103,169,568,0,568
20214,A,골목상권,3110773,당산역 13번,151,80,71,11,36,35,27,20,22,3,23,18,15,12,9,8,13,17,12,8,13,111,0,111
20214,A,골목상권,3110774,당산반도유보라팰리스아파트,1317,623,694,91,414,376,154,118,164,43,165,202,78,58,77,48,249,174,76,60,87,935,0,935
20214,A,골목상권,3110775,대동초등학교,768,384,384,69,92,70,89,174,274,40,49,44,47,84,120,29,43,26,42,90,154,402,0,402
20214,A,골목상권,3110776,도신초등학교,3337,1712,1625,383,495,347,452,681,979,191,271,197,226,359,468,192,224,150,226,322,511,1527,0,1527
20214,A,골목상권,3110777,구로세무서,124,92,32,1,4,6,14,29,70,1,3,3,14,25,46,0,1,3,0,4,24,110,0,110
20214,A,골목상권,3110778,구로디지털단지역 4번,4030,2009,2021,316,668,458,487,731,1370,157,364,265,252,354,617,159,304,193,235,377,753,2361,0,2361
20214,A,골목상권,3110779,대림갑을명가아파트,293,149,144,17,44,33,41,50,108,8,25,17,22,28,49,9,19,16,19,22,59,171,0,171
20214,A,골목상권,3110780,신길대성유니드아파트,3240,1649,1591,403,396,345,533,589,974,228,206,199,277,303,436,175,190,146,256,286,538,1539,0,1539
20214,A,골목상권,3110781,대림한신아파트,3339,1643,1696,325,506,334,432,646,1096,163,255,194,219,321,491,162,251,140,213,325,605,1609,0,1609
20214,A,골목상권,3110782,영등포시장역 4번,763,381,382,37,242,222,79,75,108,22,98,125,45,42,49,15,144,97,34,33,59,565,0,565
20214,A,골목상권,3110783,영등포시장역 1번,772,414,358,92,115,99,98,127,241,48,52,56,57,73,128,44,63,43,41,54,113,430,0,430
20214,A,골목상권,3110784,신대림초등학교,998,493,505,93,155,109,136,159,346,51,77,56,80,78,151,42,78,53,56,81,195,558,0,558
20214,A,골목상권,3110785,영등포푸르지오아파트,3399,1751,1648,341,447,414,508,636,1053,188,245,228,265,341,484,153,202,186,243,295,569,1778,0,1778
20214,A,골목상권,3110786,당산역 8번,2158,1090,1068,135,543,529,242,285,424,62,261,291,124,152,200,73,282,238,118,133,224,1368,0,1368
20214,A,골목상권,3110787,신길3동주민센터,3238,1630,1608,289,424,353,421,667,1084,148,218,206,230,353,475,141,206,147,191,314,609,1757,0,1757
20214,A,골목상권,3110788,영등포시장역 3번,345,191,154,40,27,58,44,52,124,25,18,36,29,33,50,15,9,22,15,19,74,170,0,170
20214,A,골목상권,3110789,대림성모병원,1685,820,865,154,274,223,236,276,522,83,121,126,112,146,232,71,153,97,124,130,290,977,0,977
20214,A,골목상권,3110790,대림1동주민센터,3364,1678,1686,249,504,389,443,633,1146,138,265,232,237,312,494,111,239,157,206,321,652,1933,0,1933
20214,A,골목상권,3110791,신풍역 3번,223,108,115,40,20,46,33,30,54,20,11,21,16,15,25,20,9,25,17,15,29,95,0,95
20214,A,골목상권,3110792,영등포역 2번,3798,1928,1870,307,555,544,480,684,1228,155,297,297,254,345,580,152,258,247,226,339,648,2228,0,2228
20214,A,골목상권,3110793,대림썬프라자,1,1,0,0,0,0,0,0,1,0,0,0,0,0,1,0,0,0,0,0,0,1,0,1
20214,A,골목상권,3110794,영동초등학교,3386,1545,1841,160,1324,1125,333,193,251,91,484,551,177,112,130,69,840,574,156,81,121,2698,0,2698
20214,A,골목상권,3110795,도림초등학교,1916,960,956,201,276,272,252,295,620,108,143,151,139,147,272,93,133,121,113,148,348,1053,0,1053
20214,A,골목상권,3110796,한림대학교한강성심병원,1264,681,583,69,352,460,142,105,136,34,163,258,78,68,80,35,189,202,64,37,56,945,0,945
20214,A,골목상권,3110797,KT대방빌딩,193,95,98,10,19,27,24,24,89,3,13,14,10,17,38,7,6,13,14,7,51,110,0,110
20214,A,골목상권,3110798,신풍역 2번,567,295,272,63,86,86,72,89,171,38,50,46,33,45,83,25,36,40,39,44,88,265,0,265
20214,A,골목상권,3110799,영등포본동주민센터,633,322,311,34,121,103,69,123,183,17,70,64,34,53,84,17,51,39,35,70,99,348,0,348
20214,A,골목상권,3110800,영등포동성당,838,509,329,19,273,316,80,58,92,6,151,214,57,34,47,13,122,102,23,24,45,680,0,680
20214,A,골목상권,3110801,신풍역 6번(신길6동공영주차장),208,107,101,23,21,21,26,39,78,13,11,10,17,21,35,10,10,11,9,18,43,108,0,108
20214,A,골목상권,3110802,신길동홍어거리,1327,672,655,123,215,181,155,252,401,65,124,108,78,123,174,58,91,73,77,129,227,742,0,742
20214,A,골목상권,3110803,신길2동우편취급국,2760,1429,1331,239,301,349,379,489,1003,129,165,184,213,267,471,110,136,165,166,222,532,1531,0,1531
20214,A,골목상권,3110804,신풍역 1번,2297,1079,1218,158,376,307,315,387,754,73,165,167,151,198,325,85,211,140,164,189,429,1383,0,1383
20214,A,골목상권,3110805,신길새마을금고신길4동지점,768,385,383,42,184,148,107,89,198,19,82,81,61,51,91,23,102,67,46,38,107,494,0,494
20214,A,골목상권,3110806,서울시립영등포장애인복지관,48,48,0,0,1,6,14,22,5,0,1,6,14,22,5,0,0,0,0,0,0,48,0,48
20214,A,골목상권,3110807,신길역 3번,2234,1178,1056,39,1104,717,191,97,86,25,489,433,126,63,42,14,615,284,65,34,44,1993,0,1993
20214,A,골목상권,3110808,신길역 1번,624,335,289,36,115,124,87,102,160,17,68,71,50,53,76,19,47,53,37,49,84,395,0,395
20214,A,골목상권,3110809,장훈고등학교,711,353,358,72,107,85,101,131,215,32,52,52,49,69,99,40,55,33,52,62,116,379,0,379
20214,A,골목상권,3110810,영신초등학교,3407,1680,1727,309,549,481,456,538,1074,157,267,277,243,261,475,152,282,204,213,277,599,1892,0,1892
20214,A,골목상권,3110811,보라매역 4번,1664,815,849,138,347,296,228,222,433,77,160,140,126,117,195,61,187,156,102,105,238,971,0,971
20214,A,골목상권,3110812,신길6동주민센터,1434,666,768,89,353,271,186,206,329,48,154,128,94,94,148,41,199,143,92,112,181,932,0,932
20214,A,골목상권,3110813,보라매역 6번,2594,1281,1313,317,551,454,347,362,563,171,236,229,189,188,268,146,315,225,158,174,295,1397,0,1397
20214,A,골목상권,3110814,서울지방병무청,3440,1751,1689,348,617,510,515,559,891,185,332,270,287,277,400,163,285,240,228,282,491,1846,0,1846
20214,A,골목상권,3110815,공군호텔,4944,2547,2397,327,1192,910,655,701,1159,160,562,531,371,395,528,167,630,379,284,306,631,3342,0,3342
20214,A,골목상권,3110816,대방역 6번,1790,932,858,107,321,335,258,274,495,52,167,202,137,153,221,55,154,133,121,121,274,1108,0,1108
20214,A,골목상권,3110817,대방역 4번,880,495,385,28,340,222,79,79,132,14,176,141,50,46,68,14,164,81,29,33,64,704,0,704
20214,A,골목상권,3110818,신대방역 3번,813,426,387,52,200,159,102,106,194,22,92,101,59,55,97,30,108,58,43,51,97,551,0,551
20214,A,골목상권,3110819,신대방역 4번,5265,2541,2724,522,940,795,741,878,1389,265,459,400,355,461,601,257,481,395,386,417,788,3065,0,3065
20214,A,골목상권,3110820,성남고등학교,4096,2066,2030,710,768,663,746,571,638,385,393,335,384,297,272,325,375,328,362,274,366,1995,0,1995
20214,A,골목상권,3110821,보라매역 2번,6050,2935,3115,714,1093,1048,937,902,1356,378,537,535,461,429,595,336,556,513,476,473,761,3036,0,3036
20214,A,골목상권,3110822,신대방삼거리역 4번(대림초등학교),5038,2417,2621,725,1036,795,801,747,934,380,506,374,389,362,406,345,530,421,412,385,528,2442,0,2442
20214,A,골목상권,3110823,신대방삼거리역 3번,3577,1670,1907,337,938,663,473,454,712,185,355,341,241,218,330,152,583,322,232,236,382,2045,0,2045
20214,A,골목상권,3110824,대방역 3번,631,306,325,84,159,123,113,71,81,39,73,66,56,35,37,45,86,57,57,36,44,391,0,391
20214,A,골목상권,3110825,신대방삼거리역 1번,9016,4292,4724,969,1841,1716,1217,1189,2084,494,816,880,617,576,909,475,1025,836,600,613,1175,4854,0,4854
20214,A,골목상권,3110826,장승배기역 4번,4283,2053,2230,311,1009,904,532,569,958,142,451,486,288,271,415,169,558,418,244,298,543,2612,0,2612
20214,A,골목상권,3110827,NH농협은행 상도동지점,2391,1140,1251,188,503,419,317,362,602,90,226,211,166,185,262,98,277,208,151,177,340,1436,0,1436
20214,A,골목상권,3110828,노량진역 6번,7081,3628,3453,470,1331,1082,886,1215,2097,244,702,634,497,628,923,226,629,448,389,587,1174,4212,0,4212
20214,A,골목상권,3110829,장승배기역 5번,3007,1526,1481,234,414,394,371,588,1006,123,230,231,191,299,452,111,184,163,180,289,554,1658,0,1658
20214,A,골목상권,3110830,상도초등학교,4133,2032,2101,484,594,651,609,629,1166,256,289,358,324,292,513,228,305,293,285,337,653,2109,0,2109
20214,A,골목상권,3110831,상도4동주민센터,2692,1297,1395,359,466,538,403,374,552,202,209,268,201,183,234,157,257,270,202,191,318,1294,0,1294
20214,A,골목상권,3110832,노량진초등학교,3280,1690,1590,228,657,493,421,475,1006,119,365,290,234,248,434,109,292,203,187,227,572,2081,0,2081
20214,A,골목상권,3110833,상도역 2번,2327,1123,1204,370,431,426,367,291,442,192,207,207,187,141,189,178,224,219,180,150,253,1121,0,1121
20214,A,골목상권,3110834,동작구자원봉사센터,1155,629,526,93,320,240,127,144,231,51,166,162,73,69,108,42,154,78,54,75,123,705,0,705
20214,A,골목상권,3110835,상도역 1번,1194,550,644,107,321,225,124,134,283,51,144,108,59,64,124,56,177,117,65,70,159,697,0,697
20214,A,골목상권,3110836,상도역 5번,9098,4469,4629,999,3070,1232,1073,983,1741,479,1604,655,535,440,756,520,1466,577,538,543,985,5244,0,5244
20214,A,골목상권,3110837,숭실대입구역 1번,4197,2006,2191,384,1330,665,459,511,848,198,631,337,224,237,379,186,699,328,235,274,469,2434,0,2434
20214,A,골목상권,3110838,상도1동주민센터앞,117,65,52,5,33,20,11,15,33,3,18,11,8,8,17,2,15,9,3,7,16,74,0,74
20214,A,골목상권,3110839,숭실대입구역 4번,1914,981,933,147,695,277,188,227,380,84,365,158,93,102,179,63,330,119,95,125,201,1183,0,1183
20214,A,골목상권,3110840,중앙대학교,2244,1118,1126,189,795,278,248,264,470,92,412,168,121,118,207,97,383,110,127,146,263,1415,0,1415
20214,A,골목상권,3110841,중대부중,2042,993,1049,160,310,239,309,355,669,84,167,126,171,177,268,76,143,113,138,178,401,1081,0,1081
20214,A,골목상권,3110842,흑리단길,511,237,274,50,85,59,60,91,166,26,37,28,30,49,67,24,48,31,30,42,99,287,0,287
20214,A,골목상권,3110843,사당5동주민센터,1683,792,891,185,302,295,278,223,400,106,136,137,142,103,168,79,166,158,136,120,232,966,0,966
20214,A,골목상권,3110844,흑석2치안센터,833,408,425,69,119,101,104,161,279,39,66,55,55,75,118,30,53,46,49,86,161,410,0,410
20214,A,골목상권,3110845,사당종합체육관,1643,802,841,214,238,223,257,273,438,123,119,119,131,131,179,91,119,104,126,142,259,722,0,722
20214,A,골목상권,3110846,남성역 1번,8998,4253,4745,823,1752,1569,1283,1244,2327,423,778,796,662,591,1003,400,974,773,621,653,1324,4850,0,4850
20214,A,골목상권,3110847,예술인마을,4610,2187,2423,408,824,920,611,709,1138,210,386,478,283,305,525,198,438,442,328,404,613,2213,0,2213
20214,A,골목상권,3110848,양지어린이공원,4871,2347,2524,425,997,925,679,684,1161,203,454,498,359,318,515,222,543,427,320,366,646,2701,0,2701
20214,A,골목상권,3110849,이수역 10번,3100,1528,1572,242,622,546,412,478,800,128,268,279,228,248,377,114,354,267,184,230,423,1849,0,1849
20214,A,골목상권,3110850,사당역 10번,8232,3880,4352,524,2114,1722,1007,989,1876,283,883,897,534,438,845,241,1231,825,473,551,1031,5113,0,5113
20214,A,골목상권,3110851,경문고등학교(동작동성당),3582,1731,1851,336,514,514,490,597,1131,193,262,278,231,286,481,143,252,236,259,311,650,1778,0,1778
20214,A,골목상권,3110852,이수역 9번,1902,903,999,130,385,352,258,268,509,75,165,170,137,126,230,55,220,182,121,142,279,1198,0,1198
20214,A,골목상권,3110853,KT구로지사,2369,1254,1115,135,629,593,269,285,458,64,283,378,151,151,227,71,346,215,118,134,231,1645,0,1645
20214,A,골목상권,3110854,조원동주민센터,2185,1104,1081,212,427,344,317,339,546,119,205,192,148,175,265,93,222,152,169,164,281,1233,0,1233
20214,A,골목상권,3110855,신대방역 2번,4616,2270,2346,326,1380,988,556,525,841,161,592,510,309,289,409,165,788,478,247,236,432,3109,0,3109
20214,A,골목상권,3110856,미성초등학교,4246,2043,2203,469,770,795,606,629,977,226,342,413,344,297,421,243,428,382,262,332,556,2252,0,2252
20214,A,골목상권,3110857,미성동주민센터,5006,2462,2544,646,721,629,778,878,1354,333,359,331,375,437,627,313,362,298,403,441,727,2338,0,2338
20214,A,골목상권,3110858,신대방역 1번,844,420,424,55,260,168,100,90,171,27,120,89,51,49,84,28,140,79,49,41,87,586,0,586
20214,A,골목상권,3110859,난향초등학교,2852,1497,1355,329,364,314,452,474,919,157,207,186,249,263,435,172,157,128,203,211,484,1407,0,1407
20214,A,골목상권,3110860,호림박물관(성보고등학교),2357,1146,1211,190,682,425,312,327,421,97,307,233,161,162,186,93,375,192,151,165,235,1478,0,1478
20214,A,골목상권,3110861,관악구신사동주민센터,7107,3587,3520,631,1750,1213,961,1118,1434,341,869,682,488,548,659,290,881,531,473,570,775,4152,0,4152
20214,A,골목상권,3110862,난곡초등학교(난곡동벽화마을),2335,1157,1178,239,374,347,311,404,660,101,201,200,160,196,299,138,173,147,151,208,361,1181,0,1181
20214,A,골목상권,3110863,난우초등학교,4002,1985,2017,532,594,479,616,689,1092,261,310,247,319,342,506,271,284,232,297,347,586,1873,0,1873
20214,A,골목상권,3110864,신림우방아파트,5054,2528,2526,465,1324,862,677,667,1059,250,610,503,343,332,490,215,714,359,334,335,569,3022,0,3022
20214,A,골목상권,3110865,남강고등학교(남강중학교),8794,4369,4425,1073,1331,1158,1295,1627,2310,580,664,623,668,791,1043,493,667,535,627,836,1267,4205,0,4205
20214,A,골목상권,3110866,난우중학교,5033,2551,2482,528,735,669,732,866,1503,272,388,375,401,421,694,256,347,294,331,445,809,2473,0,2473
20214,A,골목상권,3110867,국제신학대학원대학교(남서울중학교),3553,1786,1767,229,1040,701,395,419,769,103,507,408,214,213,341,126,533,293,181,206,428,2280,0,2280
20214,A,골목상권,3110868,남부초등학교,3126,1560,1566,257,772,550,399,464,684,138,367,307,208,226,314,119,405,243,191,238,370,1864,0,1864
20214,A,골목상권,3110869,"신림역 5번(신림동주민센터, 신림동별빛거리)",11244,5800,5444,441,4403,2831,1283,889,1397,215,2161,1635,706,471,612,226,2242,1196,577,418,785,8805,0,8805
20214,A,골목상권,3110870,신림주공2단지(광신고등학교),2041,1013,1028,183,206,201,315,369,767,100,113,119,170,181,330,83,93,82,145,188,437,934,0,934
20214,A,골목상권,3110871,신원동주민센터,2357,1169,1188,161,550,391,276,320,659,86,275,213,151,160,284,75,275,178,125,160,375,1512,0,1512
20214,A,골목상권,3110872,신림초등학교,2608,1298,1310,247,597,425,380,358,601,124,318,239,192,174,251,123,279,186,188,184,350,1495,0,1495
20214,A,골목상권,3110873,당곡중학교,4600,2271,2329,475,920,682,656,622,1245,256,436,377,318,310,574,219,484,305,338,312,671,2473,0,2473
20214,A,골목상권,3110874,원신초등학교(구세군관악영문교회),2944,1477,1467,176,305,314,374,522,1253,100,155,186,222,283,531,76,150,128,152,239,722,1765,0,1765
20214,A,골목상권,3110875,보라매동주민센터(당곡고등학교),3122,1530,1592,295,659,575,457,413,723,140,330,318,237,188,317,155,329,257,220,225,406,1751,0,1751
20214,A,골목상권,3110876,서원동주민센터(신관중학교),2715,1460,1255,147,835,563,372,290,508,78,450,341,210,153,228,69,385,222,162,137,280,1925,0,1925
20214,A,골목상권,3110877,신림역 8번,3562,1881,1681,107,1367,945,377,288,478,60,660,543,220,169,229,47,707,402,157,119,249,2898,0,2898
20214,A,골목상권,3110878,미림여고,1788,931,857,218,234,239,267,296,534,116,140,137,140,137,261,102,94,102,127,159,273,790,0,790
20214,A,골목상권,3110879,신림현대아파트,1624,860,764,86,258,227,235,276,542,40,138,142,149,144,247,46,120,85,86,132,295,1092,0,1092
20214,A,골목상권,3110880,신림역 1번,1373,662,711,61,540,257,138,148,229,35,241,150,74,63,99,26,299,107,64,85,130,959,0,959
20214,A,골목상권,3110881,구립대학경로당(관악산샘말공원),10081,6426,3655,510,3011,2264,1553,1244,1499,272,1825,1577,1154,857,741,238,1186,687,399,387,758,7777,0,7777
20214,A,골목상권,3110882,신성초등학교,5190,3006,2184,375,1446,1101,725,637,906,188,799,718,486,379,436,187,647,383,239,258,470,3577,0,3577
20214,A,골목상권,3110883,은천초등학교(은천교앞),4677,2331,2346,410,1008,836,606,595,1222,213,475,480,335,292,536,197,533,356,271,303,686,2668,0,2668
20214,A,골목상권,3110884,봉천역 4번(봉천110안전센터),1287,648,639,93,389,221,151,157,276,51,183,117,90,79,128,42,206,104,61,78,148,827,0,827
20214,A,골목상권,3110885,영락고등학교,7472,3898,3574,647,1691,1430,1046,1016,1642,329,877,839,582,517,754,318,814,591,464,499,888,4361,0,4361
20214,A,골목상권,3110886,관악해태어린이공원,3465,2216,1249,156,1264,885,471,301,388,82,779,617,349,193,196,74,485,268,122,108,192,2813,0,2813
20214,A,골목상권,3110887,서울산업정보학교(서울삼성초등학교),1891,1198,693,125,691,390,247,160,278,59,472,287,161,97,122,66,219,103,86,63,156,1392,0,1392
20214,A,골목상권,3110888,청룡동주민센터,1490,742,748,88,337,230,196,212,427,56,157,119,103,118,189,32,180,111,93,94,238,1027,0,1027
20214,A,골목상권,3110889,봉천역 6번,2307,1143,1164,210,610,444,301,236,506,124,261,245,162,115,236,86,349,199,139,121,270,1347,0,1347
20214,A,골목상권,3110890,봉천역 1번(관악초등학교),3213,1514,1699,167,1225,697,308,312,504,83,513,379,152,153,234,84,712,318,156,159,270,2373,0,2373
20214,A,골목상권,3110891,구암초등학교,733,351,382,106,91,94,113,107,222,49,38,53,58,55,98,57,53,41,55,52,124,336,0,336
20214,A,골목상권,3110892,관악구 중앙길,11824,5740,6084,838,3138,2210,1383,1509,2746,430,1349,1228,760,747,1226,408,1789,982,623,762,1520,7180,0,7180
20214,A,골목상권,3110893,관악소방서(문영여고),268,134,134,27,87,41,32,36,45,12,45,21,14,17,25,15,42,20,18,19,20,164,0,164
20214,A,골목상권,3110894,관악동부센트레빌아파트(은천로35라길),1733,826,907,224,306,289,280,228,406,114,131,162,144,108,167,110,175,127,136,120,239,820,0,820
20214,A,골목상권,3110895,샤로수길,8549,4308,4241,730,2762,1672,1004,843,1538,378,1327,959,523,433,688,352,1435,713,481,410,850,5577,0,5577
20214,A,골목상권,3110896,관악우성아파트,270,138,132,27,46,34,34,44,85,16,28,19,21,17,37,11,18,15,13,27,48,152,0,152
20214,A,골목상권,3110897,서울대입구역 8번,5412,2682,2730,338,1514,1060,604,624,1272,170,710,571,329,327,575,168,804,489,275,297,697,3553,0,3553
20214,A,골목상권,3110898,청림동주민센터(상도중학교),2329,1168,1161,335,309,300,329,410,646,160,180,168,164,200,296,175,129,132,165,210,350,992,0,992
20214,A,골목상권,3110899,낙성대역 5번(관악중학교),3090,1481,1609,152,1047,810,338,259,484,80,453,447,171,119,211,72,594,363,167,140,273,2234,0,2234
20214,A,골목상권,3110900,낙성대역 1번(관악구민 종합체육센터),6186,3134,3052,486,1842,1363,783,640,1072,249,913,733,433,326,480,237,929,630,350,314,592,3992,0,3992
20214,A,골목상권,3110901,인헌고등학교(인헌중학교),4807,2265,2542,471,999,858,648,687,1144,232,445,437,321,327,503,239,554,421,327,360,641,2485,0,2485
20214,A,골목상권,3110902,사당역 4번,9756,4618,5138,766,2281,2056,1122,1322,2209,374,999,1074,589,595,987,392,1282,982,533,727,1222,5442,0,5442
20214,A,골목상권,3110903,방배아이파크아파트,4114,1903,2211,726,611,501,728,717,831,351,279,242,317,349,365,375,332,259,411,368,466,1661,0,1661
20214,A,골목상권,3110904,이수역 5번,1017,456,561,126,161,190,168,150,222,59,69,87,74,67,100,67,92,103,94,83,122,486,0,486
20214,A,골목상권,3110905,방배노인종합복지관(이수중학교),3801,1752,2049,560,561,609,579,590,902,282,273,295,249,271,382,278,288,314,330,319,520,1635,0,1635
20214,A,골목상권,3110906,서문여고,1203,516,687,215,166,165,231,190,236,80,76,68,105,90,97,135,90,97,126,100,139,501,0,501
20214,A,골목상권,3110907,방배초등학교,3518,1614,1904,699,482,482,693,489,673,311,207,238,304,245,309,388,275,244,389,244,364,1441,0,1441
20214,A,골목상권,3110908,구반포역,216,107,109,36,32,14,45,43,46,21,15,6,16,23,26,15,17,8,29,20,20,81,0,81
20214,A,골목상권,3110909,남태령역(서울전자고등학교),778,382,396,88,99,99,110,135,247,48,59,50,57,63,105,40,40,49,53,72,142,362,0,362
20214,A,골목상권,3110910,내방역 5번,2365,1058,1307,383,346,519,430,270,417,193,144,246,184,120,171,190,202,273,246,150,246,1168,0,1168
20214,A,골목상권,3110911,방배배수지체육공원,126,69,57,16,4,16,15,17,58,9,2,9,12,8,29,7,2,7,3,9,29,72,0,72
20214,A,골목상권,3110912,방배동사이길,317,145,172,51,44,49,49,48,76,24,22,22,25,24,28,27,22,27,24,24,48,146,0,146
20214,A,골목상권,3110913,방현초등학교(방배119안전센터),3887,1879,2008,503,569,578,590,636,1011,240,306,303,287,290,453,263,263,275,303,346,558,1749,0,1749
20214,A,골목상권,3110914,내방역 6번,359,170,189,57,42,71,54,42,93,26,21,32,30,18,43,31,21,39,24,24,50,150,0,150
20214,A,골목상권,3110915,서래초등학교,1499,705,794,335,189,162,269,242,302,172,93,70,121,112,137,163,96,92,148,130,165,542,0,542
20214,A,골목상권,3110916,내방역 4번,3971,1824,2147,542,630,770,660,534,835,283,290,344,308,236,363,259,340,426,352,298,472,1829,0,1829
20214,A,골목상권,3110917,서초소방서,930,430,500,168,121,148,170,137,186,85,60,60,76,69,80,83,61,88,94,68,106,370,0,370
20214,A,골목상권,3110918,방배역 3번,3012,1396,1616,431,472,559,491,427,632,225,220,264,222,186,279,206,252,295,269,241,353,1298,0,1298
20214,A,골목상권,3110919,내방역 8번,3127,1475,1652,537,469,442,544,523,612,292,227,180,232,256,288,245,242,262,312,267,324,1195,0,1195
20214,A,골목상권,3110920,방배역 2번(백석예술대학교),130,67,63,23,24,22,17,26,18,14,12,11,9,12,9,9,12,11,8,14,9,53,0,53
20214,A,골목상권,3110921,서울프랑스학교,1150,526,624,226,135,145,223,173,248,112,67,61,96,76,114,114,68,84,127,97,134,443,0,443
20214,A,골목상권,3110922,내방역 1번,2738,1257,1481,421,417,548,441,340,571,225,193,242,199,148,250,196,224,306,242,192,321,1261,0,1261
20214,A,골목상권,3110923,방배역 1번,463,205,258,57,69,71,75,60,131,29,29,31,35,28,53,28,40,40,40,32,78,189,0,189
20214,A,골목상권,3110924,반포4동주민센터(몽마르뜨공원),2470,1144,1326,427,320,363,465,332,563,227,149,157,218,148,245,200,171,206,247,184,318,1118,0,1118
20214,A,골목상권,3110925,서초중학교,3056,1502,1554,469,511,447,527,475,627,275,275,208,247,221,276,194,236,239,280,254,351,1263,0,1263
20214,A,골목상권,3110926,신중초등학교,3766,1799,1967,646,608,588,627,563,734,354,272,279,295,275,324,292,336,309,332,288,410,1596,0,1596
20214,A,골목상권,3110927,잠원역,273,126,147,29,20,44,40,48,92,16,8,22,19,21,40,13,12,22,21,27,52,152,0,152
20214,A,골목상권,3110928,서초우방유쉘아파트,435,220,215,57,85,93,61,42,97,29,43,46,37,22,43,28,42,47,24,20,54,234,0,234
20214,A,골목상권,3110929,남부터미널역 1번,4258,2079,2179,761,539,675,789,586,908,398,265,331,385,277,423,363,274,344,404,309,485,1776,0,1776
20214,A,골목상권,3110930,서초동성당,1972,950,1022,361,265,327,356,298,365,180,139,136,174,150,171,181,126,191,182,148,194,825,0,825
20214,A,골목상권,3110931,삼성전자서울R&D(서울우면초등학교),160,79,81,29,16,17,30,22,46,17,4,10,16,9,23,12,12,7,14,13,23,66,0,66
20214,A,골목상권,3110932,서울시인재개발원,652,301,351,136,95,104,138,95,84,63,44,45,68,49,32,73,51,59,70,46,52,281,0,281
20214,A,골목상권,3110933,한국상담대학원대학교,450,234,216,101,46,76,76,71,80,60,25,30,41,36,42,41,21,46,35,35,38,163,0,163
20214,A,골목상권,3110934,우면주공아파트,2801,1402,1399,358,376,469,429,385,784,214,202,248,237,178,323,144,174,221,192,207,461,1300,0,1300
20214,A,골목상권,3110935,한전아트센터,1076,532,544,161,165,169,183,178,220,91,90,78,87,84,102,70,75,91,96,94,118,461,0,461
20214,A,골목상권,3110936,더케이호텔(양재리본타워2단지아파트),885,431,454,99,143,167,125,148,203,55,71,84,56,70,95,44,72,83,69,78,108,425,0,425
20214,A,골목상권,3110937,방아다리근린공원(횃불트리니티신학대학원대학교),482,234,248,60,59,81,55,58,169,28,29,43,21,28,85,32,30,38,34,30,84,191,0,191
20214,A,골목상권,3110938,바우뫼공원,754,360,394,91,117,165,115,112,154,45,57,82,51,51,74,46,60,83,64,61,80,385,0,385
20214,A,골목상권,3110939,양재역 8번(양재동우체국),6198,2936,3262,652,996,1343,900,882,1425,338,460,691,423,403,621,314,536,652,477,479,804,3102,0,3102
20214,A,골목상권,3110940,양재근린공원(양재2동주민센터),1099,533,566,148,168,251,166,150,216,66,84,138,75,78,92,82,84,113,91,72,124,531,0,531
20214,A,골목상권,3110941,언남고등학교,854,439,415,98,134,180,131,135,176,52,61,100,67,72,87,46,73,80,64,63,89,425,0,425
20214,A,골목상권,3110942,염곡동 구룡사(포이동성당),8496,4226,4270,1148,1322,1749,1412,1266,1599,588,701,901,730,594,712,560,621,848,682,672,887,3987,0,3987
20214,A,골목상권,3110943,법제교육센터(버들어린이공원),1580,778,802,226,237,296,287,240,294,114,113,158,144,116,133,112,124,138,143,124,161,756,0,756
20214,A,골목상권,3110944,서울나래학교(염곡어린이공원),633,317,316,69,62,74,89,114,225,34,30,44,45,49,115,35,32,30,44,65,110,318,0,318
20214,A,골목상권,3110945,본마을노인복지센터(서초구립내곡도서관),297,153,144,26,30,38,44,43,116,13,12,22,23,21,62,13,18,16,21,22,54,146,0,146
20214,A,골목상권,3110946,청계산원터골,100,51,49,6,6,13,15,14,46,5,3,5,9,6,23,1,3,8,6,8,23,44,0,44
20214,A,골목상권,3110947,청계산입구역 2번(내곡동주민센터),357,182,175,30,33,55,46,47,146,21,18,27,25,18,73,9,15,28,21,29,73,181,0,181
20214,A,골목상권,3110948,헌인가구단지,154,112,42,32,31,10,7,23,51,30,29,7,4,15,27,2,2,3,3,8,24,54,0,54
20214,A,골목상권,3110949,한남IC,564,275,289,72,98,124,101,74,95,40,40,58,51,37,49,32,58,66,50,37,46,281,0,281
20214,A,골목상권,3110950,논현역 7번,839,382,457,104,109,121,156,126,223,47,52,52,63,58,110,57,57,69,93,68,113,338,0,338
20214,A,골목상권,3110951,신사은행나무공원,929,419,510,100,185,213,146,95,190,56,86,90,61,40,86,44,99,123,85,55,104,557,0,557
20214,A,골목상권,3110952,논현목련공원,868,389,479,57,211,243,125,78,154,33,88,115,56,31,66,24,123,128,69,47,88,571,0,571
20214,A,골목상권,3110953,학동근린공원,907,399,508,105,131,201,123,136,211,41,63,81,60,60,94,64,68,120,63,76,117,442,0,442
20214,A,골목상권,3110954,국기원,448,232,216,35,115,146,63,34,55,19,59,82,28,15,29,16,56,64,35,19,26,303,0,303
20214,A,골목상권,3110955,논현초등학교,7026,3311,3715,449,1586,1921,1170,750,1150,210,704,928,582,361,526,239,882,993,588,389,624,4495,0,4495
20214,A,골목상권,3110956,언주역 8번,588,290,298,44,132,164,80,56,112,15,61,93,43,29,49,29,71,71,37,27,63,384,0,384
20214,A,골목상권,3110957,언북중학교,1761,797,964,137,300,454,311,214,345,77,127,195,167,98,133,60,173,259,144,116,212,1088,0,1088
20214,A,골목상권,3110958,역삼역 4번,821,434,387,54,152,248,121,111,135,32,82,130,63,64,63,22,70,118,58,47,72,512,0,512
20214,A,골목상권,3110959,신구중학교,361,168,193,54,55,51,81,44,76,30,24,22,41,22,29,24,31,29,40,22,47,170,0,170
20214,A,골목상권,3110960,은광여고,807,400,407,79,187,225,99,92,125,40,84,117,51,48,60,39,103,108,48,44,65,476,0,476
20214,A,골목상권,3110961,언주역 3번,2120,980,1140,176,422,563,364,255,340,78,180,263,182,124,153,98,242,300,182,131,187,1314,0,1314
20214,A,골목상권,3110962,도산공원북측,30,13,17,2,5,11,4,2,6,2,2,5,2,0,2,0,3,6,2,2,4,16,0,16
20214,A,골목상권,3110963,역삼월드메르디앙아파트,1722,801,921,221,291,374,308,221,307,113,130,176,146,97,139,108,161,198,162,124,168,873,0,873
20214,A,골목상권,3110964,싸리고개근린공원,866,401,465,136,96,116,141,128,249,56,49,53,66,63,114,80,47,63,75,65,135,370,0,370
20214,A,골목상권,3110965,언주역 6번,2245,1052,1193,160,455,691,392,234,313,76,196,330,184,136,130,84,259,361,208,98,183,1500,0,1500
20214,A,골목상권,3110966,논현2동주민센터,2811,1217,1594,293,532,612,495,360,519,149,208,266,223,163,208,144,324,346,272,197,311,1558,0,1558
20214,A,골목상권,3110967,역삼역 8번,1279,615,664,99,234,354,249,158,185,48,108,169,119,86,85,51,126,185,130,72,100,864,0,864
20214,A,골목상권,3110968,강남구청역 2번,549,253,296,50,99,136,99,64,101,29,48,63,40,29,44,21,51,73,59,35,57,314,0,314
20214,A,골목상권,3110969,베르사이유1아파트,1202,609,593,99,227,329,215,161,171,44,108,166,118,94,79,55,119,163,97,67,92,754,0,754
20214,A,골목상권,3110970,학동초등학교,1015,469,546,113,175,279,149,139,160,60,83,120,69,67,70,53,92,159,80,72,90,540,0,540
20214,A,골목상권,3110971,선정릉역 4번,3870,1781,2089,228,782,1162,697,451,550,109,307,536,353,239,237,119,475,626,344,212,313,2549,0,2549
20214,A,골목상권,3110972,강남세브란스병원미래의학연구센터,1921,869,1052,226,324,438,302,247,384,114,136,201,138,106,174,112,188,237,164,141,210,1003,0,1003
20214,A,골목상권,3110973,강남구청역 4번,2295,1070,1225,438,328,391,457,301,380,240,146,165,207,143,169,198,182,226,250,158,211,952,0,952
20214,A,골목상권,3110974,언주중학교,1463,654,809,224,266,309,282,189,193,124,110,119,131,91,79,100,156,190,151,98,114,765,0,765
20214,A,골목상권,3110975,매봉역 1번,890,417,473,121,142,116,109,159,243,58,76,52,44,70,117,63,66,64,65,89,126,353,0,353
20214,A,골목상권,3110976,언북초등학교,2022,876,1146,270,397,432,328,248,347,126,150,182,158,121,139,144,247,250,170,127,208,1080,0,1080
20214,A,골목상권,3110977,논현로18길,691,336,355,81,99,148,96,117,150,38,55,76,52,49,66,43,44,72,44,68,84,340,0,340
20214,A,골목상권,3110978,도곡2동주민센터(대치중학교),356,154,202,31,19,45,75,61,125,17,8,18,31,29,51,14,11,27,44,32,74,255,0,255
20214,A,골목상권,3110979,청담초등학교,1131,525,606,232,133,123,184,180,279,112,71,43,82,85,132,120,62,80,102,95,147,397,0,397
20214,A,골목상권,3110980,개포지구대옆,2629,1270,1359,393,371,387,445,447,586,209,177,201,202,217,264,184,194,186,243,230,322,1125,0,1125
20214,A,골목상권,3110981,국악고교사거리,2118,1057,1061,303,333,373,344,391,374,162,185,183,168,189,170,141,148,190,176,202,204,907,0,907
20214,A,골목상권,3110982,강남구보훈회관,827,387,440,135,131,161,156,93,151,71,62,74,62,51,67,64,69,87,94,42,84,406,0,406
20214,A,골목상권,3110983,국립국악고등학교,2703,1266,1437,409,408,315,518,496,557,194,194,146,234,251,247,215,214,169,284,245,310,1231,0,1231
20214,A,골목상권,3110984,포이초등학교(개포목련어린이공원),4267,2104,2163,618,656,716,703,725,849,313,346,379,328,366,372,305,310,337,375,359,477,1912,0,1912
20214,A,골목상권,3110985,청담근린공원,956,448,508,110,162,187,153,141,203,65,73,98,58,65,89,45,89,89,95,76,114,480,0,480
20214,A,골목상권,3110986,삼성중앙역 7번,724,321,403,92,119,168,144,85,116,47,47,70,70,38,49,45,72,98,74,47,67,396,0,396
20214,A,골목상권,3110987,영동대교남단,491,229,262,78,77,79,72,81,104,41,31,37,31,36,53,37,46,42,41,45,51,199,0,199
20214,A,골목상권,3110988,청담역 3번,1318,663,655,224,162,136,198,206,392,142,88,63,89,103,178,82,74,73,109,103,214,474,0,474
20214,A,골목상권,3110989,대치동아우편취급국,1588,750,838,205,269,360,344,211,199,95,137,166,156,107,89,110,132,194,188,104,110,904,0,904
20214,A,골목상권,3110990,청담역 12번,158,73,85,12,33,26,16,23,48,5,20,10,7,13,18,7,13,16,9,10,30,77,0,77
20214,A,골목상권,3110991,삼성중앙역 5번,330,154,176,41,35,54,50,52,98,20,20,19,21,27,47,21,15,35,29,25,51,154,0,154
20214,A,골목상권,3110992,도곡초등학교,7894,3676,4218,1431,1250,1132,1562,1292,1227,754,628,517,630,619,528,677,622,615,932,673,699,3681,0,3681
20214,A,골목상권,3110993,개포지하차도 북측,234,121,113,27,36,39,33,42,57,14,24,25,14,21,23,13,12,14,19,21,34,119,0,119
20214,A,골목상권,3110994,개포고등학교,1777,891,886,275,226,239,263,285,489,152,132,126,122,134,225,123,94,113,141,151,264,797,0,797
20214,A,골목상권,3110995,봉은사역 4번,2802,1348,1454,474,414,417,431,456,610,249,214,200,199,204,282,225,200,217,232,252,328,1097,0,1097
20214,A,골목상권,3110996,대치2동주민센터,1368,679,689,242,147,119,295,226,339,149,81,51,137,110,151,93,66,68,158,116,188,664,0,664
20214,A,골목상권,3110997,대청초등학교,7187,3566,3621,1042,1264,1174,1052,1114,1541,566,637,592,515,547,709,476,627,582,537,567,832,3441,0,3441
20214,A,골목상권,3110998,은곡마을(은곡마을공원),609,294,315,98,81,172,114,73,71,47,43,81,57,34,32,51,38,91,57,39,39,312,0,312
20214,A,골목상권,3110999,윗방죽마을공원,3223,1492,1731,168,715,1000,472,304,564,95,257,458,252,181,249,73,458,542,220,123,315,2418,0,2418
20214,A,골목상권,3111000,대왕초등학교(세곡동사거리서남측),435,209,226,58,37,69,54,59,158,26,22,31,31,26,73,32,15,38,23,33,85,196,0,196
20214,A,골목상권,3111001,아래방죽마을공원(율현초등학교),1639,807,832,292,220,402,281,190,254,154,101,194,151,94,113,138,119,208,130,96,141,777,0,777
20214,A,골목상권,3111003,삼전역 4번,10844,5106,5738,1380,1881,2343,1717,1544,1979,676,845,1162,819,715,889,704,1036,1181,898,829,1090,5373,0,5373
20214,A,골목상권,3111004,삼전역 1번,9985,4642,5343,977,1835,2173,1620,1450,1930,503,800,1025,756,682,876,474,1035,1148,864,768,1054,5691,0,5691
20214,A,골목상권,3111005,삼전역 3번,8660,4131,4529,1040,1475,1740,1393,1294,1718,536,686,857,693,594,765,504,789,883,700,700,953,4280,0,4280
20214,A,골목상권,3111006,석촌고분역 1번,8763,4032,4731,957,1561,1870,1467,1221,1687,480,670,917,677,555,733,477,891,953,790,666,954,4597,0,4597
20214,A,골목상권,3111007,석촌고분역 4번,8268,3903,4365,1118,1321,1801,1398,1094,1536,584,600,894,650,506,669,534,721,907,748,588,867,4119,0,4119
20214,A,골목상권,3111008,석촌고분역 3번,4837,2348,2489,583,782,981,765,670,1056,314,383,481,374,329,467,269,399,500,391,341,589,2338,0,2338
20214,A,골목상권,3111009,송파책박물관,1111,571,540,110,197,182,152,206,264,67,100,98,83,93,130,43,97,84,69,113,134,523,0,523
20214,A,골목상권,3111010,석촌역 7번,8953,4188,4765,894,1672,2230,1348,1164,1645,431,714,1091,670,543,739,463,958,1139,678,621,906,4884,0,4884
20214,A,골목상권,3111011,잠실나루역,301,150,151,68,32,40,71,32,58,39,16,18,35,15,27,29,16,22,36,17,31,102,0,102
20214,A,골목상권,3111012,석촌역 6번,6266,3006,3260,727,965,1218,991,938,1427,373,437,590,477,479,650,354,528,628,514,459,777,3287,0,3287
20214,A,골목상권,3111013,송파나루역 1번(송리단길),8690,4043,4647,840,1636,2026,1225,1201,1762,401,735,1010,558,531,808,439,901,1016,667,670,954,4484,0,4484
20214,A,골목상권,3111014,송파나루역 2번,3154,1520,1634,273,577,631,475,488,710,135,282,308,256,224,315,138,295,323,219,264,395,1683,0,1683
20214,A,골목상권,3111015,석촌역 3번,10401,4877,5524,1135,1972,2356,1506,1460,1972,575,863,1138,716,689,896,560,1109,1218,790,771,1076,5279,0,5279
20214,A,골목상권,3111016,송파역 2번,3349,1563,1786,469,547,472,480,536,845,240,252,224,225,258,364,229,295,248,255,278,481,1498,0,1498
20214,A,골목상권,3111017,송파나루역 3번,967,448,519,83,164,223,138,140,219,50,68,113,59,65,93,33,96,110,79,75,126,504,0,504
20214,A,골목상권,3111018,풍납초등학교(풍납백제문화공원),773,402,371,111,90,118,129,135,190,59,57,66,71,67,82,52,33,52,58,68,108,331,0,331
20214,A,골목상권,3111019,한성백제역 3번,8679,4205,4474,1122,1342,1604,1228,1369,2014,629,644,816,588,609,919,493,698,788,640,760,1095,3835,0,3835
20214,A,골목상권,3111020,방이동고분군(방산고등학교),685,337,348,116,120,103,122,109,115,65,55,49,56,56,56,51,65,54,66,53,59,276,0,276
20214,A,골목상권,3111021,방이역 4번,9969,4785,5184,1654,1564,1553,1720,1575,1903,822,804,746,817,734,862,832,760,807,903,841,1041,4179,0,4179
20214,A,골목상권,3111022,석촌중학교(방이육교),2794,1345,1449,379,467,505,402,441,600,182,236,250,189,201,287,197,231,255,213,240,313,1218,0,1218
20214,A,골목상권,3111023,문정역 1번,2005,997,1008,189,412,414,271,306,413,87,210,228,141,141,190,102,202,186,130,165,223,1026,0,1026
20214,A,골목상권,3111024,경찰병원역 4번(건너말공원),1531,784,747,189,277,269,242,238,316,108,136,151,126,119,144,81,141,118,116,119,172,738,0,738
20214,A,골목상권,3111025,경찰병원역 3번,3043,1505,1538,304,592,669,407,462,609,173,285,330,215,218,284,131,307,339,192,244,325,1468,0,1468
20214,A,골목상권,3111026,문정역 2번,4545,2275,2270,643,707,949,723,695,828,331,365,495,366,330,388,312,342,454,357,365,440,1963,0,1963
20214,A,골목상권,3111027,문정초등학교,5416,2676,2740,684,939,1121,773,871,1028,361,459,594,399,390,473,323,480,527,374,481,555,2489,0,2489
20214,A,골목상권,3111028,문현중학교(장지역 1번),1839,936,903,227,359,380,260,265,348,118,182,209,128,142,157,109,177,171,132,123,191,915,0,915
20214,A,골목상권,3111029,오금역 4번,1287,639,648,147,197,201,190,225,327,77,104,97,97,110,154,70,93,104,93,115,173,664,0,664
20214,A,골목상권,3111030,방이역 2번,1884,923,961,275,303,265,281,348,412,149,152,126,132,174,190,126,151,139,149,174,222,803,0,803
20214,A,골목상권,3111031,장지동주민센터(한림연예예술고교),3628,1765,1863,576,517,591,612,562,770,284,246,314,303,278,340,292,271,277,309,284,430,1605,0,1605
20214,A,골목상권,3111032,방이역 1번,1705,818,887,275,234,237,222,271,466,131,121,117,105,128,216,144,113,120,117,143,250,636,0,636
20214,A,골목상권,3111033,문정동성당,674,327,347,92,106,106,106,109,155,38,53,58,53,50,75,54,53,48,53,59,80,325,0,325
20214,A,골목상권,3111034,오동나무공원(송파레미니스1단지),5033,2437,2596,819,710,795,820,866,1023,434,363,408,394,384,454,385,347,387,426,482,569,2058,0,2058
20214,A,골목상권,3111035,오금공원(오주중학교),3928,1946,1982,520,619,569,612,747,861,267,336,295,293,367,388,253,283,274,319,380,473,1672,0,1672
20214,A,골목상권,3111036,투구봉어린이공원,1369,701,668,202,240,207,219,247,254,100,128,118,113,127,115,102,112,89,106,120,139,570,0,570
20214,A,골목상권,3111037,Sh수협은행 오금동금융센터(아랫말어린이공원),537,282,255,57,88,77,73,114,128,28,52,38,42,56,66,29,36,39,31,58,62,245,0,245
20214,A,골목상권,3111038,보인중학교,2407,1201,1206,336,351,309,378,444,589,183,182,165,190,213,268,153,169,144,188,231,321,1006,0,1006
20214,A,골목상권,3111039,벌말어린이공원,2044,1026,1018,255,280,315,367,342,485,130,146,171,199,164,216,125,134,144,168,178,269,960,0,960
20214,A,골목상권,3111040,거여초등학교,2343,1123,1220,282,372,303,323,452,611,153,207,154,145,192,272,129,165,149,178,260,339,961,0,961
20214,A,골목상권,3111041,거여역 8번,1757,892,865,232,256,198,227,353,491,146,121,106,103,171,245,86,135,92,124,182,246,666,0,666
20214,A,골목상권,3111042,거여역 1번(거여공원),5657,2877,2780,686,778,821,855,1011,1506,361,407,438,446,527,698,325,371,383,409,484,808,2667,0,2667
20214,A,골목상권,3111043,마천공원,3084,1589,1495,363,407,370,432,624,888,209,219,207,218,302,434,154,188,163,214,322,454,1302,0,1302
20214,A,골목상권,3111044,남천초등학교,5036,2514,2522,607,600,590,754,942,1543,280,336,332,393,480,693,327,264,258,361,462,850,2445,0,2445
20214,A,골목상권,3111045,개미어린이공원,2117,1093,1024,247,290,260,285,412,623,132,166,150,143,221,281,115,124,110,142,191,342,1020,0,1020
20214,A,골목상권,3111046,마천역(마천초등학교),8877,4550,4327,1003,1011,1098,1298,1557,2910,505,538,621,684,848,1354,498,473,477,614,709,1556,4437,0,4437
20214,A,골목상권,3111047,마천1치안센터,2487,1328,1159,207,319,299,321,492,849,115,168,179,172,285,409,92,151,120,149,207,440,1315,0,1315
20214,A,골목상권,3111048,천호역 1번(천호문구완구거리),2340,1182,1158,164,332,384,290,430,740,79,176,212,156,219,340,85,156,172,134,211,400,1328,0,1328
20214,A,골목상권,3111049,천호지구대(천호동자전거거리),4059,2023,2036,389,599,930,570,642,929,197,254,497,331,298,446,192,345,433,239,344,483,2053,0,2053
20214,A,골목상권,3111050,강동구청(강동구청역 2번),1004,473,531,169,144,177,142,153,219,76,72,89,69,71,96,93,72,88,73,82,123,412,0,412
20214,A,골목상권,3111051,천호역 6번,6783,3247,3536,541,1208,1188,919,1064,1863,278,501,628,468,522,850,263,707,560,451,542,1013,3895,0,3895
20214,A,골목상권,3111052,암사역 3번(천호동자전거거리),6010,2944,3066,965,791,1212,927,882,1233,472,372,611,503,417,569,493,419,601,424,465,664,2679,0,2679
20214,A,골목상권,3111053,성내천어린이공원(하니사랑길),4507,2189,2318,766,598,680,770,689,1004,409,320,323,366,323,448,357,278,357,404,366,556,1768,0,1768
20214,A,골목상권,3111054,암사역 4번(삼성광나루아파트),441,216,225,50,81,67,70,53,120,25,48,33,34,23,53,25,33,34,36,30,67,234,0,234
20214,A,골목상권,3111055,선사초등학교,105,54,51,14,11,32,17,12,19,10,7,17,7,6,7,4,4,15,10,6,12,60,0,60
20214,A,골목상권,3111056,천호태영아파트,802,306,496,19,330,233,105,60,55,7,85,106,51,27,30,12,245,127,54,33,25,681,0,681
20214,A,골목상권,3111057,천호공원(해공체육문화센터),4221,2130,2091,467,532,639,565,725,1293,243,284,348,292,367,596,224,248,291,273,358,697,2178,0,2178
20214,A,골목상권,3111058,성내중학교,1575,787,788,201,257,266,238,269,344,107,123,138,125,132,162,94,134,128,113,137,182,702,0,702
20214,A,골목상권,3111059,강동역 4번(강풀만화거리),11270,5620,5650,1123,1864,1890,1629,1818,2946,584,888,1015,841,901,1391,539,976,875,788,917,1555,5801,0,5801
20214,A,골목상권,3111060,암사역 2번(서울강동초등학교),9867,4868,4999,1148,1442,1639,1525,1611,2502,591,734,860,766,787,1130,557,708,779,759,824,1372,4684,0,4684
20214,A,골목상권,3111061,암사역 1번,9641,4730,4911,1102,1334,1495,1497,1639,2574,550,677,781,791,793,1138,552,657,714,706,846,1436,4713,0,4713
20214,A,골목상권,3111062,둔촌동역 3번(성내3동주민센터),3532,1774,1758,589,502,430,599,599,813,346,293,214,265,297,359,243,209,216,334,302,454,1406,0,1406
20214,A,골목상권,3111063,강동구립 천호도서관,6177,3062,3115,460,1076,1230,765,913,1733,248,460,652,418,501,783,212,616,578,347,412,950,3706,0,3706
20214,A,골목상권,3111064,둔촌동역 4번,2762,1357,1405,363,460,376,415,498,650,197,249,203,201,231,276,166,211,173,214,267,374,1196,0,1196
20214,A,골목상권,3111065,천일초등학교,2837,1466,1371,292,413,353,394,564,821,151,206,201,224,311,373,141,207,152,170,253,448,1431,0,1431
20214,A,골목상권,3111066,암사동성당(효정하나플러스아파트),5430,2691,2739,577,767,806,808,1016,1456,277,418,414,418,491,673,300,349,392,390,525,783,2600,0,2600
20214,A,골목상권,3111067,강동구립성내도서관,9441,4559,4882,1099,1526,1648,1404,1527,2237,583,763,817,711,697,988,516,763,831,693,830,1249,4459,0,4459
20214,A,골목상권,3111068,강동성심병원,351,165,186,38,58,89,59,48,59,20,25,39,30,22,29,18,33,50,29,26,30,171,0,171
20214,A,골목상권,3111069,천호1동주민센터,5329,2685,2644,552,743,815,820,931,1468,286,384,444,444,454,673,266,359,371,376,477,795,2810,0,2810
20214,A,골목상권,3111070,천호초등학교,2665,1291,1374,363,363,440,430,421,648,172,176,212,236,222,273,191,187,228,194,199,375,1283,0,1283
20214,A,골목상권,3111071,천동초등학교,1313,666,647,177,161,218,193,199,365,91,83,130,102,91,169,86,78,88,91,108,196,531,0,531
20214,A,골목상권,3111072,굽은다리역 1번(십자성마을),7359,3629,3730,932,1030,1148,1132,1177,1940,479,516,620,596,521,897,453,514,528,536,656,1043,3168,0,3168
20214,A,골목상권,3111073,둔촌동역 1번(한산중학교),7108,3505,3603,932,1051,1036,1052,1247,1790,484,504,563,508,627,819,448,547,473,544,620,971,3295,0,3295
20214,A,골목상권,3111074,명일역 1번,2331,1133,1198,364,294,317,437,373,546,190,152,168,213,180,230,174,142,149,224,193,316,964,0,964
20214,A,골목상권,3111075,굽은다리역 2번,4283,2146,2137,472,624,571,569,746,1301,235,322,310,316,367,596,237,302,261,253,379,705,2011,0,2011
20214,A,골목상권,3111076,둔촌2동주민센터,2077,1038,1039,277,315,303,287,369,526,153,158,156,145,183,243,124,157,147,142,186,283,1011,0,1011
20214,A,골목상권,3111077,길동주민센터(강동도서관),11736,5803,5933,1469,1555,1691,1812,2019,3190,784,780,890,934,958,1457,685,775,801,878,1061,1733,5387,0,5387
20214,A,골목상권,3111078,굽은다리역 4번,9399,4627,4772,1035,1454,1414,1392,1591,2513,548,715,728,725,753,1158,487,739,686,667,838,1355,4316,0,4316
20214,A,골목상권,3111079,둔촌고등학교(둔촌중학교),1950,965,985,242,322,252,264,371,499,124,159,139,134,179,230,118,163,113,130,192,269,910,0,910
20214,A,골목상권,3111080,굽은다리역 3번,2995,1448,1547,460,395,414,431,495,800,236,198,228,210,221,355,224,197,186,221,274,445,1228,0,1228
20214,A,골목상권,3111081,둔촌푸르지오아파트,259,113,146,26,50,31,32,50,70,10,25,18,13,19,28,16,25,13,19,31,42,114,0,114
20214,A,골목상권,3111082,중앙보훈병원,1122,539,583,136,186,151,143,204,302,73,90,82,75,82,137,63,96,69,68,122,165,480,0,480
20214,A,골목상권,3111083,GS강동자이아파트,3217,1578,1639,463,469,443,479,581,782,254,241,224,234,280,345,209,228,219,245,301,437,1379,0,1379
20214,A,골목상권,3111084,길동신동아아파트,1001,483,518,163,151,149,150,169,219,93,78,69,68,76,99,70,73,80,82,93,120,354,0,354
20214,A,골목상권,3111085,묘곡초등학교(고덕아이파크아파트),4222,2214,2008,519,593,476,585,813,1236,277,326,286,305,420,600,242,267,190,280,393,636,1980,0,1980
20214,A,골목상권,3111086,한영중고,2403,1173,1230,452,314,279,407,393,558,228,165,150,198,198,234,224,149,129,209,195,324,1056,0,1056
20214,A,골목상권,3111087,고덕중학교(고덕2동주민센터),2415,1285,1130,302,308,290,337,454,724,169,170,171,182,231,362,133,138,119,155,223,362,1224,0,1224
20214,A,골목상권,3111088,고덕동성당,1940,1001,939,202,254,198,245,400,641,104,146,107,135,217,292,98,108,91,110,183,349,967,0,967
20214,A,골목상권,3111089,상일여고(상일초등학교),3621,1856,1765,415,548,429,463,753,1013,209,302,241,251,371,482,206,246,188,212,382,531,1702,0,1702
20214,A,골목상권,3111090,강일동주민센터,1002,537,465,45,271,232,169,134,151,23,122,132,101,78,81,22,149,100,68,56,70,826,0,826
20214,D,발달상권,3120001,서대문역,708,441,267,49,98,92,80,157,232,26,48,54,53,113,147,23,50,38,27,44,85,513,0,513
20214,D,발달상권,3120002,서촌(경복궁역),1589,739,850,192,208,231,235,238,485,104,106,107,113,104,205,88,102,124,122,134,280,798,0,798
20214,D,발달상권,3120003,광화문역,3003,1304,1699,391,388,570,478,433,743,189,153,229,194,196,343,202,235,341,284,237,400,1571,0,1571
20214,D,발달상권,3120004,종로구청,456,231,225,49,45,76,75,80,131,29,18,36,32,47,69,20,27,40,43,33,62,276,0,276
20214,D,발달상권,3120005,삼청동,1166,561,605,123,128,185,171,175,384,66,65,86,86,88,170,57,63,99,85,87,214,582,0,582
20214,D,발달상권,3120006,종각역,431,279,152,11,71,88,67,70,124,6,43,57,42,47,84,5,28,31,25,23,40,356,0,356
20214,D,발달상권,3120007,북촌(안국역),1599,713,886,178,171,174,255,267,554,91,78,79,123,111,231,87,93,95,132,156,323,817,0,817
20214,D,발달상권,3120008,인사동,397,219,178,17,28,75,55,67,155,12,14,36,24,43,90,5,14,39,31,24,65,308,0,308
20214,D,발달상권,3120009,종로3가역,3706,2479,1227,96,369,340,463,780,1658,52,216,223,323,609,1056,44,153,117,140,171,602,3116,0,3116
20214,D,발달상권,3120010,원남동사거리,810,414,396,45,243,128,80,106,208,21,92,70,50,75,106,24,151,58,30,31,102,589,0,589
20214,D,발달상권,3120011,종로4가,937,464,473,137,120,187,130,158,205,65,62,86,69,81,101,72,58,101,61,77,104,368,0,368
20214,D,발달상권,3120012,대학로(혜화역),2009,943,1066,117,671,321,230,275,395,51,274,166,120,148,184,66,397,155,110,127,211,1346,0,1346
20214,D,발달상권,3120013,이화사거리,823,411,412,49,300,169,83,73,149,22,136,84,47,44,78,27,164,85,36,29,71,631,0,631
20214,D,발달상권,3120014,종로5가역,1017,558,459,25,291,171,87,155,288,11,136,104,58,92,157,14,155,67,29,63,131,847,0,847
20214,D,발달상권,3120015,종로6가,145,84,61,9,13,14,13,34,62,3,7,9,7,23,35,6,6,5,6,11,27,101,0,101
20214,D,발달상권,3120016,동대문역,602,418,184,19,42,47,57,134,303,9,27,32,39,102,209,10,15,15,18,32,94,466,0,466
20214,D,발달상권,3120017,동묘앞역(동묘),1020,521,499,67,173,150,146,188,296,30,83,89,72,96,151,37,90,61,74,92,145,703,0,703
20214,D,발달상권,3120018,중림동,1800,1005,795,129,231,370,338,278,454,60,98,180,203,195,269,69,133,190,135,83,185,1266,0,1266
20214,D,발달상권,3120019,경찰청앞교차로,324,143,181,38,40,78,80,41,47,16,11,39,41,15,21,22,29,39,39,26,26,194,0,194
20214,D,발달상권,3120020,시청역_1번,10,5,5,1,2,0,1,5,1,0,2,0,0,2,1,1,0,0,1,3,0,7,0,7
20214,D,발달상권,3120021,시청역_8번,25,16,9,0,2,2,2,4,15,0,2,1,1,2,10,0,0,1,1,2,5,14,0,14
20214,D,발달상권,3120022,북창동(시청역_6번),258,171,87,2,20,39,40,43,114,1,8,30,33,28,71,1,12,9,7,15,43,234,0,234
20214,D,발달상권,3120023,서울시청,19,10,9,1,1,0,4,4,9,0,0,0,3,1,6,1,1,0,1,3,3,14,0,14
20214,D,발달상권,3120024,회현역,1625,814,811,83,119,153,196,230,844,34,45,81,111,119,424,49,74,72,85,111,420,1109,0,1109
20214,D,발달상권,3120026,을지로입구역,66,38,28,4,5,5,6,16,30,2,3,3,2,11,17,2,2,2,4,5,13,48,0,48
20214,D,발달상권,3120027,명동역(명동재미로),1216,577,639,111,130,152,174,204,445,60,51,73,86,97,210,51,79,79,88,107,235,695,0,695
20214,D,발달상권,3120028,명동(명동거리),117,75,42,8,10,14,13,30,42,3,5,10,9,21,27,5,5,4,4,9,15,85,0,85
20214,D,발달상권,3120029,을지로2가,14,9,5,1,1,2,1,3,6,1,1,1,1,2,3,0,0,1,0,1,3,10,0,10
20214,D,발달상권,3120030,중부경찰서(영화인의거리),427,239,188,38,113,96,46,51,83,17,46,62,32,34,48,21,67,34,14,17,35,316,0,316
20214,D,발달상권,3120031,을지로3가역,670,395,275,7,83,114,89,103,274,4,35,62,57,73,164,3,48,52,32,30,110,588,0,588
20214,D,발달상권,3120032,충무로역,2406,1270,1136,144,385,303,297,400,877,78,202,177,174,224,415,66,183,126,123,176,462,1495,0,1495
20214,D,발달상권,3120033,을지로4가역,80,48,32,1,2,12,4,11,50,0,1,9,3,5,30,1,1,3,1,6,20,57,0,57
20214,D,발달상권,3120034,중구청(퇴계로4가),1256,637,619,118,285,292,165,200,196,62,113,168,79,107,108,56,172,124,86,93,88,739,0,739
20214,D,발달상권,3120035,퇴계로5가,389,215,174,11,113,70,43,57,95,6,50,41,28,35,55,5,63,29,15,22,40,288,0,288
20214,D,발달상권,3120036,장충동족발거리(남소영길),310,158,152,34,85,39,38,34,80,19,45,13,23,18,40,15,40,26,15,16,40,208,0,208
20214,D,발달상권,3120037,동대문역사문화공원역,2054,1067,987,106,280,301,238,358,771,52,132,161,127,206,389,54,148,140,111,152,382,1352,0,1352
20214,D,발달상권,3120038,약수역,2176,1022,1154,170,384,277,303,330,712,90,180,129,155,154,314,80,204,148,148,176,398,1252,0,1252
20214,D,발달상권,3120039,신당역,3369,1652,1717,261,748,693,443,553,671,120,328,336,230,291,347,141,420,357,213,262,324,2095,0,2095
20214,D,발달상권,3120040,용산전자상가(용산역),1415,800,615,104,191,347,254,198,321,55,102,193,167,124,159,49,89,154,87,74,162,843,0,843
20214,D,발달상권,3120041,신용산역(용산역),7176,3373,3803,667,1287,1849,993,1170,1210,344,524,865,477,558,605,323,763,984,516,612,605,4109,0,4109
20214,D,발달상권,3120042,"숙대입구역(남영역, 남영동)",316,158,158,9,89,82,49,43,44,5,37,37,28,27,24,4,52,45,21,16,20,261,0,261
20214,D,발달상권,3120043,서울역,878,774,104,6,11,34,100,279,448,2,6,32,86,265,383,4,5,2,14,14,65,836,0,836
20214,D,발달상권,3120044,삼각지역,1708,894,814,141,284,357,207,266,453,74,160,198,113,134,215,67,124,159,94,132,238,1029,0,1029
20214,D,발달상권,3120045,남영동 먹자골목,634,408,226,22,69,89,108,141,205,11,39,53,84,102,119,11,30,36,24,39,86,487,0,487
20214,D,발달상권,3120046,이태원(이태원역),2689,1360,1329,190,475,595,399,385,645,100,235,340,205,191,289,90,240,255,194,194,356,1705,0,1705
20214,D,발달상권,3120047,한남오거리,1746,794,952,142,229,405,334,234,402,64,113,178,152,110,177,78,116,227,182,124,225,1075,0,1075
20214,D,발달상권,3120048,금호역,1469,733,736,113,224,187,213,259,473,64,125,98,107,132,207,49,99,89,106,127,266,787,0,787
20214,D,발달상권,3120049,왕십리역(왕십리),2400,1136,1264,151,1070,392,196,218,373,73,465,215,95,104,184,78,605,177,101,114,189,1765,0,1765
20214,D,발달상권,3120050,서울숲역,884,435,449,88,188,194,116,136,162,44,90,103,55,70,73,44,98,91,61,66,89,491,0,491
20214,D,발달상권,3120051,뚝섬역,2209,1100,1109,231,362,394,341,361,520,116,159,194,174,208,249,115,203,200,167,153,271,1248,0,1248
20214,D,발달상권,3120052,성수역,1062,596,466,70,216,201,151,191,233,38,94,117,89,127,131,32,122,84,62,64,102,722,0,722
20214,D,발달상권,3120053,건대입구역(건대),4276,1997,2279,191,1304,696,442,444,1199,91,566,366,223,229,522,100,738,330,219,215,677,2966,0,2966
20214,D,발달상권,3120054,어린이대공원역,4222,1933,2289,344,1424,876,484,462,632,166,533,437,250,248,299,178,891,439,234,214,333,2832,0,2832
20214,D,발달상권,3120055,군자역,6446,2864,3582,429,1755,1456,744,836,1226,215,608,632,382,426,601,214,1147,824,362,410,625,4160,0,4160
20214,D,발달상권,3120056,구의역,4390,1983,2407,252,1399,1089,565,459,626,137,523,505,291,234,293,115,876,584,274,225,333,3114,0,3114
20214,D,발달상권,3120057,아차산역,3492,1639,1853,390,574,641,471,592,824,211,235,305,243,273,372,179,339,336,228,319,452,1831,0,1831
20214,D,발달상권,3120058,구의사거리,1867,938,929,245,298,318,284,271,451,131,159,157,144,141,206,114,139,161,140,130,245,925,0,925
20214,D,발달상권,3120059,구삼강변맛길,4389,2089,2300,686,714,605,774,740,870,323,324,281,360,387,414,363,390,324,414,353,456,1946,0,1946
20214,D,발달상권,3120060,강변역(테크노마트),5,4,1,0,0,1,0,1,3,0,0,1,0,0,3,0,0,0,0,1,0,5,0,5
20214,D,발달상권,3120061,올림픽대교북단,234,99,135,16,48,59,32,35,44,3,20,26,14,17,19,13,28,33,18,18,25,156,0,156
20214,D,발달상권,3120062,신설동역,3593,1835,1758,117,1175,721,424,483,673,62,396,369,273,335,400,55,779,352,151,148,273,2999,0,2999
20214,D,발달상권,3120063,청량리역(청량리),1404,821,583,60,259,190,159,266,470,25,112,94,108,174,308,35,147,96,51,92,162,1025,0,1025
20214,D,발달상권,3120064,경희대학교(경희대),691,331,360,66,246,90,78,81,130,25,105,54,36,46,65,41,141,36,42,35,65,481,0,481
20214,D,발달상권,3120065,회기역,2091,940,1151,186,832,359,222,171,321,88,316,188,108,86,154,98,516,171,114,85,167,1486,0,1486
20214,D,발달상권,3120066,장한평역(장한평),4543,2353,2190,276,1157,1067,622,625,796,137,465,579,364,365,443,139,692,488,258,260,353,3035,0,3035
20214,D,발달상권,3120067,장안동사거리,6314,3185,3129,764,1118,1377,1043,888,1124,407,473,721,560,478,546,357,645,656,483,410,578,3467,0,3467
20214,D,발달상권,3120068,사가정역,706,362,344,20,68,121,114,128,255,11,30,68,63,73,117,9,38,53,51,55,138,530,0,530
20214,D,발달상권,3120069,상봉역,6439,2955,3484,699,1444,1203,920,959,1214,344,527,563,447,485,589,355,917,640,473,474,625,3444,0,3444
20214,D,발달상권,3120070,한성대입구역,1072,508,564,91,223,155,155,153,295,48,87,75,87,80,131,43,136,80,68,73,164,701,0,701
20214,D,발달상권,3120071,성북구청,1059,457,602,66,344,219,128,131,171,34,119,93,66,72,73,32,225,126,62,59,98,746,0,746
20214,D,발달상권,3120072,성신여대,3093,1168,1925,171,1239,563,320,312,488,77,304,245,150,171,221,94,935,318,170,141,267,2335,0,2335
20214,D,발달상권,3120073,미아사거리,982,465,517,51,188,120,124,179,320,23,71,59,67,97,148,28,117,61,57,82,172,685,0,685
20214,D,발달상권,3120074,안암역,420,187,233,26,224,46,22,35,67,10,99,24,9,19,26,16,125,22,13,16,41,333,0,333
20214,D,발달상권,3120075,월곡역,2247,1023,1224,246,584,329,295,340,453,118,206,171,135,179,214,128,378,158,160,161,239,1269,0,1269
20214,D,발달상권,3120076,수유역,5624,2866,2758,280,1332,1013,892,892,1215,144,501,564,511,518,628,136,831,449,381,374,587,4009,0,4009
20214,D,발달상권,3120077,미아역,1777,907,870,153,325,208,251,332,508,83,141,116,137,180,250,70,184,92,114,152,258,1077,0,1077
20214,D,발달상권,3120078,미아사거리역,527,257,270,34,74,72,66,95,186,21,32,36,31,45,92,13,42,36,35,50,94,322,0,322
20214,D,발달상권,3120079,창동역,515,316,199,17,136,85,89,101,87,13,58,52,55,73,65,4,78,33,34,28,22,450,0,450
20214,D,발달상권,3120080,마들역,3,2,1,0,0,0,0,0,3,0,0,0,0,0,2,0,0,0,0,0,1,3,0,3
20214,D,발달상권,3120081,노원역,1060,611,449,48,260,180,152,194,226,20,104,112,96,134,145,28,156,68,56,60,81,855,0,855
20214,D,발달상권,3120082,상계백병원,80,31,49,11,19,14,13,11,12,6,6,5,6,5,3,5,13,9,7,6,9,47,0,47
20214,D,발달상권,3120083,등나무근린공원,1535,719,816,322,218,217,379,269,130,154,99,105,174,127,60,168,119,112,205,142,70,633,0,633
20214,D,발달상권,3120084,공릉역,1609,813,796,135,340,216,231,269,418,72,175,108,127,138,193,63,165,108,104,131,225,1077,0,1077
20214,D,발달상권,3120085,은행사거리,191,89,102,57,19,19,55,25,16,27,8,8,28,11,7,30,11,11,27,14,9,100,0,100
20214,D,발달상권,3120086,태릉입구역,1636,778,858,166,479,250,223,257,261,89,155,128,119,150,137,77,324,122,104,107,124,934,0,934
20214,D,발달상권,3120087,응암역,2245,1003,1242,194,469,473,349,299,461,102,172,216,166,148,199,92,297,257,183,151,262,1374,0,1374
20214,D,발달상권,3120088,구산역,1660,758,902,257,273,215,297,257,361,102,113,110,127,142,164,155,160,105,170,115,197,772,0,772
20214,D,발달상권,3120089,구파발역,3135,1406,1729,553,538,884,567,301,292,283,178,380,280,155,130,270,360,504,287,146,162,1612,0,1612
20214,D,발달상권,3120090,연신내역,2993,1366,1627,138,1003,626,339,331,556,70,383,305,172,171,265,68,620,321,167,160,291,2194,0,2194
20214,D,발달상권,3120091,본서부병원,3435,1517,1918,390,743,609,553,465,675,206,257,273,276,223,282,184,486,336,277,242,393,1936,0,1936
20214,D,발달상권,3120092,불광역,1284,614,670,74,324,249,140,198,299,35,127,129,74,99,150,39,197,120,66,99,149,845,0,845
20214,D,발달상권,3120093,연희동,1107,520,587,104,335,226,121,127,194,45,171,114,48,54,88,59,164,112,73,73,106,700,0,700
20214,D,발달상권,3120094,"신촌역(신촌역, 신촌로터리)",3725,1858,1867,134,1612,770,365,313,531,70,742,405,205,190,246,64,870,365,160,123,285,2990,0,2990
20214,D,발달상권,3120095,홍제역,1480,694,786,102,236,175,203,271,493,58,90,96,97,144,209,44,146,79,106,127,284,940,0,940
20214,D,발달상권,3120096,"이화여대(이대역, 이대)",2851,987,1864,128,1239,499,282,270,433,56,288,212,134,130,167,72,951,287,148,140,266,2265,0,2265
20214,D,발달상권,3120097,충정로역,873,324,549,30,363,293,90,43,54,11,119,107,44,19,24,19,244,186,46,24,30,718,0,718
20214,D,발달상권,3120098,DMC(디지털미디어시티),1285,501,784,95,474,308,232,111,65,46,125,130,101,68,31,49,349,178,131,43,34,981,0,981
20214,D,발달상권,3120100,망원역,1147,542,605,114,218,237,183,136,259,60,105,105,94,65,113,54,113,132,89,71,146,633,0,633
20214,D,발달상권,3120101,합정역,6959,3247,3712,1045,1428,1187,946,1060,1293,546,628,525,446,515,587,499,800,662,500,545,706,3485,0,3485
20214,D,발달상권,3120102,서교동(홍대),3224,1523,1701,264,677,664,516,427,676,131,300,315,264,208,305,133,377,349,252,219,371,1861,0,1861
20214,D,발달상권,3120103,홍대입구역(홍대),4693,2085,2608,276,1684,1067,544,426,696,143,649,513,271,206,303,133,1035,554,273,220,393,3238,0,3238
20214,D,발달상권,3120104,연남동(홍대),7337,3503,3834,606,1706,1637,1041,854,1493,319,802,805,521,403,653,287,904,832,520,451,840,4471,0,4471
20214,D,발달상권,3120105,상수역(홍대),1351,591,760,66,487,303,161,105,229,36,199,139,79,44,94,30,288,164,82,61,135,991,0,991
20214,D,발달상권,3120106,마포역,3616,1626,1990,446,472,919,737,512,530,206,186,418,303,264,249,240,286,501,434,248,281,2059,0,2059
20214,D,발달상권,3120107,공덕역(공덕오거리),2488,1106,1382,292,463,505,424,421,383,151,177,207,187,206,178,141,286,298,237,215,205,1269,0,1269
20214,D,발달상권,3120108,신정네거리역,3392,1673,1719,310,597,622,515,523,825,161,247,329,257,284,395,149,350,293,258,239,430,1994,0,1994
20214,D,발달상권,3120109,서울남부지방법원,2189,1095,1094,348,275,274,343,373,576,183,125,135,177,199,276,165,150,139,166,174,300,1055,0,1055
20214,D,발달상권,3120110,목동역 8번출구,2200,1164,1036,229,380,341,342,387,521,113,193,180,194,210,274,116,187,161,148,177,247,1182,0,1182
20214,D,발달상권,3120111,목동사거리,2454,1234,1220,236,385,478,391,379,585,132,186,245,208,188,275,104,199,233,183,191,310,1306,0,1306
20214,D,발달상권,3120112,등촌역,4543,2031,2512,351,1138,1185,606,521,742,174,401,539,311,265,341,177,737,646,295,256,401,2850,0,2850
20214,D,발달상권,3120113,오목교역,3323,1589,1734,758,405,360,658,520,622,380,192,167,311,260,279,378,213,193,347,260,343,1227,0,1227
20214,D,발달상권,3120114,목동신시가지,10522,5044,5478,2819,1102,1205,2483,1418,1495,1490,499,466,1106,785,698,1329,603,739,1377,633,797,3858,0,3858
20214,D,발달상권,3120116,송정역,861,436,425,39,253,187,97,112,173,21,116,97,54,59,89,18,137,90,43,53,84,628,0,628
20214,D,발달상권,3120117,강서농산물도매시장,48,26,22,7,15,4,4,7,11,3,6,3,3,3,8,4,9,1,1,4,3,41,0,41
20214,D,발달상권,3120118,마곡역(마곡),1725,735,990,18,696,691,205,76,39,9,182,346,130,48,20,9,514,345,75,28,19,1583,0,1583
20214,D,발달상권,3120119,발산역(마곡),2329,974,1355,56,1033,707,288,160,85,29,262,352,162,112,57,27,771,355,126,48,28,2112,0,2112
20214,D,발달상권,3120120,화곡역,2784,1304,1480,202,657,733,363,359,470,101,272,357,177,178,219,101,385,376,186,181,251,1729,0,1729
20214,D,발달상권,3120121,까치산역,3505,1591,1914,233,884,954,467,334,633,126,327,481,225,149,283,107,557,473,242,185,350,2142,0,2142
20214,D,발달상권,3120122,강서구청,6478,2907,3571,458,2103,1700,816,629,772,232,706,833,443,333,360,226,1397,867,373,296,412,4582,0,4582
20214,D,발달상권,3120123,오류동역,5234,2395,2839,314,1587,1723,620,352,638,162,565,860,330,203,275,152,1022,863,290,149,363,3946,0,3946
20214,D,발달상권,3120124,개봉동 현대아파트,3727,1824,1903,422,431,518,556,641,1159,220,210,281,302,299,512,202,221,237,254,342,647,1831,0,1831
20214,D,발달상권,3120125,구로역,2187,1133,1054,239,380,459,376,343,390,129,189,223,206,191,195,110,191,236,170,152,195,1144,0,1144
20214,D,발달상권,3120126,디지털단지오거리,599,352,247,13,105,76,75,126,204,8,61,49,49,78,107,5,44,27,26,48,97,446,0,446
20214,D,발달상권,3120127,구로구청,5087,2303,2784,368,1573,1317,755,558,516,194,509,646,388,332,234,174,1064,671,367,226,282,3664,0,3664
20214,D,발달상권,3120128,신도림역,3192,1531,1661,370,568,830,535,478,411,184,229,408,263,234,213,186,339,422,272,244,198,1605,0,1605
20214,D,발달상권,3120129,구로디지털단지,1525,795,730,84,450,461,208,141,181,44,217,252,126,81,75,40,233,209,82,60,106,1148,0,1148
20214,D,발달상권,3120130,구로디지털단지역,2067,1156,911,59,615,611,311,260,211,30,276,342,207,175,126,29,339,269,104,85,85,1747,0,1747
20214,D,발달상권,3120131,가산디지털단지,4705,2495,2210,99,2104,1369,509,293,331,40,855,872,353,201,174,59,1249,497,156,92,157,4135,0,4135
20214,D,발달상권,3120132,독산동,6630,3819,2811,479,1483,1727,954,893,1094,236,789,1115,593,530,556,243,694,612,361,363,538,4547,0,4547
20214,D,발달상권,3120133,서울시흥동우체국(홈플러스시흥점),559,280,279,39,119,99,67,88,147,23,52,52,35,46,72,16,67,47,32,42,75,337,0,337
20214,D,발달상권,3120134,구로전화국,3479,1767,1712,239,665,733,457,557,828,115,303,415,240,293,401,124,362,318,217,264,427,2172,0,2172
20214,D,발달상권,3120135,양평역,511,246,265,49,88,127,89,49,109,28,39,58,49,28,44,21,49,69,40,21,65,321,0,321
20214,D,발달상권,3120136,영등포구청역,2992,1544,1448,181,660,639,380,415,717,83,317,348,214,233,349,98,343,291,166,182,368,2043,0,2043
20214,D,발달상권,3120138,당산2동(영등포우체국),1775,843,932,169,352,309,221,233,491,85,172,153,107,118,208,84,180,156,114,115,283,1119,0,1119
20214,D,발달상권,3120139,대림3동사거리,2313,1207,1106,243,323,248,364,490,645,118,173,131,186,274,325,125,150,117,178,216,320,1232,0,1232
20214,D,발달상권,3120140,문래동주민센터,1164,578,586,171,105,144,201,203,340,84,60,59,97,113,165,87,45,85,104,90,175,597,0,597
20214,D,발달상권,3120141,영등포청과시장교차로,1335,649,686,81,301,299,156,194,304,30,128,157,90,99,145,51,173,142,66,95,159,843,0,843
20214,D,발달상권,3120142,대림역,1534,844,690,93,242,231,229,294,445,45,137,152,136,151,223,48,105,79,93,143,222,1022,0,1022
20214,D,발달상권,3120143,당산역,2879,1189,1690,79,1085,1022,261,184,248,39,308,489,138,94,121,40,777,533,123,90,127,2355,0,2355
20214,D,발달상권,3120144,영중로,1597,676,921,46,590,519,173,101,168,25,170,237,94,61,89,21,420,282,79,40,79,1356,0,1356
20214,D,발달상권,3120145,영등포역(영등포),4753,2992,1761,80,1212,1072,624,758,1007,37,536,650,455,609,705,43,676,422,169,149,302,4219,0,4219
20214,D,발달상권,3120146,한강성심병원,2442,1212,1230,60,989,909,203,134,147,29,375,530,128,77,73,31,614,379,75,57,74,2068,0,2068
20214,D,발달상권,3120147,보라매역,1093,515,578,107,259,247,155,113,212,54,101,120,73,53,114,53,158,127,82,60,98,645,0,645
20214,D,발달상권,3120148,국회의사당역(국회의사당),2445,1145,1300,223,456,800,399,264,303,113,174,381,187,138,152,110,282,419,212,126,151,1658,0,1658
20214,D,발달상권,3120149,여의도역(여의도),2805,1333,1472,470,304,336,470,516,709,223,151,131,230,253,345,247,153,205,240,263,364,1075,0,1075
20214,D,발달상권,3120150,63빌딩,637,282,355,100,61,73,101,97,205,42,27,26,50,47,90,58,34,47,51,50,115,263,0,263
20214,D,발달상권,3120151,보라매공원,5056,2353,2703,799,677,718,809,648,1405,382,309,332,383,305,642,417,368,386,426,343,763,2091,0,2091
20214,D,발달상권,3120152,신대방삼거리역,2793,1245,1548,295,658,662,372,324,482,146,226,282,191,164,236,149,432,380,181,160,246,1709,0,1709
20214,D,발달상권,3120153,노량진역(노량진),2159,1092,1067,63,1012,529,172,156,227,32,430,329,107,88,106,31,582,200,65,68,121,1856,0,1856
20214,D,발달상권,3120154,장승배기역,1002,447,555,66,271,191,120,112,242,31,110,90,59,57,100,35,161,101,61,55,142,648,0,648
20214,D,발달상권,3120155,총신대학교,2123,1020,1103,300,304,318,360,301,540,149,148,153,182,148,240,151,156,165,178,153,300,996,0,996
20214,D,발달상권,3120156,"총신대입구역(이수, 총신대)",4405,2034,2371,488,851,694,659,664,1049,237,336,323,327,335,476,251,515,371,332,329,573,2369,0,2369
20214,D,발달상권,3120157,신림역(신림),8448,4409,4039,285,3376,2264,878,671,974,148,1575,1323,504,368,491,137,1801,941,374,303,483,6728,0,6728
20214,D,발달상권,3120158,녹두거리(대학동),2123,1220,903,90,748,460,301,216,308,50,389,296,202,144,139,40,359,164,99,72,169,1747,0,1747
20214,D,발달상권,3120159,서울대입구역,8567,3745,4822,255,4457,2012,671,496,676,103,1645,1007,364,272,354,152,2812,1005,307,224,322,7285,0,7285
20214,D,발달상권,3120160,사당역(사당),3973,1867,2106,395,989,915,535,451,688,185,407,467,269,209,330,210,582,448,266,242,358,2376,0,2376
20214,D,발달상권,3120161,방배동가구거리(사당동가구거리),1317,610,707,241,195,180,261,204,236,120,98,91,115,97,89,121,97,89,146,107,147,542,0,542
20214,D,발달상권,3120162,방배동카페골목,2276,1065,1211,375,335,391,440,342,393,186,147,185,197,170,180,189,188,206,243,172,213,1096,0,1096
20214,D,발달상권,3120163,사당역 11번(사당역먹자골목),3524,1648,1876,467,506,550,549,533,919,235,243,255,266,243,406,232,263,295,283,290,513,1661,0,1661
20214,D,발달상권,3120164,내방역,2972,1379,1593,389,404,515,505,423,736,178,180,229,246,216,330,211,224,286,259,207,406,1480,0,1480
20214,D,발달상권,3120165,서래마을카페거리(서래마을),1604,745,859,336,194,208,312,234,320,178,88,87,139,117,136,158,106,121,173,117,184,618,0,618
20214,D,발달상권,3120166,방배역,3076,1493,1583,348,421,511,541,488,767,197,197,243,266,243,347,151,224,268,275,245,420,1703,0,1703
20214,D,발달상권,3120167,고속터미널(고속터미널역),304,147,157,92,27,31,70,41,43,46,16,12,30,24,19,46,11,19,40,17,24,96,0,96
20214,D,발달상권,3120168,서울고교교차로,375,190,185,62,41,94,68,44,66,38,23,46,34,18,31,24,18,48,34,26,35,149,0,149
20214,D,발달상권,3120169,서초역,2053,971,1082,269,326,374,285,338,461,140,150,172,135,163,211,129,176,202,150,175,250,917,0,917
20214,D,발달상권,3120170,삼호가든사거리,614,292,322,130,59,132,102,82,109,69,30,58,49,42,44,61,29,74,53,40,65,259,0,259
20214,D,발달상권,3120171,서초3동사거리,3163,1528,1635,359,616,583,514,482,609,187,252,285,259,245,300,172,364,298,255,237,309,1771,0,1771
20214,D,발달상권,3120172,교대입구교차로,3843,1921,1922,390,671,985,703,533,561,221,298,489,354,277,282,169,373,496,349,256,279,2327,0,2327
20214,D,발달상권,3120173,교대역(법원.검찰청),5359,2576,2783,685,929,1060,885,796,1004,345,432,505,421,404,469,340,497,555,464,392,535,2857,0,2857
20214,D,발달상권,3120174,논현역 5번,1387,653,734,173,263,259,216,189,287,90,104,122,113,87,137,83,159,137,103,102,150,717,0,717
20214,D,발달상권,3120175,남부터미널역,4099,1851,2248,450,724,1012,677,569,667,229,291,428,311,265,327,221,433,584,366,304,340,2394,0,2394
20214,D,발달상권,3120176,논현역 4번,4902,2315,2587,329,1008,1239,853,611,862,171,443,593,445,295,368,158,565,646,408,316,494,3227,0,3227
20214,D,발달상권,3120177,신논현역 1번,4597,2309,2288,238,1080,1226,739,550,764,125,498,619,410,299,358,113,582,607,329,251,406,3223,0,3223
20214,D,발달상권,3120178,신사역,3757,1859,1898,282,780,890,561,498,746,133,347,448,299,278,354,149,433,442,262,220,392,2447,0,2447
20214,D,발달상권,3120179,양재역,5125,2413,2712,574,922,1235,815,736,843,270,402,613,372,372,384,304,520,622,443,364,459,2769,0,2769
20214,D,발달상권,3120180,양재화물트럭터미널앞,1346,657,689,397,115,143,308,156,227,223,51,53,154,80,96,174,64,90,154,76,131,392,0,392
20214,D,발달상권,3120181,교육개발원입구사거리,1000,480,520,78,151,232,152,138,249,40,72,118,71,67,112,38,79,114,81,71,137,578,0,578
20214,D,발달상권,3120182,"양재시민의숲역(양재동꽃시장, aT센터)",1907,996,911,235,265,335,304,322,446,123,138,181,160,174,220,112,127,154,144,148,226,1043,0,1043
20214,D,발달상권,3120183,양재천카페거리,1202,611,591,107,173,245,247,183,247,59,90,135,128,90,109,48,83,110,119,93,138,700,0,700
20214,D,발달상권,3120184,포이사거리(삼호물산),5782,2984,2798,603,1025,1282,920,903,1049,330,488,687,476,475,528,273,537,595,444,428,521,3235,0,3235
20214,D,발달상권,3120185,논현역,3722,1809,1913,240,702,857,630,551,742,117,333,425,316,291,327,123,369,432,314,260,415,2397,0,2397
20214,D,발달상권,3120186,가로수길,3152,1382,1770,378,495,607,589,437,646,180,198,257,261,227,259,198,297,350,328,210,387,1777,0,1777
20214,D,발달상권,3120187,신논현역,5512,2640,2872,281,1241,1410,895,649,1036,134,504,686,488,347,481,147,737,724,407,302,555,3959,0,3959
20214,D,발달상권,3120188,압구정역,1129,540,589,157,157,213,198,140,264,83,79,97,92,68,121,74,78,116,106,72,143,598,0,598
20214,D,발달상권,3120189,강남역,6332,2979,3353,634,1313,1697,1025,783,880,313,537,818,493,399,419,321,776,879,532,384,461,4029,0,4029
20214,D,발달상권,3120190,강남을지병원,2366,1063,1303,254,457,495,423,288,449,129,182,233,182,142,195,125,275,262,241,146,254,1367,0,1367
20214,D,발달상권,3120191,학동역,4438,2087,2351,275,755,1109,868,578,853,139,339,539,401,301,368,136,416,570,467,277,485,2983,0,2983
20214,D,발달상권,3120192,뱅뱅사거리,6623,3041,3582,509,1616,2037,1095,647,719,250,618,966,536,332,339,259,998,1071,559,315,380,4718,0,4718
20214,D,발달상권,3120193,도산공원교차로,1184,561,623,125,177,217,210,160,295,58,97,101,110,70,125,67,80,116,100,90,170,596,0,596
20214,D,발달상권,3120194,언주역(차병원),2599,1282,1317,142,483,760,435,329,450,76,222,375,218,175,216,66,261,385,217,154,234,1764,0,1764
20214,D,발달상권,3120195,성수대교남단,444,233,211,59,65,73,87,60,100,36,32,36,44,35,50,23,33,37,43,25,50,224,0,224
20214,D,발달상권,3120196,서울세관,1453,699,754,109,189,275,280,232,368,51,87,140,139,123,159,58,102,135,141,109,209,940,0,940
20214,D,발달상권,3120197,역삼역,6083,3079,3004,523,1507,1800,856,603,794,324,602,907,475,361,410,199,905,893,381,242,384,4337,0,4337
20214,D,발달상권,3120198,구역삼세무서,7376,3813,3563,479,1410,1908,1355,980,1244,248,673,1017,733,547,595,231,737,891,622,433,649,5072,0,5072
20214,D,발달상권,3120199,경복아파트교차로,862,407,455,80,148,260,192,91,91,38,61,113,108,51,36,42,87,147,84,40,55,598,0,598
20214,D,발달상권,3120200,학동사거리,976,427,549,88,166,208,160,125,229,48,59,79,77,62,102,40,107,129,83,63,127,565,0,565
20214,D,발달상권,3120201,도곡1동,1880,867,1013,176,361,462,299,254,328,90,135,218,146,126,152,86,226,244,153,128,176,1108,0,1108
20214,D,발달상권,3120202,압구정로데오역(압구정로데오),1843,860,983,267,240,256,318,276,486,127,94,118,151,144,226,140,146,138,167,132,260,793,0,793
20214,D,발달상권,3120203,강남구청역,1522,713,809,147,292,382,251,204,246,66,136,170,111,112,118,81,156,212,140,92,128,920,0,920
20214,D,발달상권,3120204,르네상스호텔사거리,1595,712,883,107,316,509,318,182,163,53,116,235,151,81,76,54,200,274,167,101,87,1127,0,1127
20214,D,발달상권,3120205,매봉역,1116,543,573,131,209,180,176,172,248,78,88,83,96,73,125,53,121,97,80,99,123,592,0,592
20214,D,발달상권,3120206,개나리아파트,4115,1932,2183,687,712,622,766,564,764,366,326,266,355,290,329,321,386,356,411,274,435,2106,0,2106
20214,D,발달상권,3120207,선정릉역,6714,2997,3717,804,1098,1452,1288,894,1178,423,464,615,576,418,501,381,634,837,712,476,677,3816,0,3816
20214,D,발달상권,3120208,청담사거리(청담동명품거리),3501,1584,1917,373,504,586,624,510,904,184,208,269,296,228,399,189,296,317,328,282,505,1999,0,1999
20214,D,발달상권,3120209,"강남구청(청담역_8번, 강남세무서)",1374,624,750,205,242,240,225,210,252,113,100,92,99,97,123,92,142,148,126,113,129,671,0,671
20214,D,발달상권,3120210,선릉역,4780,2264,2516,332,934,1309,900,630,675,155,372,615,448,336,338,177,562,694,452,294,337,3339,0,3339
20214,D,발달상권,3120211,도성초등학교,1638,780,858,338,246,204,340,267,243,182,124,90,139,131,114,156,122,114,201,136,129,726,0,726
20214,D,발달상권,3120212,한티역,1483,713,770,271,240,150,288,289,245,141,110,71,126,152,113,130,130,79,162,137,132,683,0,683
20214,D,발달상권,3120213,삼성중앙역,4143,2023,2120,429,753,864,708,594,795,245,360,405,359,293,361,184,393,459,349,301,434,2324,0,2324
20214,D,발달상권,3120214,영동대교남단교차로,706,345,361,125,96,123,130,115,117,66,44,53,66,57,59,59,52,70,64,58,58,303,0,303
20214,D,발달상권,3120215,포스코사거리,3639,1706,1933,398,635,916,760,470,460,222,258,384,368,254,220,176,377,532,392,216,240,2275,0,2275
20214,D,발달상권,3120216,경기고교사거리(경기고교앞사거리),218,98,120,12,38,61,44,28,35,6,16,23,20,19,14,6,22,38,24,9,21,151,0,151
20214,D,발달상권,3120217,대치사거리,3838,1911,1927,633,717,676,724,551,537,377,346,337,327,278,246,256,371,339,397,273,291,2031,0,2031
20214,D,발달상권,3120218,코엑스,28,15,13,2,4,2,4,8,8,0,2,1,2,4,6,2,2,1,2,4,2,17,0,17
20214,D,발달상권,3120219,은마아파트,1101,557,544,225,169,92,250,189,176,137,90,41,111,99,79,88,79,51,139,90,97,436,0,436
20214,D,발달상권,3120220,대치역,1297,634,663,375,145,80,315,207,175,191,69,35,139,111,89,184,76,45,176,96,86,391,0,391
20214,D,발달상권,3120221,봉은사역,711,359,352,60,85,148,142,106,170,32,51,76,70,58,72,28,34,72,72,48,98,493,0,493
20214,D,발달상권,3120222,삼성역,746,381,365,62,176,173,115,116,104,38,78,78,55,75,57,24,98,95,60,41,47,508,0,508
20214,D,발달상권,3120223,휘문고교사거리,309,158,151,62,42,27,58,59,61,38,23,12,26,30,29,24,19,15,32,29,32,111,0,111
20214,D,발달상권,3120224,수서역,594,284,310,26,106,144,96,113,109,8,38,65,49,68,56,18,68,79,47,45,53,437,0,437
20214,D,발달상권,3120225,잠실새내역(신천),4074,1922,2152,274,765,912,639,554,930,142,316,443,324,276,421,132,449,469,315,278,509,2702,0,2702
20214,D,발달상권,3120226,석촌고분역,1955,922,1033,189,340,436,282,302,406,101,159,203,142,136,181,88,181,233,140,166,225,1092,0,1092
20214,D,발달상권,3120227,잠실역,5684,2620,3064,972,674,928,874,881,1355,472,310,411,397,397,633,500,364,517,477,484,722,2183,0,2183
20214,D,발달상권,3120228,석촌역(석촌호수),4223,1985,2238,388,828,906,601,605,895,201,377,420,283,291,413,187,451,486,318,314,482,2293,0,2293
20214,D,발달상권,3120229,방이동먹자골목,2889,1401,1488,137,643,708,418,422,561,68,284,351,209,220,269,69,359,357,209,202,292,2005,0,2005
20214,D,발달상권,3120230,송파사거리(송파역),1644,834,810,172,221,473,206,201,371,87,99,241,115,115,177,85,122,232,91,86,194,906,0,906
20214,D,발달상권,3120232,송파나루역,875,426,449,93,167,178,124,131,182,46,79,91,59,68,83,47,88,87,65,63,99,462,0,462
20214,D,발달상권,3120233,몽촌토성역,3436,1375,2061,98,1266,1298,364,204,206,48,379,564,164,108,112,50,887,734,200,96,94,2871,0,2871
20214,D,발달상권,3120234,가락시장역,2694,1460,1234,235,419,436,425,577,602,117,217,248,230,324,324,118,202,188,195,253,278,1472,0,1472
20214,D,발달상권,3120235,문정역,4514,1904,2610,245,1378,1658,589,357,287,122,429,725,299,207,122,123,949,933,290,150,165,3480,0,3480
20214,D,발달상권,3120236,장지역(가든파이브),167,92,75,30,28,35,24,28,22,12,18,22,15,15,10,18,10,13,9,13,12,89,0,89
20214,D,발달상권,3120237,경찰병원역,3823,1982,1841,340,617,755,620,671,820,175,298,394,320,372,423,165,319,361,300,299,397,2305,0,2305
20214,D,발달상권,3120238,방이역,501,258,243,62,69,69,88,84,129,32,35,39,41,47,64,30,34,30,47,37,65,251,0,251
20214,D,발달상권,3120239,오금역,4150,2026,2124,491,680,725,619,688,947,264,314,359,305,330,454,227,366,366,314,358,493,2024,0,2024
20214,D,발달상권,3120240,개롱역,3595,1737,1858,608,526,511,680,556,714,320,250,254,320,274,319,288,276,257,360,282,395,1478,0,1478
20214,D,발달상권,3120241,거여역,1814,931,883,200,277,225,276,347,489,106,143,124,144,177,237,94,134,101,132,170,252,883,0,883
20214,D,발달상권,3120242,강동구청역,3677,1758,1919,506,543,653,626,521,828,268,254,299,302,260,375,238,289,354,324,261,453,1741,0,1741
20214,D,발달상권,3120243,천호역,4206,2016,2190,254,807,977,658,653,857,127,313,475,341,354,406,127,494,502,317,299,451,2801,0,2801
20214,D,발달상권,3120244,암사역,2164,1092,1072,191,361,437,353,313,509,95,160,234,186,174,243,96,201,203,167,139,266,1394,0,1394
20214,D,발달상권,3120245,둔촌역,2797,1426,1371,391,370,413,443,533,647,228,185,218,223,282,290,163,185,195,220,251,357,1358,0,1358
20214,D,발달상권,3120246,길동역,6298,3044,3254,408,1703,1430,840,843,1074,199,642,736,449,457,561,209,1061,694,391,386,513,4215,0,4215
20214,D,발달상권,3120247,굽은다리역,1819,832,987,195,307,325,257,282,453,87,141,150,130,127,197,108,166,175,127,155,256,888,0,888
20214,D,발달상권,3120248,명일역,2253,1121,1132,292,294,282,412,370,603,141,147,146,200,188,299,151,147,136,212,182,304,1153,0,1153
20214,D,발달상권,3120249,고덕역,1201,545,656,191,279,239,191,159,142,114,107,104,80,73,67,77,172,135,111,86,75,627,0,627
20214,R,전통시장,3130001,통인시장,690,297,393,73,84,89,102,119,223,34,36,35,48,53,91,39,48,54,54,66,132,344,0,344
20214,R,전통시장,3130002,세종마을음식문화거리(금천교시장),571,278,293,57,79,85,79,95,176,26,48,39,40,48,77,31,31,46,39,47,99,318,0,318
20214,R,전통시장,3130004,낙원시장(낙원지하시장(대일상가)),315,145,170,36,31,33,55,40,120,21,18,14,34,14,44,15,13,19,21,26,76,144,0,144
20214,R,전통시장,3130005,세운상가가동,27,21,6,0,2,4,4,10,7,0,2,3,3,7,6,0,0,1,1,3,1,22,0,22
20214,R,전통시장,3130007,광장시장(광장전통시장),91,41,50,3,10,8,9,15,46,1,8,4,4,8,16,2,2,4,5,7,30,66,0,66
20214,R,전통시장,3130009,마전교지하쇼핑센터(구 한일상가),1,1,0,0,0,0,0,0,1,0,0,0,0,0,1,0,0,0,0,0,0,1,0,1
20214,R,전통시장,3130010,종로신진시장,112,83,29,0,4,5,16,35,52,0,1,5,14,24,39,0,3,0,2,11,13,102,0,102
20214,R,전통시장,3130011,충신시장,191,102,89,15,26,13,27,43,67,7,11,10,15,24,35,8,15,3,12,19,32,98,0,98
20214,R,전통시장,3130012,"동대문종합시장(동대문종합시장 신관, 동대문종합시장D동상가)",2,2,0,0,0,0,0,2,0,0,0,0,0,2,0,0,0,0,0,0,0,2,0,2
20214,R,전통시장,3130013,동대문상가A동,40,18,22,0,3,2,3,5,27,0,3,1,1,3,10,0,0,1,2,2,17,27,0,27
20214,R,전통시장,3130014,동문시장,128,87,41,0,13,13,10,39,53,0,8,11,5,28,35,0,5,2,5,11,18,100,0,100
20214,R,전통시장,3130015,창신골목시장,733,388,345,42,64,55,96,161,315,23,36,36,49,99,145,19,28,19,47,62,170,502,0,502
20214,R,전통시장,3130016,동대문상가B동,51,29,22,2,8,9,4,11,17,0,7,6,1,5,10,2,1,3,3,6,7,28,0,28
20214,R,전통시장,3130017,동대문상가C동,81,51,30,4,9,5,10,13,40,3,8,5,10,7,18,1,1,0,0,6,22,55,0,55
20214,R,전통시장,3130018,동대문문구완구거리(동대문문구완구시장),132,75,57,8,11,19,8,24,62,6,6,10,7,11,35,2,5,9,1,13,27,87,0,87
20214,R,전통시장,3130019,동대문상가D동,50,27,23,2,2,7,11,7,21,1,2,4,6,3,11,1,0,3,5,4,10,33,0,33
20214,R,전통시장,3130020,동묘시장(동묘벼룩시장),413,206,207,5,142,69,42,56,99,1,51,38,25,37,54,4,91,31,17,19,45,349,0,349
20214,R,전통시장,3130021,신설종합시장,8,8,0,0,0,2,0,4,2,0,0,2,0,4,2,0,0,0,0,0,0,7,0,7
20214,R,전통시장,3130024,남대문시장(자유상가),62,37,25,1,4,5,7,15,30,0,3,4,5,11,14,1,1,1,2,4,16,49,0,49
20214,R,전통시장,3130031,청계천공구상가,40,27,13,0,0,3,5,8,24,0,0,3,4,8,12,0,0,0,1,0,12,33,0,33
20214,R,전통시장,3130032,인현시장,161,96,65,9,14,18,18,35,67,6,6,9,13,25,37,3,8,9,5,10,30,94,0,94
20214,R,전통시장,3130033,대림상가(청계상가),131,83,48,2,9,19,10,34,57,1,5,10,7,24,36,1,4,9,3,10,21,87,0,87
20214,R,전통시장,3130034,필동 골목형상점가,7,4,3,0,1,1,1,2,2,0,1,1,0,2,0,0,0,0,1,0,2,6,0,6
20214,R,전통시장,3130035,방산종합시장(방산시장),316,223,93,5,37,41,32,62,139,1,26,28,22,46,100,4,11,13,10,16,39,253,0,253
20214,R,전통시장,3130036,중부시장(신중부시장),378,219,159,9,89,57,41,61,121,6,25,32,30,48,78,3,64,25,11,13,43,326,0,326
20214,R,전통시장,3130038,"평화시장(통일상가, 동화상가)",12,9,3,2,0,3,1,2,4,0,0,3,1,1,4,2,0,0,0,1,0,8,0,8
20214,R,전통시장,3130042,약수시장,477,231,246,51,66,65,59,88,148,24,28,30,28,56,65,27,38,35,31,32,83,256,0,256
20214,R,전통시장,3130046,team204(팀204),1,1,0,0,0,0,0,0,1,0,0,0,0,0,1,0,0,0,0,0,0,1,0,1
20214,R,전통시장,3130047,테크노상가(엘리시움),8,7,1,2,0,1,1,3,1,2,0,0,1,3,1,0,0,1,0,0,0,6,0,6
20214,R,전통시장,3130048,동평화시장,55,26,29,2,8,8,4,12,21,2,5,2,2,5,10,0,3,6,2,7,11,37,0,37
20214,R,전통시장,3130049,신당 미래유산 먹거리 골목형상점가,152,97,55,6,17,20,18,40,51,2,10,12,15,29,29,4,7,8,3,11,22,121,0,121
20214,R,전통시장,3130050,청평화시장,3,2,1,0,0,1,0,1,1,0,0,1,0,1,0,0,0,0,0,0,1,3,0,3
20214,R,전통시장,3130051,동화동 골목형상점가,1456,710,746,184,200,204,222,261,385,85,100,97,119,145,164,99,100,107,103,116,221,683,0,683
20214,R,전통시장,3130052,서울중앙시장(신중앙시장),1317,716,601,82,154,146,142,243,550,48,81,91,80,145,271,34,73,55,62,98,279,787,0,787
20214,R,전통시장,3130053,백학시장,1018,530,488,82,110,99,143,230,354,41,68,60,81,126,154,41,42,39,62,104,200,540,0,540
20214,R,전통시장,3130054,황학동주방가구거리상점가,1199,607,592,74,251,294,132,174,274,31,120,165,71,86,134,43,131,129,61,88,140,771,0,771
20214,R,전통시장,3130055,"황학시장(서울중앙시장, 신중앙시장)",1462,761,701,90,189,224,208,247,504,53,94,112,119,142,241,37,95,112,89,105,263,909,0,909
20214,R,전통시장,3130056,용산용문시장,671,331,340,64,107,98,82,91,229,30,50,57,46,52,96,34,57,41,36,39,133,394,0,394
20214,R,전통시장,3130057,만리시장,31,18,13,2,3,1,2,8,15,1,2,1,1,4,9,1,1,0,1,4,6,17,0,17
20214,R,전통시장,3130058,이촌종합시장,112,59,53,12,15,14,16,24,31,5,9,10,7,11,17,7,6,4,9,13,14,60,0,60
20214,R,전통시장,3130059,후암시장,708,358,350,84,88,92,93,138,213,46,49,52,48,75,88,38,39,40,45,63,125,371,0,371
20214,R,전통시장,3130060,신흥시장,81,41,40,6,9,12,12,12,30,0,7,7,7,8,12,6,2,5,5,4,18,48,0,48
20214,R,전통시장,3130061,이태원시장,67,31,36,6,8,9,6,16,22,4,2,3,4,10,8,2,6,6,2,6,14,34,0,34
20214,R,전통시장,3130062,보광시장,100,48,52,9,11,12,15,14,39,5,7,7,6,8,15,4,4,5,9,6,24,58,0,58
20214,R,전통시장,3130063,신금호역 골목형상점가,422,205,217,43,66,50,72,75,116,19,31,22,35,43,55,24,35,28,37,32,61,240,0,240
20214,R,전통시장,3130064,금남시장,198,102,96,6,18,17,23,43,91,2,11,11,15,24,39,4,7,6,8,19,52,128,0,128
20214,R,전통시장,3130065,무학봉상점가,2688,1354,1334,235,451,334,382,483,803,121,220,197,199,246,371,114,231,137,183,237,432,1592,0,1592
20214,R,전통시장,3130066,행당시장상점가,1912,932,980,136,523,322,220,298,413,72,222,165,121,157,195,64,301,157,99,141,218,1241,0,1241
20214,R,전통시장,3130067,왕십리도선동상점가,3520,1694,1826,313,863,616,447,561,720,167,375,308,242,275,327,146,488,308,205,286,393,2024,0,2024
20214,R,전통시장,3130068,마장축산물시장,1800,920,880,205,258,233,249,326,529,110,125,129,140,171,245,95,133,104,109,155,284,923,0,923
20214,R,전통시장,3130069,"한양대앞상점가(한양시장, 왕십리맛골목)",540,269,271,29,320,84,23,26,58,9,165,46,13,13,23,20,155,38,10,13,35,451,0,451
20214,R,전통시장,3130070,뚝섬역상점가,1411,732,679,92,353,303,187,190,286,41,175,168,95,109,144,51,178,135,92,81,142,920,0,920
20214,R,전통시장,3130071,성수역 골목형상점가,7,5,2,1,0,0,3,3,0,1,0,0,2,2,0,0,0,0,1,1,0,5,0,5
20214,R,전통시장,3130072,성동용답상가시장,4259,2142,2117,442,629,501,631,806,1250,223,318,273,316,425,587,219,311,228,315,381,663,2147,0,2147
20214,R,전통시장,3130073,뚝도시장,519,277,242,37,74,60,70,111,167,20,42,36,42,55,82,17,32,24,28,56,85,300,0,300
20214,R,전통시장,3130074,영동교골목시장,457,234,223,34,51,44,62,103,163,19,21,28,39,53,74,15,30,16,23,50,89,275,0,275
20214,R,전통시장,3130075,노룬산시장(노룬산골목시장),95,40,55,8,10,13,10,15,39,4,4,5,6,9,12,4,6,8,4,6,27,62,0,62
20214,R,전통시장,3130076,능동로골목시장,773,381,392,44,108,98,96,135,292,19,51,53,50,75,133,25,57,45,46,60,159,448,0,448
20214,R,전통시장,3130077,조양시장,76,42,34,3,25,13,10,7,18,3,14,7,4,7,7,0,11,6,6,0,11,54,0,54
20214,R,전통시장,3130078,화양제일골목시장,898,433,465,35,350,198,93,86,136,15,150,109,56,44,59,20,200,89,37,42,77,683,0,683
20214,R,전통시장,3130079,한아름시장,346,139,207,13,166,69,26,34,38,5,57,32,13,15,17,8,109,37,13,19,21,264,0,264
20214,R,전통시장,3130080,자양종합시장(기능상실),58,28,30,13,7,8,12,8,10,5,2,4,8,3,6,8,5,4,4,5,4,19,0,19
20214,R,전통시장,3130081,자양골목전통시장(자양골목시장),1945,925,1020,217,321,322,296,321,468,111,163,167,149,140,195,106,158,155,147,181,273,982,0,982
20214,R,전통시장,3130082,면곡골목시장,228,118,110,16,38,45,15,49,65,5,22,24,7,24,36,11,16,21,8,25,29,118,0,118
20214,R,전통시장,3130083,"중곡제일시장(중곡제일골목시장, 광성시장)",826,421,405,92,126,131,116,156,205,42,67,84,56,74,98,50,59,47,60,82,107,392,0,392
20214,R,전통시장,3130084,신성시장(신성골목시장),210,99,111,16,33,34,32,38,57,11,15,18,14,17,24,5,18,16,18,21,33,111,0,111
20214,R,전통시장,3130085,용두시장,25,16,9,1,1,1,7,5,10,0,1,0,5,4,6,1,0,1,2,1,4,18,0,18
20214,R,전통시장,3130086,서울약령시장,2184,1194,990,115,285,278,298,342,866,64,145,181,174,194,436,51,140,97,124,148,430,1493,0,1493
20214,R,전통시장,3130087,경동광성상가(경동시장),73,32,41,3,7,4,7,7,45,2,5,2,4,4,15,1,2,2,3,3,30,50,0,50
20214,R,전통시장,3130088,경동시장,4,3,1,0,0,0,1,0,3,0,0,0,1,0,2,0,0,0,0,0,1,3,0,3
20214,R,전통시장,3130089,청량리수산시장,358,190,168,24,30,35,55,49,165,11,19,19,33,26,82,13,11,16,22,23,83,222,0,222
20214,R,전통시장,3130090,청량리종합시장,105,63,42,1,8,13,7,20,56,1,5,7,5,15,30,0,3,6,2,5,26,61,0,61
20214,R,전통시장,3130091,청량종합도매시장,688,339,349,35,114,94,69,103,273,14,66,50,32,63,114,21,48,44,37,40,159,412,0,412
20214,R,전통시장,3130092,청량리농수산물시장,398,219,179,32,41,38,33,67,187,24,21,22,21,35,96,8,20,16,12,32,91,229,0,229
20214,R,전통시장,3130093,동서시장,3,3,0,0,0,0,0,2,1,0,0,0,0,2,1,0,0,0,0,0,0,3,0,3
20214,R,전통시장,3130094,청량리청과물시장,65,45,20,4,4,7,7,15,28,2,1,5,6,11,20,2,3,2,1,4,8,48,0,48
20214,R,전통시장,3130095,청량리전통시장,416,274,142,4,25,30,43,83,231,3,15,16,31,67,142,1,10,14,12,16,89,348,0,348
20214,R,전통시장,3130097,답십리 건축자재시장,1527,763,764,140,224,169,192,289,513,69,125,93,94,142,240,71,99,76,98,147,273,816,0,816
20214,R,전통시장,3130098,회기시장,1239,541,698,67,561,186,112,92,221,30,221,97,60,39,94,37,340,89,52,53,127,958,0,958
20214,R,전통시장,3130099,전농로터리시장,86,52,34,4,7,6,15,21,33,2,5,5,10,13,17,2,2,1,5,8,16,54,0,54
20214,R,전통시장,3130100,답십리시장,430,213,217,47,60,58,73,64,128,17,33,33,37,34,59,30,27,25,36,30,69,210,0,210
20214,R,전통시장,3130101,답십리현대시장,272,141,131,19,36,32,33,51,101,10,19,19,20,26,47,9,17,13,13,25,54,164,0,164
20214,R,전통시장,3130102,이문제일시장,76,32,44,9,16,5,10,19,17,2,6,2,4,11,7,7,10,3,6,8,10,34,0,34
20214,R,전통시장,3130103,이경시장,236,133,103,15,26,19,31,43,102,9,17,12,18,27,50,6,9,7,13,16,52,135,0,135
20214,R,전통시장,3130104,전곡시장,595,300,295,69,64,61,103,103,195,37,34,35,56,54,84,32,30,26,47,49,111,312,0,312
20214,R,전통시장,3130105,장미제일시장(중화동제일시장),1097,544,553,107,190,145,152,213,290,60,96,78,79,108,123,47,94,67,73,105,167,570,0,570
20214,R,전통시장,3130106,중랑동부시장,1323,696,627,115,247,198,201,244,318,60,120,107,111,141,157,55,127,91,90,103,161,812,0,812
20214,R,전통시장,3130107,중랑동부시장(중랑교종합상가),175,87,88,5,29,47,31,19,44,3,13,28,16,6,21,2,16,19,15,13,23,117,0,117
20214,R,전통시장,3130108,태능엔터피아(태릉시장),316,162,154,44,40,44,41,56,91,22,26,24,18,29,43,22,14,20,23,27,48,118,0,118
20214,R,전통시장,3130109,묵1동도깨비시장,852,432,420,102,135,120,135,135,225,52,75,57,74,66,108,50,60,63,61,69,117,383,0,383
20214,R,전통시장,3130110,면목골목시장(면목시장),1569,823,746,165,223,213,249,278,441,90,116,109,143,153,212,75,107,104,106,125,229,865,0,865
20214,R,전통시장,3130111,"동원전통종합시장(동원시장, 동원전통시장 상점가)",1962,976,986,184,247,254,260,380,637,86,126,139,135,198,292,98,121,115,125,182,345,1035,0,1035
20214,R,전통시장,3130112,사가정시장,2061,1003,1058,140,330,314,261,376,640,69,159,177,134,173,291,71,171,137,127,203,349,1132,0,1132
20214,R,전통시장,3130113,신아타운,163,81,82,21,18,24,26,42,32,11,7,10,10,27,16,10,11,14,16,15,16,119,0,119
20214,R,전통시장,3130114,유영시장,105,55,50,14,13,10,19,23,26,7,7,6,10,12,13,7,6,4,9,11,13,45,0,45
20214,R,전통시장,3130115,우림골목시장,2222,1131,1091,167,354,345,272,384,700,82,167,194,162,198,328,85,187,151,110,186,372,1274,0,1274
20214,R,전통시장,3130116,동성타워프라자,249,124,125,31,34,37,22,49,76,16,17,25,12,19,35,15,17,12,10,30,41,98,0,98
20214,R,전통시장,3130117,정릉시장,945,458,487,96,180,111,106,129,323,50,82,62,61,61,142,46,98,49,45,68,181,516,0,516
20214,R,전통시장,3130118,정릉골 골목형상점가,605,304,301,76,107,75,94,98,155,40,47,37,59,51,70,36,60,38,35,47,85,274,0,274
20214,R,전통시장,3130119,정릉아리랑시장,480,214,266,42,71,66,58,79,164,16,30,39,30,33,66,26,41,27,28,46,98,229,0,229
20214,R,전통시장,3130120,돈암시장(돈암제일시장),219,83,136,15,27,43,16,21,97,6,6,21,6,10,34,9,21,22,10,11,63,130,0,130
20214,R,전통시장,3130121,길음시장,31,26,5,1,2,3,4,11,10,0,2,2,4,9,9,1,0,1,0,2,1,29,0,29
20214,R,전통시장,3130122,밤나무골시장,229,108,121,25,17,29,33,41,84,14,6,19,15,19,35,11,11,10,18,22,49,120,0,120
20214,R,전통시장,3130123,꿈의숲 장곡 골목형상점가,331,161,170,47,36,36,51,62,99,24,21,16,20,37,43,23,15,20,31,25,56,142,0,142
20214,R,전통시장,3130124,번동시장,16,8,8,5,0,1,3,1,6,3,0,0,1,0,4,2,0,1,2,1,2,8,0,8
20214,R,전통시장,3130125,장위전통시장,839,407,432,87,95,93,116,146,302,42,53,45,69,69,129,45,42,48,47,77,173,397,0,397
20214,R,전통시장,3130126,새석관시장,55,27,28,1,10,4,6,12,22,1,4,2,5,7,8,0,6,2,1,5,14,34,0,34
20214,R,전통시장,3130127,석관시장,150,82,68,10,24,12,16,35,53,8,14,7,10,21,22,2,10,5,6,14,31,87,0,87
20214,R,전통시장,3130128,돌곶이시장(석관황금시장),1776,918,858,162,221,198,256,325,614,76,122,115,140,180,285,86,99,83,116,145,329,924,0,924
20214,R,전통시장,3130129,장미원골목시장,1471,728,743,200,207,230,201,243,390,103,103,129,108,120,165,97,104,101,93,123,225,662,0,662
20214,R,전통시장,3130130,수유북부골목시장,54,29,25,0,9,2,5,9,29,0,7,0,3,6,13,0,2,2,2,3,16,30,0,30
20214,R,전통시장,3130131,동북프라자,25,15,10,1,1,3,2,3,15,1,1,3,1,2,7,0,0,0,1,1,8,16,0,16
20214,R,전통시장,3130132,삼양골목시장(삼양시장),633,315,318,58,83,69,76,121,226,29,35,40,41,60,110,29,48,29,35,61,116,351,0,351
20214,R,전통시장,3130133,우이골목시장(우이시장),1598,794,804,209,219,162,246,295,467,108,118,93,124,145,206,101,101,69,122,150,261,734,0,734
20214,R,전통시장,3130134,"솔샘시장(미아6,7동골목시장)",137,67,70,11,11,18,16,20,61,3,6,13,8,8,29,8,5,5,8,12,32,78,0,78
20214,R,전통시장,3130135,수유중앙골목시장(수유중앙시장),921,464,457,94,123,116,125,191,272,48,60,59,71,96,130,46,63,57,54,95,142,457,0,457
20214,R,전통시장,3130136,수유재래시장,543,277,266,59,93,92,60,79,160,33,44,52,38,38,72,26,49,40,22,41,88,220,0,220
20214,R,전통시장,3130137,"수유전통시장(수유시장, 수유골목시장)",529,269,260,40,85,51,68,108,177,24,50,28,37,50,80,16,35,23,31,58,97,299,0,299
20214,R,전통시장,3130138,수유프라자,210,97,113,20,26,24,19,46,75,8,13,12,9,20,35,12,13,12,10,26,40,87,0,87
20214,R,전통시장,3130139,강북종합전통시장(강북종합골목시장),2207,1123,1084,146,453,329,289,376,614,76,219,199,160,183,286,70,234,130,129,193,328,1343,0,1343
20214,R,전통시장,3130140,숭인시장,227,119,108,12,34,26,35,50,70,4,17,10,20,34,34,8,17,16,15,16,36,140,0,140
20214,R,전통시장,3130141,강북북부골목시장,1076,537,539,124,182,157,201,148,264,68,84,87,108,80,110,56,98,70,93,68,154,526,0,526
20214,R,전통시장,3130143,방천골목시장,592,294,298,40,109,78,77,102,186,26,51,43,41,50,83,14,58,35,36,52,103,389,0,389
20214,R,전통시장,3130144,백운시장,453,219,234,46,65,56,69,66,151,25,26,30,32,35,71,21,39,26,37,31,80,210,0,210
20214,R,전통시장,3130145,쌍문역둘리상점가,933,450,483,95,199,174,125,134,206,51,89,91,63,60,96,44,110,83,62,74,110,473,0,473
20214,R,전통시장,3130146,쌍문시장(쌍문역골목시장),3436,1690,1746,256,626,475,519,581,979,123,302,249,275,285,456,133,324,226,244,296,523,1953,0,1953
20214,R,전통시장,3130147,쌍문역동측상점가,825,395,430,73,129,131,113,118,261,36,59,67,55,62,116,37,70,64,58,56,145,473,0,473
20214,R,전통시장,3130148,방학동도깨비시장,1109,569,540,116,156,111,143,215,368,64,93,69,72,107,164,52,63,42,71,108,204,528,0,528
20214,R,전통시장,3130149,창동신창시장,2299,1126,1173,286,339,298,344,446,586,142,176,143,191,210,264,144,163,155,153,236,322,987,0,987
20214,R,전통시장,3130150,창동골목시장,1210,591,619,128,138,138,177,214,415,69,70,73,89,106,184,59,68,65,88,108,231,632,0,632
20214,R,전통시장,3130151,신도봉시장,162,79,83,7,24,18,22,30,61,2,11,12,11,17,26,5,13,6,11,13,35,80,0,80
20214,R,전통시장,3130152,오!도봉거리 상점가,734,404,330,68,84,98,108,127,249,36,42,54,68,72,132,32,42,44,40,55,117,411,0,411
20214,R,전통시장,3130153,창동역상점가,174,141,33,5,28,22,30,45,44,2,14,20,26,41,38,3,14,2,4,4,6,159,0,159
20214,R,전통시장,3130154,상계주공1단지(가)상가,68,34,34,8,12,7,6,15,20,5,7,2,4,6,10,3,5,5,2,9,10,24,0,24
20214,R,전통시장,3130155,시영B상가(중계 그린아파트 B 상가),1,1,0,0,0,0,0,1,0,0,0,0,0,1,0,0,0,0,0,0,0,1,0,1
20214,R,전통시장,3130156,시영2단지 무지개종합상가(중계 무지개2단지아파트상가),413,181,232,56,52,89,69,48,99,29,28,39,31,19,35,27,24,50,38,29,64,209,0,209
20214,R,전통시장,3130157,상계중앙시장,1751,893,858,160,240,181,265,340,565,92,118,111,147,171,254,68,122,70,118,169,311,945,0,945
20214,R,전통시장,3130158,상계역전종합상가,1007,420,587,127,135,161,168,146,270,57,60,76,76,62,89,70,75,85,92,84,181,469,0,469
20214,R,전통시장,3130159,공릉동 도깨비시장,1767,893,874,182,342,294,211,274,464,86,165,154,120,135,233,96,177,140,91,139,231,916,0,916
20214,R,전통시장,3130160,수일시장,97,46,51,4,8,9,6,13,57,2,3,8,3,6,24,2,5,1,3,7,33,61,0,61
20214,R,전통시장,3130161,증산종합시장,148,59,89,21,18,19,21,21,48,12,4,8,11,7,17,9,14,11,10,14,31,71,0,71
20214,R,전통시장,3130162,증산골목시장,140,84,56,10,11,12,19,31,57,6,7,10,10,23,28,4,4,2,9,8,29,96,0,96
20214,R,전통시장,3130163,응암오거리상점가,1526,724,802,131,256,237,225,251,426,63,117,113,110,125,196,68,139,124,115,126,230,846,0,846
20214,R,전통시장,3130164,역촌중앙시장,84,39,45,1,14,11,14,16,28,0,6,5,9,8,11,1,8,6,5,8,17,56,0,56
20214,R,전통시장,3130165,"대림골목시장(대림시장, 양지시장)",489,243,246,58,54,50,65,96,166,30,32,30,34,53,64,28,22,20,31,43,102,257,0,257
20214,R,전통시장,3130166,응암시장(신응암시장),201,99,102,35,21,25,35,27,58,16,12,13,17,15,26,19,9,12,18,12,32,81,0,81
20214,R,전통시장,3130167,연신내상점가(연빛거리),1504,739,765,125,326,242,202,227,382,57,152,112,110,124,184,68,174,130,92,103,198,923,0,923
20214,R,전통시장,3130168,연서시장,306,158,148,22,30,28,31,64,131,12,11,15,15,35,70,10,19,13,16,29,61,167,0,167
20214,R,전통시장,3130169,대조시장,1849,850,999,124,314,298,281,243,589,56,144,154,139,121,236,68,170,144,142,122,353,1100,0,1100
20214,R,전통시장,3130170,제일시장,83,41,42,6,9,18,15,12,23,3,4,8,8,6,12,3,5,10,7,6,11,45,0,45
20214,R,전통시장,3130171,불광먹자골목 골목형상점가,1194,527,667,66,310,267,162,153,236,28,130,124,80,71,94,38,180,143,82,82,142,809,0,809
20214,R,전통시장,3130172,모래내시장(서중시장),81,54,27,1,2,9,11,18,40,1,1,8,8,14,22,0,1,1,3,4,18,59,0,59
20214,R,전통시장,3130173,백련시장,137,60,77,6,16,20,16,24,55,3,7,9,7,10,24,3,9,11,9,14,31,71,0,71
20214,R,전통시장,3130175,신촌 상인회(신촌상점가),3,1,2,0,3,0,0,0,0,0,1,0,0,0,0,0,2,0,0,0,0,3,0,3
20214,R,전통시장,3130176,유진상가,286,132,154,28,41,32,28,53,104,12,18,20,14,21,47,16,23,12,14,32,57,107,0,107
20214,R,전통시장,3130177,인왕시장(홍제골목형상점가),262,126,136,18,33,25,33,61,92,11,14,13,17,34,37,7,19,12,16,27,55,152,0,152
20214,R,전통시장,3130178,이대 앞 스타트업 상점가,48,15,33,2,18,5,7,4,12,1,2,3,2,2,5,1,16,2,5,2,7,35,0,35
20214,R,전통시장,3130179,"이화여대 3,5,7길 상점가",1402,317,1085,48,958,181,61,72,82,14,165,53,23,32,30,34,793,128,38,40,52,1238,0,1238
20214,R,전통시장,3130180,포방터시장,593,295,298,62,69,78,70,100,214,33,35,45,34,53,95,29,34,33,36,47,119,310,0,310
20214,R,전통시장,3130181,아현가구거리상점가,647,357,290,36,97,82,86,146,200,23,54,52,50,86,92,13,43,30,36,60,108,399,0,399
20214,R,전통시장,3130182,영천시장,446,233,213,28,64,53,56,80,165,16,34,33,38,46,66,12,30,20,18,34,99,294,0,294
20214,R,전통시장,3130183,상암동상점가,2863,1430,1433,294,611,569,416,361,612,146,287,304,219,200,274,148,324,265,197,161,338,1679,0,1679
20214,R,전통시장,3130185,망원월드컵시장,874,381,493,114,170,137,132,116,205,55,60,68,63,57,78,59,110,69,69,59,127,452,0,452
20214,R,전통시장,3130186,망원시장,1943,900,1043,191,282,329,315,288,538,99,133,158,146,140,224,92,149,171,169,148,314,1068,0,1068
20214,R,전통시장,3130187,영진시장,271,119,152,34,37,52,40,42,66,18,14,18,22,22,25,16,23,34,18,20,41,134,0,134
20214,R,전통시장,3130188,합정시장,71,30,41,3,17,18,9,6,18,1,8,8,5,2,6,2,9,10,4,4,12,37,0,37
20214,R,전통시장,3130189,서교시장,23,15,8,1,3,9,1,1,8,1,3,5,1,1,4,0,0,4,0,0,4,21,0,21
20214,R,전통시장,3130190,홍대소상공인상점가,339,183,156,15,137,58,41,30,58,9,75,35,24,17,23,6,62,23,17,13,35,258,0,258
20214,R,전통시장,3130191,홍대 걷고싶은 거리,497,240,257,30,127,104,51,53,132,13,57,59,29,26,56,17,70,45,22,27,76,328,0,328
20214,R,전통시장,3130192,동진시장,35,18,17,2,9,7,3,3,11,1,6,2,2,2,5,1,3,5,1,1,6,18,0,18
20214,R,전통시장,3130193,신수시장,64,27,37,5,8,17,8,7,19,2,4,6,4,5,6,3,4,11,4,2,13,40,0,40
20214,R,전통시장,3130194,용강동 상점가,756,389,367,144,91,112,171,102,136,67,53,58,89,55,67,77,38,54,82,47,69,358,0,358
20214,R,전통시장,3130195,도화동 상점가,2517,1170,1347,231,442,469,349,375,651,128,186,220,179,187,270,103,256,249,170,188,381,1475,0,1475
20214,R,전통시장,3130196,공덕시장,12,7,5,0,1,3,1,2,5,0,1,1,1,1,3,0,0,2,0,1,2,5,0,5
20214,R,전통시장,3130197,마포시장,61,52,9,0,1,5,4,27,24,0,0,5,4,24,19,0,1,0,0,3,5,59,0,59
20214,R,전통시장,3130198,아현시장,675,320,355,58,111,85,99,88,234,35,49,47,55,43,91,23,62,38,44,45,143,404,0,404
20214,R,전통시장,3130199,신월3동 골목시장,828,466,362,73,78,72,108,181,316,36,40,45,65,112,168,37,38,27,43,69,148,497,0,497
20214,R,전통시장,3130200,"신월7동 골목시장(약수시장, 우성상가)",264,130,134,32,39,24,40,50,79,14,18,12,25,25,36,18,21,12,15,25,43,110,0,110
20214,R,전통시장,3130201,월정로시장,1426,754,672,141,166,179,202,275,463,79,89,98,110,148,230,62,77,81,92,127,233,756,0,756
20214,R,전통시장,3130202,신영시장,1178,576,602,147,155,121,197,204,354,64,85,69,92,110,156,83,70,52,105,94,198,582,0,582
20214,R,전통시장,3130203,서서울 골목형상점가,565,277,288,47,53,70,82,117,196,25,28,40,40,60,84,22,25,30,42,57,112,345,0,345
20214,R,전통시장,3130204,경창시장,815,396,419,141,80,104,138,129,223,68,43,52,70,67,96,73,37,52,68,62,127,322,0,322
20214,R,전통시장,3130205,신곡종합시장(신월6동 골목시장),129,72,57,11,14,9,22,23,50,8,8,8,10,15,23,3,6,1,12,8,27,72,0,72
20214,R,전통시장,3130206,신정3동 골목시장,47,27,20,3,3,8,4,12,17,3,1,4,2,7,10,0,2,4,2,5,7,30,0,30
20214,R,전통시장,3130207,신정1동 골목시장(신정제일시장),191,95,96,27,15,32,20,27,70,12,6,16,11,15,35,15,9,16,9,12,35,106,0,106
20214,R,전통시장,3130208,목동깨비시장(목3동시장),1237,608,629,147,197,259,185,169,280,75,87,130,98,85,133,72,110,129,87,84,147,643,0,643
20214,R,전통시장,3130209,목사랑시장(목4동시장),1630,815,815,254,265,170,240,303,398,150,146,85,110,137,187,104,119,85,130,166,211,645,0,645
20214,R,전통시장,3130210,목2동시장,1293,593,700,80,247,273,141,182,370,34,85,138,67,103,166,46,162,135,74,79,204,841,0,841
20214,R,전통시장,3130211,신정2동 골목시장(오목교중앙시장),786,397,389,86,104,89,123,151,233,46,63,53,65,73,97,40,41,36,58,78,136,369,0,369
20214,R,전통시장,3130212,공항시장,375,188,187,10,117,109,33,37,69,7,36,68,19,22,36,3,81,41,14,15,33,307,0,307
20214,R,전통시장,3130213,방신전통시장,455,225,230,62,62,57,62,75,137,34,32,30,35,33,61,28,30,27,27,42,76,194,0,194
20214,R,전통시장,3130214,송화벽화시장(송화골목시장),657,320,337,108,111,111,108,102,117,50,52,61,47,53,57,58,59,50,61,49,60,320,0,320
20214,R,전통시장,3130216,화곡중앙시장,969,471,498,130,129,188,148,146,228,55,58,102,73,69,114,75,71,86,75,77,114,455,0,455
20214,R,전통시장,3130217,화곡본동시장,340,151,189,36,58,60,53,39,94,16,23,28,28,17,39,20,35,32,25,22,55,179,0,179
20214,R,전통시장,3130218,신월중앙시장,76,43,33,9,14,13,16,10,14,5,7,10,8,7,6,4,7,3,8,3,8,45,0,45
20214,R,전통시장,3130219,까치산시장,963,447,516,95,150,167,156,134,261,46,62,81,79,64,115,49,88,86,77,70,146,512,0,512
20214,R,전통시장,3130220,등마루시장,590,223,367,16,33,22,20,46,453,10,12,11,7,20,163,6,21,11,13,26,290,393,0,393
20214,R,전통시장,3130221,"남부골목시장(남부화곡시장, 남부시장)",2003,957,1046,210,254,286,300,331,622,112,138,139,150,158,260,98,116,147,150,173,362,951,0,951
20214,R,전통시장,3130222,오류시장,167,85,82,9,24,13,22,34,65,5,11,7,16,22,24,4,13,6,6,12,41,109,0,109
20214,R,전통시장,3130223,고척근린시장,559,272,287,50,83,57,80,95,194,24,36,32,46,43,91,26,47,25,34,52,103,313,0,313
20214,R,전통시장,3130224,개봉프라자(고척근린시장),145,70,75,24,8,25,23,19,46,12,5,14,12,9,18,12,3,11,11,10,28,61,0,61
20214,R,전통시장,3130225,개봉중앙시장,3033,1478,1555,300,462,403,443,540,885,166,235,215,236,249,377,134,227,188,207,291,508,1332,0,1332
20214,R,전통시장,3130226,고척프라자,26,13,13,0,2,2,2,5,15,0,1,2,1,1,8,0,1,0,1,4,7,19,0,19
20214,R,전통시장,3130227,고척골목시장상점가(그라운드 고척),271,135,136,13,43,32,30,44,109,4,28,19,15,26,43,9,15,13,15,18,66,160,0,160
20214,R,전통시장,3130228,구로시장,233,121,112,17,25,12,27,56,96,7,14,5,15,34,46,10,11,7,12,22,50,135,0,135
20214,R,전통시장,3130229,남구로시장,636,375,261,60,37,72,92,145,230,29,19,47,56,102,122,31,18,25,36,43,108,402,0,402
20214,R,전통시장,3130230,가리봉시장,152,80,72,10,20,16,13,34,59,5,10,10,2,23,30,5,10,6,11,11,29,103,0,103
20214,R,전통시장,3130231,독산동 우시장,1549,806,743,204,301,540,191,164,149,107,123,307,110,85,74,97,178,233,81,79,75,881,0,881
20214,R,전통시장,3130232,독산동 맛나는거리상점가(독산동 맛나는거리),818,428,390,68,120,105,95,160,270,36,62,57,49,91,133,32,58,48,46,69,137,470,0,470
20214,R,전통시장,3130233,남문시장,1479,736,743,147,190,139,191,339,473,82,92,72,91,167,232,65,98,67,100,172,241,781,0,781
20214,R,전통시장,3130234,푸른터시장(기능상실),228,117,111,22,30,52,32,43,49,14,13,27,16,25,22,8,17,25,16,18,27,127,0,127
20214,R,전통시장,3130235,대명여울빛거리시장(대명시장),1058,544,514,23,144,167,156,174,394,13,69,93,87,94,188,10,75,74,69,80,206,843,0,843
20214,R,전통시장,3130236,비단길현대시장(현대시장),2057,1005,1052,167,304,218,257,393,718,78,159,119,138,192,319,89,145,99,119,201,399,1174,0,1174
20214,R,전통시장,3130237,박미시장(기능상실),282,144,138,15,28,30,52,49,108,10,18,11,26,27,52,5,10,19,26,22,56,174,0,174
20214,R,전통시장,3130238,은행나무시장,1183,579,604,130,174,160,188,189,342,57,85,88,100,105,144,73,89,72,88,84,198,592,0,592
20214,R,전통시장,3130240,영등포유통상가,50,40,10,0,1,5,8,13,23,0,1,4,6,12,17,0,0,1,2,1,6,47,0,47
20214,R,전통시장,3130241,선유도역 골목형상점가,1456,749,707,163,209,322,216,212,334,91,100,169,119,116,154,72,109,153,97,96,180,777,0,777
20214,R,전통시장,3130242,대림중앙 골목형상점가,432,202,230,30,46,36,53,90,177,15,24,16,26,43,78,15,22,20,27,47,99,228,0,228
20214,R,전통시장,3130243,도림시장,74,36,38,7,18,23,5,6,15,4,8,13,3,3,5,3,10,10,2,3,10,52,0,52
20214,R,전통시장,3130244,대림중앙시장,982,475,507,82,110,94,131,186,379,46,64,51,70,85,159,36,46,43,61,101,220,533,0,533
20214,R,전통시장,3130245,영일시장,178,121,57,2,10,17,20,45,84,1,4,15,14,38,49,1,6,2,6,7,35,138,0,138
20214,R,전통시장,3130246,영등포청과시장(조광시장),1705,934,771,83,333,407,199,252,431,41,161,241,119,156,216,42,172,166,80,96,215,1118,0,1118
20214,R,전통시장,3130247,우리시장,368,189,179,38,51,42,49,62,126,22,30,25,22,30,60,16,21,17,27,32,66,182,0,182
20214,R,전통시장,3130248,영등포역지하도상점가,46,28,18,4,3,6,5,9,19,2,3,4,0,8,11,2,0,2,5,1,8,33,0,33
20214,R,전통시장,3130249,동남상가,150,73,77,15,9,11,26,28,61,10,4,8,14,14,23,5,5,3,12,14,38,69,0,69
20214,R,전통시장,3130250,삼구시장(로타리상가),8,6,2,0,0,0,0,2,6,0,0,0,0,1,5,0,0,0,0,1,1,7,0,7
20214,R,전통시장,3130253,영신상가(제일상가),45,39,6,0,3,1,4,10,27,0,1,1,4,9,24,0,2,0,0,1,3,42,0,42
20214,R,전통시장,3130254,남서울상가,2,2,0,0,0,0,0,0,2,0,0,0,0,0,2,0,0,0,0,0,0,2,0,2
20214,R,전통시장,3130255,영등포전통시장,1053,661,392,41,135,142,115,207,413,27,73,97,78,157,229,14,62,45,37,50,184,757,0,757
20214,R,전통시장,3130256,신동시장,44,20,24,4,2,3,7,11,17,3,2,2,1,6,6,1,0,1,6,5,11,25,0,25
20214,R,전통시장,3130257,영등포시장기계공구상가,591,339,252,26,189,148,58,69,101,8,87,90,43,49,62,18,102,58,15,20,39,473,0,473
20214,R,전통시장,3130258,영진시장A동,101,47,54,11,16,10,11,24,29,4,9,4,5,10,15,7,7,6,6,14,14,47,0,47
20214,R,전통시장,3130259,대신시장,213,98,115,23,25,22,30,37,76,10,13,9,12,20,34,13,12,13,18,17,42,82,0,82
20214,R,전통시장,3130260,신대방1동골목상권,505,245,260,44,74,54,69,83,181,25,30,28,32,39,91,19,44,26,37,44,90,303,0,303
20214,R,전통시장,3130261,성대전통시장(성대시장),1954,903,1051,165,343,328,283,297,538,75,137,160,138,153,240,90,206,168,145,144,298,1222,0,1222
20214,R,전통시장,3130262,상도도깨비 골목형상점가,888,440,448,83,130,146,139,138,252,51,62,82,71,69,105,32,68,64,68,69,147,488,0,488
20214,R,전통시장,3130263,신노량진시장(기능상실),228,118,110,15,31,29,33,39,81,7,15,21,19,20,36,8,16,8,14,19,45,132,0,132
20214,R,전통시장,3130264,상도약수골목형상점가,522,244,278,60,106,99,69,82,106,29,48,45,36,38,48,31,58,54,33,44,58,260,0,260
20214,R,전통시장,3130265,노량진중앙시장,115,60,55,3,47,32,7,6,20,1,25,20,1,4,9,2,22,12,6,2,11,97,0,97
20214,R,전통시장,3130266,만양로상점가,66,44,22,3,18,19,8,7,11,1,11,14,8,6,4,2,7,5,0,1,7,53,0,53
20214,R,전통시장,3130267,본동인정시장(기능상실),280,157,123,9,43,41,40,55,92,3,30,23,30,30,41,6,13,18,10,25,51,184,0,184
20214,R,전통시장,3130268,상도전통시장,1587,765,822,119,342,214,205,222,485,65,172,120,98,116,194,54,170,94,107,106,291,975,0,975
20214,R,전통시장,3130269,강남시장(동작구 강남시장),97,42,55,7,14,16,8,18,34,5,3,8,5,6,15,2,11,8,3,12,19,57,0,57
20214,R,전통시장,3130270,흑석시장,50,22,28,5,6,7,7,6,19,3,2,5,6,2,4,2,4,2,1,4,15,32,0,32
20214,R,전통시장,3130271,남성역골목시장,550,241,309,33,114,83,73,66,181,15,43,45,34,30,74,18,71,38,39,36,107,325,0,325
20214,R,전통시장,3130272,사당시장,10,7,3,0,2,1,1,3,3,0,2,1,1,1,2,0,0,0,0,2,1,5,0,5
20214,R,전통시장,3130273,남성사계시장(남성시장),721,365,356,36,138,118,113,100,216,27,62,58,64,55,99,9,76,60,49,45,117,463,0,463
20214,R,전통시장,3130274,사당1동먹자골목상점가(사당1동먹자골목),774,374,400,32,213,160,82,96,191,12,92,84,47,50,89,20,121,76,35,46,102,544,0,544
20214,R,전통시장,3130275,강남골목시장,387,188,199,30,84,72,42,57,102,9,41,38,23,30,47,21,43,34,19,27,55,247,0,247
20214,R,전통시장,3130276,신림중앙시장(조원동 펭귄시장),66,42,24,5,22,13,7,9,10,2,10,11,5,8,6,3,12,2,2,1,4,56,0,56
20214,R,전통시장,3130277,조원동 펭귄시장(신림중앙시장),1363,701,662,123,325,264,178,176,297,60,159,156,103,90,133,63,166,108,75,86,164,832,0,832
20214,R,전통시장,3130278,미성동 도깨비시장 골목형상점가,777,361,416,63,117,79,104,135,279,34,53,37,58,61,118,29,64,42,46,74,161,407,0,407
20214,R,전통시장,3130279,관악신사시장,2181,1078,1103,158,486,347,292,349,549,88,219,194,153,177,247,70,267,153,139,172,302,1355,0,1355
20214,R,전통시장,3130280,신림종합시장,250,138,112,13,86,54,25,29,43,9,47,36,16,11,19,4,39,18,9,18,24,191,0,191
20214,R,전통시장,3130281,우림시장,83,37,46,15,4,18,15,9,22,4,3,8,8,5,9,11,1,10,7,4,13,35,0,35
20214,R,전통시장,3130282,난곡 골목형상점가,336,165,171,42,41,64,35,44,110,19,23,35,21,22,45,23,18,29,14,22,65,166,0,166
20214,R,전통시장,3130283,신원시장,439,254,185,18,109,75,39,80,118,12,53,51,27,49,62,6,56,24,12,31,56,300,0,300
20214,R,전통시장,3130284,관악종합시장(신원시장),13,10,3,0,1,3,2,3,4,0,1,2,2,2,3,0,0,1,0,1,1,11,0,11
20214,R,전통시장,3130285,서원동상점가,865,400,465,16,418,242,71,64,54,9,158,132,40,30,31,7,260,110,31,34,23,751,0,751
20214,R,전통시장,3130286,신신림시장(삼성동시장),30,15,15,0,2,1,2,9,16,0,1,0,2,7,5,0,1,1,0,2,11,21,0,21
20214,R,전통시장,3130287,삼성동 시장(삼성동시장),162,101,61,8,18,18,17,21,80,5,14,13,11,11,47,3,4,5,6,10,33,117,0,117
20214,R,전통시장,3130288,신림현대종합상가,19,7,12,2,3,4,1,4,5,0,1,1,0,2,3,2,2,3,1,2,2,10,0,10
20214,R,전통시장,3130290,영림시장,2084,929,1155,122,670,307,198,248,539,58,247,162,102,137,223,64,423,145,96,111,316,1468,0,1468
20214,R,전통시장,3130291,봉천제일종합시장,168,83,85,1,65,20,11,34,37,0,21,14,4,23,21,1,44,6,7,11,16,151,0,151
20214,R,전통시장,3130292,봉천현대시장,11,4,7,0,4,0,1,3,3,0,2,0,0,2,0,0,2,0,1,1,3,5,0,5
20214,R,전통시장,3130293,봉천중앙시장,421,212,209,14,186,121,30,38,32,6,83,68,16,22,17,8,103,53,14,16,15,322,0,322
20214,R,전통시장,3130294,관악중부시장,588,280,308,32,155,132,78,48,143,14,65,72,41,25,63,18,90,60,37,23,80,409,0,409
20214,R,전통시장,3130295,인헌시장(원당종합시장),1385,693,692,76,308,292,172,178,359,41,149,145,83,112,163,35,159,147,89,66,196,951,0,951
20214,R,전통시장,3130296,남부종합시장,197,93,104,42,20,26,39,26,44,20,12,11,16,14,20,22,8,15,23,12,24,79,0,79
20214,R,전통시장,3130301,양재시장,201,100,101,11,49,55,22,29,35,6,25,30,9,15,15,5,24,25,13,14,20,132,0,132
20214,R,전통시장,3130302,강남시장(강남구 강남시장),272,117,155,37,24,54,52,28,77,19,11,22,23,12,30,18,13,32,29,16,47,109,0,109
20214,R,전통시장,3130303,영동전통시장,1142,546,596,78,215,277,196,161,215,35,99,131,95,88,98,43,116,146,101,73,117,728,0,728
20214,R,전통시장,3130305,논현종합시장,84,38,46,7,7,13,20,6,31,3,2,4,11,4,14,4,5,9,9,2,17,47,0,47
20214,R,전통시장,3130306,강남언주로,408,199,209,19,91,110,69,49,70,6,44,60,38,23,28,13,47,50,31,26,42,274,0,274
20214,R,전통시장,3130307,도곡시장,35,20,15,8,1,4,7,7,8,6,0,2,4,3,5,2,1,2,3,4,3,12,0,12
20214,R,전통시장,3130308,청담삼익시장,6,3,3,0,0,2,1,0,3,0,0,1,0,0,2,0,0,1,1,0,1,4,0,4
20214,R,전통시장,3130309,은마종합상점가,574,289,285,136,90,44,93,135,76,64,54,20,38,72,41,72,36,24,55,63,35,171,0,171
20214,R,전통시장,3130310,강남개포시장,112,63,49,16,15,22,22,16,21,8,6,12,14,9,14,8,9,10,8,7,7,83,0,83
20214,R,전통시장,3130311,새마을시장,2340,1157,1183,182,379,515,320,329,615,87,175,272,178,161,284,95,204,243,142,168,331,1367,0,1367
20214,R,전통시장,3130312,석촌시장,913,446,467,92,130,174,129,150,238,40,61,81,69,80,115,52,69,93,60,70,123,524,0,524
20214,R,전통시장,3130313,방이시장,5350,2547,2803,608,943,1116,758,762,1163,318,429,567,368,346,519,290,514,549,390,416,644,2702,0,2702
20214,R,전통시장,3130314,풍납시장,3970,1962,2008,346,473,483,585,721,1362,178,252,261,293,378,600,168,221,222,292,343,762,2071,0,2071
20214,R,전통시장,3130315,문정동 로데오거리 상점가(문정동 로데오거리),1222,617,605,121,197,180,209,213,302,64,87,104,101,113,148,57,110,76,108,100,154,687,0,687
20214,R,전통시장,3130316,마천시장,97,50,47,7,11,14,11,17,37,4,5,9,8,7,17,3,6,5,3,10,20,58,0,58
20214,R,전통시장,3130317,마천중앙시장,1061,566,495,139,86,132,152,189,363,56,49,82,86,115,178,83,37,50,66,74,185,536,0,536
20214,R,전통시장,3130318,로데오거리상점가,773,343,430,11,242,255,116,92,57,4,73,116,55,63,32,7,169,139,61,29,25,670,0,670
20214,R,전통시장,3130319,성내전통시장,1314,673,641,130,169,197,218,215,385,57,83,106,116,124,187,73,86,91,102,91,198,715,0,715
20214,R,전통시장,3130320,암사종합시장,989,508,481,85,168,197,157,144,238,38,82,105,94,74,115,47,86,92,63,70,123,556,0,556
20214,R,전통시장,3130321,장신구 특화거리 상점가,1443,722,721,239,225,312,234,195,238,116,126,154,120,88,118,123,99,158,114,107,120,664,0,664
20214,R,전통시장,3130322,고분다리전통시장,771,400,371,58,106,85,110,135,277,29,56,48,62,74,131,29,50,37,48,61,146,437,0,437
20214,R,전통시장,3130323,둔촌역전통시장,1515,782,733,152,213,221,231,273,425,93,123,122,122,134,188,59,90,99,109,139,237,718,0,718
20214,R,전통시장,3130324,길동복조리시장,1129,555,574,118,158,129,170,175,379,66,77,73,94,79,166,52,81,56,76,96,213,489,0,489
20214,R,전통시장,3130325,명일전통시장,1895,942,953,341,243,255,312,288,456,170,124,137,142,161,208,171,119,118,170,127,248,697,0,697
20214,R,전통시장,3130326,고덕 골목형상점가,1281,639,642,255,155,407,224,117,123,145,73,204,108,60,49,110,82,203,116,57,74,579,0,579
20214,R,전통시장,3130327,"평화시장(남평화시장, 제일평화시장, 신평화패션타운)",3,0,3,0,1,1,1,0,0,0,0,0,0,0,0,0,1,1,1,0,0,3,0,3
20214,U,관광특구,3001491,이태원 관광특구,5083,2410,2673,326,721,912,761,790,1573,173,346,497,384,376,634,153,375,415,377,414,939,3300,0,3300
20214,U,관광특구,3001492,명동 남대문 북창동 다동 무교동 관광특구,1089,403,686,17,50,107,175,233,507,7,25,56,66,90,159,10,25,51,109,143,348,494,0,494
20214,U,관광특구,3001493,동대문패션타운 관광특구,2636,1264,1372,188,611,611,360,380,486,87,250,290,185,197,255,101,361,321,175,183,231,1704,0,1704
20214,U,관광특구,3001494,종로?청계 관광특구,1795,1196,599,37,199,203,202,394,760,21,121,142,143,285,484,16,78,61,59,109,276,1475,0,1475
20214,U,관광특구,3001495,잠실 관광특구,9817,4317,5500,825,2296,2634,1332,1101,1629,429,830,1144,580,542,792,396,1466,1490,752,559,837,6271,0,6271
20214,U,관광특구,3001496,강남 마이스 관광특구,29,16,13,2,4,2,4,9,8,0,2,1,2,5,6,2,2,1,2,4,2,18,0,18
20221,A,골목상권,3110555,홍익지구대,255,117,138,25,50,53,41,36,50,16,18,22,20,19,22,9,32,31,21,17,28,130,0,130
20221,A,골목상권,3110556,절두산순교성지,969,458,511,71,177,201,140,134,246,31,85,105,71,59,107,40,92,96,69,75,139,540,0,540
20221,A,골목상권,3110557,홍대부속여중고앞,3220,1462,1758,348,580,640,630,438,584,170,255,301,297,194,245,178,325,339,333,244,339,1775,0,1775
20221,A,골목상권,3110558,경성고등학교,8597,4089,4508,941,1502,1610,1376,1226,1942,473,719,805,697,554,841,468,783,805,679,672,1101,4349,0,4349
20221,A,골목상권,3110559,성산중학교,2482,1154,1328,207,503,550,349,325,548,105,230,283,166,148,222,102,273,267,183,177,326,1347,0,1347
20221,A,골목상권,3110560,마포FM,1546,739,807,139,347,293,230,208,329,67,162,139,120,102,149,72,185,154,110,106,180,874,0,874
20221,A,골목상권,3110561,상수역 4번,2175,1036,1139,127,546,510,280,269,443,59,260,258,150,121,188,68,286,252,130,148,255,1379,0,1379
20221,A,골목상권,3110562,연트럴파크(연남동주민센터),2902,1360,1542,293,585,596,470,362,596,161,296,282,217,161,243,132,289,314,253,201,353,1601,0,1601
20221,A,골목상권,3110563,상수역 3번,713,342,371,54,209,150,95,71,134,27,98,74,49,36,58,27,111,76,46,35,76,453,0,453
20221,A,골목상권,3110564,홍대입구역 3번,571,250,321,38,161,125,84,58,105,18,58,66,39,28,41,20,103,59,45,30,64,398,0,398
20221,A,골목상권,3110565,홍익대,1544,779,765,93,628,276,160,170,217,45,341,144,85,78,86,48,287,132,75,92,131,1065,0,1065
20221,A,골목상권,3110566,경의선책거리,1846,859,987,117,493,430,246,223,337,64,209,217,123,101,145,53,284,213,123,122,192,1223,0,1223
20221,A,골목상권,3110567,광흥창역 6번,298,144,154,17,82,62,43,24,70,8,38,25,24,15,34,9,44,37,19,9,36,202,0,202
20221,A,골목상권,3110568,광흥창역 1번,329,175,154,62,56,43,54,51,63,38,30,25,23,31,28,24,26,18,31,20,35,150,0,150
20221,A,골목상권,3110569,홍대땡땡거리,1907,914,993,99,606,377,247,227,351,55,291,184,123,115,146,44,315,193,124,112,205,1348,0,1348
20221,A,골목상권,3110570,KB국민은행 서강지점,501,246,255,68,54,100,96,71,112,31,31,46,48,34,56,37,23,54,48,37,56,255,0,255
20221,A,골목상권,3110571,신수동주민센터,2323,1130,1193,270,350,338,339,381,645,144,177,179,164,193,273,126,173,159,175,188,372,1172,0,1172
20221,A,골목상권,3110572,서강대역 1번,2848,1525,1323,180,953,438,362,333,582,100,562,256,182,181,244,80,391,182,180,152,338,1946,0,1946
20221,A,골목상권,3110573,신촌역 6번,191,93,98,12,62,41,23,15,38,6,31,22,8,10,16,6,31,19,15,5,22,143,0,143
20221,A,골목상권,3110574,서강대학교,174,96,78,14,56,25,31,22,26,6,31,15,19,14,11,8,25,10,12,8,15,107,0,107
20221,A,골목상권,3110575,대흥동주민센터,2613,1296,1317,146,598,379,365,360,765,80,287,220,198,184,327,66,311,159,167,176,438,1876,0,1876
20221,A,골목상권,3110576,대흥역 3번,1118,567,551,144,140,179,170,158,327,74,83,93,93,78,146,70,57,86,77,80,181,592,0,592
20221,A,골목상권,3110577,용강동주민센터,946,441,505,137,107,111,178,163,250,67,51,54,84,79,106,70,56,57,94,84,144,472,0,472
20221,A,골목상권,3110578,대흥역 2번,2721,1346,1375,253,497,343,365,476,787,132,243,191,186,252,342,121,254,152,179,224,445,1618,0,1618
20221,A,골목상권,3110579,마포역 4번,791,415,376,56,155,178,125,106,171,32,81,98,75,56,73,24,74,80,50,50,98,469,0,469
20221,A,골목상권,3110580,양원초등학교,1267,634,633,68,347,195,130,175,352,39,175,105,75,92,148,29,172,90,55,83,204,824,0,824
20221,A,골목상권,3110581,염리초등학교,292,143,149,94,16,44,82,24,32,52,7,18,41,14,11,42,9,26,41,10,21,99,0,99
20221,A,골목상권,3110582,이대역 5번,1393,675,718,71,451,188,153,184,346,31,197,104,79,102,162,40,254,84,74,82,184,1021,0,1021
20221,A,골목상권,3110583,공덕래미안3차아파트,174,80,94,17,47,34,25,13,38,11,14,20,11,9,15,6,33,14,14,4,23,111,0,111
20221,A,골목상권,3110584,아현역 4번,57,25,32,0,13,7,7,8,22,0,6,3,2,4,10,0,7,4,5,4,12,39,0,39
20221,A,골목상권,3110585,마포경찰서,222,104,118,48,21,88,34,15,16,26,5,39,21,5,8,22,16,49,13,10,8,93,0,93
20221,A,골목상권,3110586,서울서부지방법원,1520,734,786,62,354,387,216,210,291,32,130,183,120,130,139,30,224,204,96,80,152,1165,0,1165
20221,A,골목상권,3110587,공덕동주민센터,3405,1419,1986,211,899,615,438,440,802,104,252,274,220,226,343,107,647,341,218,214,459,2427,0,2427
20221,A,골목상권,3110588,한겨레신문사,2908,1378,1530,276,596,481,423,480,652,148,250,257,201,226,296,128,346,224,222,254,356,1569,0,1569
20221,A,골목상권,3110589,애오개역 3번,1726,853,873,145,270,269,219,303,520,76,148,147,120,144,218,69,122,122,99,159,302,847,0,847
20221,A,골목상권,3110590,만리재,2315,1133,1182,209,386,272,363,456,629,107,199,155,183,231,258,102,187,117,180,225,371,1212,0,1212
20221,A,골목상권,3110591,충정로역 6번,2292,1187,1105,197,343,261,284,452,755,103,206,147,156,228,347,94,137,114,128,224,408,1150,0,1150
20221,A,골목상권,3110592,서울금융고등학교,1209,611,598,144,178,125,163,242,357,83,91,73,83,121,160,61,87,52,80,121,197,565,0,565
20221,A,골목상권,3110593,신월3동주민센터,6488,3555,2933,562,746,737,936,1367,2140,301,369,415,568,811,1091,261,377,322,368,556,1049,3863,0,3863
20221,A,골목상권,3110594,신월중학교,3348,1641,1707,635,423,435,552,554,749,337,212,218,270,261,343,298,211,217,282,293,406,1263,0,1263
20221,A,골목상권,3110595,메디힐병원,5754,2863,2891,625,831,780,803,1041,1674,325,424,420,404,494,796,300,407,360,399,547,878,2719,0,2719
20221,A,골목상권,3110596,서서울호수공원,3474,1713,1761,457,476,482,527,636,896,241,236,236,281,312,407,216,240,246,246,324,489,1587,0,1587
20221,A,골목상권,3110597,신월1동주민센터,6200,3206,2994,634,800,781,899,1218,1868,325,424,440,474,626,917,309,376,341,425,592,951,3070,0,3070
20221,A,골목상권,3110598,신월문화체육센터,3093,1486,1607,348,407,353,447,539,999,173,215,188,231,255,424,175,192,165,216,284,575,1385,0,1385
20221,A,골목상권,3110599,신월1파출소,4226,2151,2075,482,590,540,607,791,1216,262,299,295,310,414,571,220,291,245,297,377,645,1946,0,1946
20221,A,골목상권,3110600,신월7동주민센터,4497,2204,2293,409,615,483,616,839,1535,212,312,260,326,435,659,197,303,223,290,404,876,2225,0,2225
20221,A,골목상권,3110601,신월1동우편취급국,6643,3416,3227,792,851,967,1020,1198,1815,395,461,522,541,633,864,397,390,445,479,565,951,3198,0,3198
20221,A,골목상권,3110602,신월시영아파트중문,1306,643,663,117,179,126,177,271,436,59,85,71,86,141,201,58,94,55,91,130,235,632,0,632
20221,A,골목상권,3110603,지향초등학교,311,147,164,49,37,26,41,62,96,17,20,17,20,28,45,32,17,9,21,34,51,133,0,133
20221,A,골목상권,3110604,신월4동주민센터,6868,3400,3468,1210,811,953,1178,979,1737,616,426,475,608,473,802,594,385,478,570,506,935,2626,0,2626
20221,A,골목상권,3110605,목동센트럴아이파크앞,1240,600,640,191,142,163,204,191,349,88,75,87,100,98,152,103,67,76,104,93,197,531,0,531
20221,A,골목상권,3110606,신한은행 신월동지점,7176,3489,3687,1056,901,894,1113,1224,1988,554,462,440,568,582,883,502,439,454,545,642,1105,2708,0,2708
20221,A,골목상권,3110607,금빛새마을금고본점,805,399,406,84,102,111,107,122,279,37,50,62,55,67,128,47,52,49,52,55,151,389,0,389
20221,A,골목상권,3110608,신월2동주민센터,8507,4178,4329,1213,1102,1150,1304,1385,2353,616,554,590,656,681,1081,597,548,560,648,704,1272,3561,0,3561
20221,A,골목상권,3110609,신정네거리역 2번,2450,1172,1278,335,347,317,401,398,652,172,158,166,186,197,293,163,189,151,215,201,359,1086,0,1086
20221,A,골목상권,3110610,계남근린공원,2915,1486,1429,298,413,321,416,540,927,165,236,178,226,255,426,133,177,143,190,285,501,1428,0,1428
20221,A,골목상권,3110611,신정역 1번,4648,2313,2335,607,673,720,770,710,1168,323,342,389,394,335,530,284,331,331,376,375,638,2098,0,2098
20221,A,골목상권,3110612,신정역 5번,8225,4076,4149,934,1249,1118,1252,1386,2286,511,615,615,615,677,1043,423,634,503,637,709,1243,4006,0,4006
20221,A,골목상권,3110613,신정네거리역 4번,532,254,278,84,66,56,89,99,138,44,29,27,38,56,60,40,37,29,51,43,78,254,0,254
20221,A,골목상권,3110614,목동로데오거리,2286,1100,1186,294,318,345,350,355,624,136,156,175,176,177,280,158,162,170,174,178,344,1053,0,1053
20221,A,골목상권,3110615,신서초등학교,1026,492,534,241,127,105,211,160,182,129,60,42,103,83,75,112,67,63,108,77,107,385,0,385
20221,A,골목상권,3110616,양목초등학교,838,392,446,146,133,120,150,133,156,67,72,58,71,59,65,79,61,62,79,74,91,361,0,361
20221,A,골목상권,3110617,등촌역 4번,2327,1050,1277,253,355,398,343,361,617,127,155,201,174,151,242,126,200,197,169,210,375,1192,0,1192
20221,A,골목상권,3110618,강서고등학교,6274,3044,3230,901,1108,884,957,1163,1261,471,605,436,428,546,558,430,503,448,529,617,703,2696,0,2696
20221,A,골목상권,3110619,목4동주민센터,1379,674,705,168,216,222,200,218,355,92,112,120,95,92,163,76,104,102,105,126,192,633,0,633
20221,A,골목상권,3110620,목동보건지소,8547,4144,4403,1507,1348,1135,1428,1495,1634,789,698,568,621,750,718,718,650,567,807,745,916,3458,0,3458
20221,A,골목상권,3110621,목동역 5번,719,330,389,150,95,69,148,121,136,76,38,31,61,61,63,74,57,38,87,60,73,253,0,253
20221,A,골목상권,3110622,달마을공원,4026,1925,2101,421,705,870,570,614,846,198,343,454,267,292,371,223,362,416,303,322,475,1886,0,1886
20221,A,골목상권,3110623,갈산공원,150,82,68,27,11,38,24,17,33,16,9,22,11,6,18,11,2,16,13,11,15,64,0,64
20221,A,골목상권,3110624,목동문화체육센터,2324,1127,1197,316,405,305,348,448,502,163,214,157,167,201,225,153,191,148,181,247,277,922,0,922
20221,A,골목상권,3110625,신정2동주민센터,3327,1639,1688,695,457,266,627,637,645,352,234,120,274,355,304,343,223,146,353,282,341,1261,0,1261
20221,A,골목상권,3110626,양화초등학교,6335,2999,3336,661,1125,1359,922,902,1366,347,491,697,473,390,601,314,634,662,449,512,765,3118,0,3118
20221,A,골목상권,3110627,신정롯데캐슬아파트,2466,1196,1270,410,329,294,438,439,556,211,165,155,208,217,240,199,164,139,230,222,316,1036,0,1036
20221,A,골목상권,3110628,신목동역,1350,676,674,184,242,297,216,184,227,95,121,151,104,102,103,89,121,146,112,82,124,706,0,706
20221,A,골목상권,3110629,송정역 4번,906,445,461,50,173,166,117,137,263,21,82,82,63,68,129,29,91,84,54,69,134,529,0,529
20221,A,골목상권,3110630,공항시장역 1번,6024,3004,3020,535,1176,936,796,982,1599,269,536,530,428,499,742,266,640,406,368,483,857,3565,0,3565
20221,A,골목상권,3110631,방화초등학교,3946,1951,1995,570,509,590,597,655,1025,307,262,303,306,322,451,263,247,287,291,333,574,1654,0,1654
20221,A,골목상권,3110632,방화역 3번,1526,765,761,180,223,207,208,251,457,97,110,109,101,127,221,83,113,98,107,124,236,723,0,723
20221,A,골목상권,3110633,개화산역 1번,440,226,214,51,74,83,53,71,108,30,35,48,29,35,49,21,39,35,24,36,59,228,0,228
20221,A,골목상권,3110634,송정역 3번,8279,4321,3958,983,1333,1556,1270,1258,1879,509,703,880,689,654,886,474,630,676,581,604,993,4417,0,4417
20221,A,골목상권,3110635,공항시장역 3번,2782,1394,1388,311,350,402,337,492,890,149,185,229,183,248,400,162,165,173,154,244,490,1395,0,1395
20221,A,골목상권,3110636,방화역 2번,1260,652,608,188,135,201,217,179,340,95,77,110,113,90,167,93,58,91,104,89,173,563,0,563
20221,A,골목상권,3110637,송정역 2번,1964,986,978,181,362,355,245,316,505,98,166,201,125,160,236,83,196,154,120,156,269,1002,0,1002
20221,A,골목상권,3110638,신방화역 2번,5721,2872,2849,708,857,920,853,918,1465,370,439,500,436,456,671,338,418,420,417,462,794,2781,0,2781
20221,A,골목상권,3110639,신방화역 8번,2885,1456,1429,286,397,389,375,519,919,139,196,218,218,251,434,147,201,171,157,268,485,1435,0,1435
20221,A,골목상권,3110640,방화역 1번,2733,1406,1327,303,431,556,433,432,578,158,205,280,237,257,269,145,226,276,196,175,309,1575,0,1575
20221,A,골목상권,3110641,공항고등학교,1562,790,772,248,195,268,239,239,373,131,97,135,123,126,178,117,98,133,116,113,195,651,0,651
20221,A,골목상권,3110642,정곡초등학교,794,400,394,154,80,105,143,110,202,71,40,56,74,53,106,83,40,49,69,57,96,329,0,329
20221,A,골목상권,3110643,강서구다솔마을,2293,1188,1105,262,285,304,423,413,606,133,135,174,238,223,285,129,150,130,185,190,321,1152,0,1152
20221,A,골목상권,3110644,신광명마을,840,427,413,91,97,114,126,153,259,48,59,61,63,85,111,43,38,53,63,68,148,407,0,407
20221,A,골목상권,3110645,우장산역 4번,7383,3439,3944,1546,1066,882,1418,1141,1330,725,489,417,656,571,581,821,577,465,762,570,749,2826,0,2826
20221,A,골목상권,3110646,푸른들청소년도서관,8329,4014,4315,952,1324,1305,1163,1358,2227,479,621,676,561,655,1022,473,703,629,602,703,1205,3861,0,3861
20221,A,골목상권,3110647,화곡역 5번,8626,4178,4448,1030,1340,1584,1334,1282,2056,513,639,813,695,577,941,517,701,771,639,705,1115,4116,0,4116
20221,A,골목상권,3110648,양천향교역 7번,4060,1692,2368,92,1659,1484,491,232,102,38,432,745,283,143,51,54,1227,739,208,89,51,3656,0,3656
20221,A,골목상권,3110649,우장산역 1번,3347,1549,1798,724,488,399,664,535,537,320,222,201,296,268,242,404,266,198,368,267,295,1242,0,1242
20221,A,골목상권,3110650,우장산힐스테이트,894,418,476,207,102,93,180,124,188,94,49,41,86,64,84,113,53,52,94,60,104,310,0,310
20221,A,골목상권,3110651,화원중학교,6123,2977,3146,780,933,1090,932,928,1460,391,433,591,483,425,654,389,500,499,449,503,806,2783,0,2783
20221,A,골목상권,3110652,양천향교역 2번,2053,1005,1048,173,473,595,235,248,329,91,185,324,136,113,156,82,288,271,99,135,173,1193,0,1193
20221,A,골목상권,3110653,화곡역 2번,3058,1463,1595,309,437,530,441,471,870,160,213,277,222,205,386,149,224,253,219,266,484,1528,0,1528
20221,A,골목상권,3110654,까치산역 4번,12391,6055,6336,1346,1992,2316,1804,1945,2988,679,962,1229,933,916,1336,667,1030,1087,871,1029,1652,5977,0,5977
20221,A,골목상권,3110655,발산역 5번,1014,498,516,146,151,204,169,145,199,84,70,112,78,70,84,62,81,92,91,75,115,479,0,479
20221,A,골목상권,3110656,까치산역 3번,9500,4758,4742,604,2182,2327,1315,1117,1955,297,919,1304,754,554,930,307,1263,1023,561,563,1025,5966,0,5966
20221,A,골목상권,3110657,양천향교역 5번,1567,719,848,74,464,486,189,152,202,30,151,275,104,66,93,44,313,211,85,86,109,1125,0,1125
20221,A,골목상권,3110658,화곡초등학교,3078,1583,1495,274,694,638,491,381,600,152,349,374,265,189,254,122,345,264,226,192,346,1821,0,1821
20221,A,골목상권,3110659,화곡역 4번,18476,8997,9479,2694,2923,3202,3047,2753,3857,1350,1380,1745,1543,1286,1693,1344,1543,1457,1504,1467,2164,8411,0,8411
20221,A,골목상권,3110660,등촌3동주민센터,1701,847,854,177,270,246,210,252,546,89,145,141,101,128,243,88,125,105,109,124,303,968,0,968
20221,A,골목상권,3110661,강서새말어린이공원,1446,723,723,208,183,224,268,220,343,103,92,123,143,104,158,105,91,101,125,116,185,660,0,660
20221,A,골목상권,3110662,까치산역 1번,12580,6012,6568,1535,1934,2078,2051,1874,3108,758,936,1087,1034,847,1350,777,998,991,1017,1027,1758,5837,0,5837
20221,A,골목상권,3110663,우장산롯데캐슬아파트앞,1499,735,764,177,228,243,236,275,340,90,124,115,119,130,157,87,104,128,117,145,183,642,0,642
20221,A,골목상권,3110664,강서구청옆,524,263,261,79,64,99,96,65,121,45,34,52,55,26,51,34,30,47,41,39,70,240,0,240
20221,A,골목상권,3110665,곰달래도서관,5173,2531,2642,577,667,825,815,777,1512,288,345,439,413,366,680,289,322,386,402,411,832,2504,0,2504
20221,A,골목상권,3110666,KC대학교,1817,938,879,209,235,268,263,313,529,112,132,154,142,165,233,97,103,114,121,148,296,861,0,861
20221,A,골목상권,3110667,가양역 10번,640,283,357,55,88,124,81,74,218,23,36,57,40,42,85,32,52,67,41,32,133,380,0,380
20221,A,골목상권,3110668,화곡2동주민센터,8784,4211,4573,1346,1222,1419,1524,1334,1939,681,598,733,757,595,847,665,624,686,767,739,1092,3863,0,3863
20221,A,골목상권,3110669,화곡보람2차아파트,786,365,421,109,163,141,132,115,126,54,76,65,66,51,53,55,87,76,66,64,73,371,0,371
20221,A,골목상권,3110670,신곡초등학교,7458,3647,3811,1131,1055,1106,1264,1246,1656,555,548,571,646,605,722,576,507,535,618,641,934,3183,0,3183
20221,A,골목상권,3110671,등촌1동주민센터,7501,3677,3824,968,1416,1790,1079,943,1305,553,619,921,536,467,581,415,797,869,543,476,724,3888,0,3888
20221,A,골목상권,3110672,백석중학교,3381,1662,1719,509,534,536,530,540,732,272,269,277,267,255,322,237,265,259,263,285,410,1424,0,1424
20221,A,골목상권,3110673,뜸부기어린이공원,4156,2076,2080,356,582,729,564,676,1249,182,320,409,293,325,547,174,262,320,271,351,702,2099,0,2099
20221,A,골목상권,3110674,강서구청가양동별관,161,77,84,13,15,24,27,42,40,4,9,13,15,18,18,9,6,11,12,24,22,124,0,124
20221,A,골목상권,3110675,화곡4동주민센터,7710,3731,3979,948,1166,1355,1172,1217,1852,495,563,697,614,564,798,453,603,658,558,653,1054,3535,0,3535
20221,A,골목상권,3110676,등촌역 7번,3305,1564,1741,398,618,677,496,499,617,211,282,330,240,230,271,187,336,347,256,269,346,1562,0,1562
20221,A,골목상권,3110677,등촌역 1번,1606,739,867,169,355,459,226,180,217,84,139,219,111,89,97,85,216,240,115,91,120,889,0,889
20221,A,골목상권,3110678,염창무학아파트,1231,596,635,172,226,328,180,133,192,87,96,170,88,56,99,85,130,158,92,77,93,610,0,610
20221,A,골목상권,3110679,염창역 2번,979,437,542,72,258,293,137,93,126,35,84,131,75,49,63,37,174,162,62,44,63,667,0,667
20221,A,골목상권,3110680,온수역 5번(온수산업단지),1748,845,903,213,196,281,305,243,510,125,92,134,156,111,227,88,104,147,149,132,283,761,0,761
20221,A,골목상권,3110681,온수역 1번,170,98,72,18,22,39,18,25,48,15,13,19,12,13,26,3,9,20,6,12,22,84,0,84
20221,A,골목상권,3110682,온수역 8번,1048,508,540,141,145,141,179,143,299,79,79,69,86,63,132,62,66,72,93,80,167,433,0,433
20221,A,골목상권,3110683,오류고등학교,1694,833,861,289,240,228,241,307,389,146,129,114,126,144,174,143,111,114,115,163,215,646,0,646
20221,A,골목상권,3110684,서울공연예술고등학교,1389,675,714,172,198,187,230,240,362,87,113,96,106,107,166,85,85,91,124,133,196,602,0,602
20221,A,골목상권,3110685,금강수목원아파트,200,93,107,29,31,30,24,39,47,13,15,12,12,20,21,16,16,18,12,19,26,82,0,82
20221,A,골목상권,3110686,수궁동주민센터,4521,2180,2341,596,611,597,716,769,1232,298,310,312,345,368,547,298,301,285,371,401,685,2114,0,2114
20221,A,골목상권,3110687,"천왕역 3번(오류2동주민센터, 서울오류남초등학교)",542,248,294,59,65,52,87,89,190,27,27,30,41,42,81,32,38,22,46,47,109,244,0,244
20221,A,골목상권,3110688,오류지구대,2781,1363,1418,343,405,409,414,466,744,184,193,210,215,218,343,159,212,199,199,248,401,1254,0,1254
20221,A,골목상권,3110689,오류동역 3번,3158,1607,1551,339,487,415,428,538,951,171,238,226,224,293,455,168,249,189,204,245,496,1637,0,1637
20221,A,골목상권,3110690,오류2동버들시장,4903,2427,2476,599,595,675,742,773,1519,331,301,363,408,382,642,268,294,312,334,391,877,2555,0,2555
20221,A,골목상권,3110691,개봉중학교,2937,1486,1451,377,395,342,445,533,845,190,215,188,226,275,392,187,180,154,219,258,453,1362,0,1362
20221,A,골목상권,3110692,큰굴다리,2116,1104,1012,243,316,279,292,346,640,127,162,160,152,176,327,116,154,119,140,170,313,1025,0,1025
20221,A,골목상권,3110693,오류동역 4번,719,396,323,21,229,178,121,81,89,13,107,102,66,59,49,8,122,76,55,22,40,599,0,599
20221,A,골목상권,3110694,세곡초등학교,6947,3467,3480,799,967,835,1017,1261,2068,404,532,430,507,626,968,395,435,405,510,635,1100,3369,0,3369
20221,A,골목상권,3110695,개봉1동주민센터,5545,2838,2707,512,696,613,744,1039,1941,263,354,343,411,555,912,249,342,270,333,484,1029,2950,0,2950
20221,A,골목상권,3110696,오류동역 1번,3491,1771,1720,372,482,474,489,632,1042,192,268,258,256,313,484,180,214,216,233,319,558,1590,0,1590
20221,A,골목상권,3110697,개봉3동주민센터,2994,1499,1495,378,440,391,472,541,772,193,230,203,262,269,342,185,210,188,210,272,430,1313,0,1313
20221,A,골목상권,3110698,개웅초등학교(개웅중학교),6704,3253,3451,817,930,831,1036,1200,1890,411,480,426,521,559,856,406,450,405,515,641,1034,2850,0,2850
20221,A,골목상권,3110699,덕의초등학교,1608,802,806,206,214,186,258,286,458,111,122,97,130,139,203,95,92,89,128,147,255,759,0,759
20221,A,골목상권,3110700,고척초등학교,3399,1727,1672,455,448,433,535,588,940,230,237,254,279,301,426,225,211,179,256,287,514,1605,0,1605
20221,A,골목상권,3110701,고척동성당,1217,551,666,159,210,192,160,187,309,72,88,89,79,82,141,87,122,103,81,105,168,570,0,570
20221,A,골목상권,3110702,개봉초등학교,2513,1202,1311,339,285,411,362,407,709,175,146,217,165,189,310,164,139,194,197,218,399,1101,0,1101
20221,A,골목상권,3110703,개봉역,2006,993,1013,219,252,390,322,291,532,102,118,202,169,150,252,117,134,188,153,141,280,966,0,966
20221,A,골목상권,3110704,고척중학교,94,68,26,2,40,21,14,10,7,2,26,16,9,9,6,0,14,5,5,1,1,87,0,87
20221,A,골목상권,3110705,고산초등학교,565,281,284,87,131,99,99,76,73,51,68,48,55,26,33,36,63,51,44,50,40,287,0,287
20221,A,골목상권,3110706,그라운드 고척,697,364,333,64,109,89,128,90,217,33,55,47,74,56,99,31,54,42,54,34,118,408,0,408
20221,A,골목상권,3110707,구로창업지원센터,2099,1112,987,230,280,242,299,358,690,107,156,143,174,196,336,123,124,99,125,162,354,1038,0,1038
20221,A,골목상권,3110708,화원어린이공원,1295,677,618,121,206,171,208,228,361,70,104,95,129,122,157,51,102,76,79,106,204,765,0,765
20221,A,골목상권,3110709,구로119안전센터,2634,1347,1287,225,329,327,341,548,864,109,171,178,201,285,403,116,158,149,140,263,461,1413,0,1413
20221,A,골목상권,3110710,남구로역 3번,5266,2723,2543,372,723,535,666,1057,1913,208,401,322,359,550,883,164,322,213,307,507,1030,3012,0,3012
20221,A,골목상권,3110711,구로초등학교,3893,1922,1971,396,516,439,558,712,1272,184,261,237,285,399,556,212,255,202,273,313,716,2056,0,2056
20221,A,골목상권,3110712,남구로역 5번,5072,2530,2542,493,624,511,736,986,1722,252,393,287,362,491,745,241,231,224,374,495,977,2382,0,2382
20221,A,골목상권,3110713,구로보건소,7091,3499,3592,759,1080,1119,951,1222,1960,349,535,579,482,631,923,410,545,540,469,591,1037,3672,0,3672
20221,A,골목상권,3110714,구로4동주민센터,4147,2075,2072,404,446,398,594,813,1492,209,236,222,302,422,684,195,210,176,292,391,808,2250,0,2250
20221,A,골목상권,3110715,구로구민회관,867,453,414,78,90,83,130,157,329,40,52,42,77,95,147,38,38,41,53,62,182,460,0,460
20221,A,골목상권,3110716,구로나눔길,823,391,432,91,93,101,117,158,263,45,43,49,53,94,107,46,50,52,64,64,156,434,0,434
20221,A,골목상권,3110717,남구로역 2번,7311,3740,3571,574,860,769,1048,1456,2604,302,448,404,586,822,1178,272,412,365,462,634,1426,4187,0,4187
20221,A,골목상권,3110718,한국SGI본부,2665,1232,1433,162,853,599,281,308,462,86,297,313,144,168,224,76,556,286,137,140,238,1911,0,1911
20221,A,골목상권,3110719,영서중학교,551,256,295,79,62,66,84,85,175,39,28,34,40,41,74,40,34,32,44,44,101,227,0,227
20221,A,골목상권,3110720,대림역 2번,2265,1094,1171,194,247,256,303,441,824,104,119,141,146,206,378,90,128,115,157,235,446,1199,0,1199
20221,A,골목상권,3110721,가리봉파출소,2548,1332,1216,152,535,514,346,442,559,83,270,288,190,233,268,69,265,226,156,209,291,1654,0,1654
20221,A,골목상권,3110722,G타워,3828,2250,1578,75,1391,1333,479,252,298,44,701,862,316,167,160,31,690,471,163,85,138,3378,0,3378
20221,A,골목상권,3110723,가산디지털단지역 1번 출입구,816,430,386,47,167,116,108,139,239,21,88,66,60,83,112,26,79,50,48,56,127,540,0,540
20221,A,골목상권,3110724,금천구립가산도서관,2946,1774,1172,147,771,814,368,382,464,66,438,553,238,232,247,81,333,261,130,150,217,2068,0,2068
20221,A,골목상권,3110725,가산동주민센터,1908,1045,863,27,767,462,220,241,191,12,317,288,143,174,111,15,450,174,77,67,80,1752,0,1752
20221,A,골목상권,3110726,금천철쭉어린이공원(금하마을),1686,867,819,176,259,186,251,332,482,91,131,118,130,173,224,85,128,68,121,159,258,884,0,884
20221,A,골목상권,3110727,독산역 1번 출입구,1229,660,569,97,323,294,156,142,217,49,141,179,96,76,119,48,182,115,60,66,98,771,0,771
20221,A,골목상권,3110728,두산초등학교,1546,848,698,98,495,372,203,174,204,48,228,236,127,108,101,50,267,136,76,66,103,1123,0,1123
20221,A,골목상권,3110729,가산동우체국,2913,1707,1206,101,934,685,341,358,494,51,462,444,233,241,276,50,472,241,108,117,218,2268,0,2268
20221,A,골목상권,3110730,서울축산농협 독산역지점(독산파출소),2867,1548,1319,234,590,707,392,402,542,119,298,418,226,217,270,115,292,289,166,185,272,1728,0,1728
20221,A,골목상권,3110731,금천구청역 1번 출입구,1017,517,500,73,241,203,146,138,216,36,100,115,84,73,109,37,141,88,62,65,107,662,0,662
20221,A,골목상권,3110732,가산초등학교(세일중학교),2840,1518,1322,178,776,610,310,399,567,85,363,366,182,230,292,93,413,244,128,169,275,1961,0,1961
20221,A,골목상권,3110733,금천어울림복지센터,445,193,252,25,120,138,44,36,82,10,43,67,18,18,37,15,77,71,26,18,45,309,0,309
20221,A,골목상권,3110734,금천파출소,347,184,163,21,50,56,43,62,115,8,21,35,30,43,47,13,29,21,13,19,68,210,0,210
20221,A,골목상권,3110735,말미고개,5369,2731,2638,641,871,824,709,952,1372,336,445,453,367,483,647,305,426,371,342,469,725,2688,0,2688
20221,A,골목상권,3110736,독산119안전센터,4727,2350,2377,515,679,691,645,950,1247,258,308,380,339,473,592,257,371,311,306,477,655,2240,0,2240
20221,A,골목상권,3110737,금천세무서,2720,1425,1295,252,487,456,347,470,708,140,267,255,181,233,349,112,220,201,166,237,359,1467,0,1467
20221,A,골목상권,3110738,문성초등학교,3498,1770,1728,292,464,433,474,711,1124,147,229,249,240,397,508,145,235,184,234,314,616,2045,0,2045
20221,A,골목상권,3110739,시흥3동 우편취급국,320,165,155,31,58,28,46,71,86,17,28,15,22,39,44,14,30,13,24,32,42,129,0,129
20221,A,골목상권,3110740,금천해태공원,5321,2680,2641,515,825,615,721,1038,1607,269,425,350,377,507,752,246,400,265,344,531,855,2696,0,2696
20221,A,골목상권,3110741,독산2동주민센터,3680,1858,1822,389,562,502,525,722,980,204,293,271,250,375,465,185,269,231,275,347,515,1857,0,1857
20221,A,골목상권,3110742,KT금천빌딩(금천구시설관리공단),213,115,98,15,31,33,27,44,63,10,16,19,14,23,33,5,15,14,13,21,30,125,0,125
20221,A,골목상권,3110743,시흥초등학교(시흥1동우체국),4293,2157,2136,493,566,495,606,836,1297,254,308,268,318,417,592,239,258,227,288,419,705,2100,0,2100
20221,A,골목상권,3110744,독산동성당,8260,4130,4130,831,1135,983,1116,1753,2442,406,595,546,544,901,1138,425,540,437,572,852,1304,4148,0,4148
20221,A,골목상권,3110745,독산동정훈단지,2946,1485,1461,304,437,338,417,646,804,154,225,194,213,336,363,150,212,144,204,310,441,1509,0,1509
20221,A,골목상권,3110746,금천금빛공원(은행나무사거리서측),1702,825,877,156,317,224,216,303,486,81,150,122,106,139,227,75,167,102,110,164,259,882,0,882
20221,A,골목상권,3110747,석수역 1번 출입구,1006,498,508,81,130,134,129,176,356,35,71,71,69,87,165,46,59,63,60,89,191,442,0,442
20221,A,골목상권,3110748,백산초등학교,1914,979,935,202,269,224,291,351,577,107,144,125,153,184,266,95,125,99,138,167,311,978,0,978
20221,A,골목상권,3110749,금산초등학교(금천고등학교),4810,2405,2405,607,611,628,712,823,1429,312,324,333,369,404,663,295,287,295,343,419,766,2009,0,2009
20221,A,골목상권,3110750,시흥4동주민센터(서울신흥초등학교),4694,2332,2362,496,537,554,653,919,1535,235,273,295,351,460,718,261,264,259,302,459,817,2417,0,2417
20221,A,골목상권,3110751,난곡중학교,5590,2805,2785,496,898,735,756,1133,1572,261,449,402,406,560,727,235,449,333,350,573,845,2857,0,2857
20221,A,골목상권,3110752,한울중학교,6433,3165,3268,817,857,923,893,1195,1748,443,442,477,434,558,811,374,415,446,459,637,937,2845,0,2845
20221,A,골목상권,3110753,시흥동 은행나무사거리,7026,3515,3511,785,927,789,1013,1320,2192,401,500,434,519,667,994,384,427,355,494,653,1198,3427,0,3427
20221,A,골목상권,3110754,삼성산자연공원(서울금천초등학교),5343,2632,2711,606,720,686,777,1038,1516,301,382,357,397,524,671,305,338,329,380,514,845,2625,0,2625
20221,A,골목상권,3110755,동일여자고등학교,1401,705,696,172,173,133,215,243,465,91,87,76,115,133,203,81,86,57,100,110,262,643,0,643
20221,A,골목상권,3110756,문래중학교,2569,1239,1330,353,452,823,489,225,227,184,181,410,254,105,105,169,271,413,235,120,122,1406,0,1406
20221,A,골목상권,3110757,양평역 2번,2162,1136,1026,125,531,660,302,270,274,70,228,372,171,170,125,55,303,288,131,100,149,1565,0,1565
20221,A,골목상권,3110758,문래소공원,1450,678,772,249,213,449,255,135,149,123,82,216,128,62,67,126,131,233,127,73,82,686,0,686
20221,A,골목상권,3110759,문래예술촌(문래창작촌),1245,671,574,156,162,261,208,141,317,76,85,137,134,88,151,80,77,124,74,53,166,744,0,744
20221,A,골목상권,3110760,선유도역 6번,1108,566,542,116,212,309,164,106,201,48,97,173,92,62,94,68,115,136,72,44,107,600,0,600
20221,A,골목상권,3110761,문래동남성맨션,22,13,9,1,1,1,1,4,14,1,0,1,0,2,9,0,1,0,1,2,5,14,0,14
20221,A,골목상권,3110762,선유도역 1번,11098,5486,5612,1285,2133,3005,1509,1360,1806,673,930,1572,768,709,834,612,1203,1433,741,651,972,5787,0,5787
20221,A,골목상권,3110763,영등포구청역 2번,1266,627,639,131,251,282,165,178,259,77,103,146,86,87,128,54,148,136,79,91,131,702,0,702
20221,A,골목상권,3110764,문래역 3번,83,43,40,2,35,23,7,11,5,1,16,15,2,7,2,1,19,8,5,4,3,68,0,68
20221,A,골목상권,3110765,문래동사거리,116,61,55,7,7,14,18,14,56,2,5,8,14,9,23,5,2,6,4,5,33,58,0,58
20221,A,골목상권,3110766,대림역 5번,2307,1143,1164,204,295,259,326,472,751,114,151,139,180,237,322,90,144,120,146,235,429,1295,0,1295
20221,A,골목상권,3110767,도림동주민센터,891,462,429,51,103,131,127,169,310,28,55,72,78,85,144,23,48,59,49,84,166,623,0,623
20221,A,골목상권,3110768,도림2동유수지내체육시설,1300,638,662,68,316,381,192,149,194,41,120,196,100,83,98,27,196,185,92,66,96,873,0,873
20221,A,골목상권,3110769,대림차이나타운(대림역 12번),673,328,345,63,59,73,100,110,268,35,39,37,44,64,109,28,20,36,56,46,159,397,0,397
20221,A,골목상권,3110770,영등포구청역 6번,1935,974,961,126,417,375,228,292,497,58,198,213,119,168,218,68,219,162,109,124,279,1223,0,1223
20221,A,골목상권,3110771,대림역 11번,693,339,354,42,60,61,116,133,281,20,35,30,60,75,119,22,25,31,56,58,162,476,0,476
20221,A,골목상권,3110772,신우어린이공원,1225,627,598,156,166,160,204,219,320,82,86,93,99,116,151,74,80,67,105,103,169,568,0,568
20221,A,골목상권,3110773,당산역 13번,151,80,71,11,36,35,27,20,22,3,23,18,15,12,9,8,13,17,12,8,13,111,0,111
20221,A,골목상권,3110774,당산반도유보라팰리스아파트,1317,623,694,91,414,376,154,118,164,43,165,202,78,58,77,48,249,174,76,60,87,935,0,935
20221,A,골목상권,3110775,대동초등학교,768,384,384,69,92,70,89,174,274,40,49,44,47,84,120,29,43,26,42,90,154,402,0,402
20221,A,골목상권,3110776,도신초등학교,3337,1712,1625,383,495,347,452,681,979,191,271,197,226,359,468,192,224,150,226,322,511,1527,0,1527
20221,A,골목상권,3110777,구로세무서,124,92,32,1,4,6,14,29,70,1,3,3,14,25,46,0,1,3,0,4,24,110,0,110
20221,A,골목상권,3110778,구로디지털단지역 4번,4030,2009,2021,316,668,458,487,731,1370,157,364,265,252,354,617,159,304,193,235,377,753,2361,0,2361
20221,A,골목상권,3110779,대림갑을명가아파트,293,149,144,17,44,33,41,50,108,8,25,17,22,28,49,9,19,16,19,22,59,171,0,171
20221,A,골목상권,3110780,신길대성유니드아파트,3240,1649,1591,403,396,345,533,589,974,228,206,199,277,303,436,175,190,146,256,286,538,1539,0,1539
20221,A,골목상권,3110781,대림한신아파트,3339,1643,1696,325,506,334,432,646,1096,163,255,194,219,321,491,162,251,140,213,325,605,1609,0,1609
20221,A,골목상권,3110782,영등포시장역 4번,763,381,382,37,242,222,79,75,108,22,98,125,45,42,49,15,144,97,34,33,59,565,0,565
20221,A,골목상권,3110783,영등포시장역 1번,772,414,358,92,115,99,98,127,241,48,52,56,57,73,128,44,63,43,41,54,113,430,0,430
20221,A,골목상권,3110784,신대림초등학교,998,493,505,93,155,109,136,159,346,51,77,56,80,78,151,42,78,53,56,81,195,558,0,558
20221,A,골목상권,3110785,영등포푸르지오아파트,3399,1751,1648,341,447,414,508,636,1053,188,245,228,265,341,484,153,202,186,243,295,569,1778,0,1778
20221,A,골목상권,3110786,당산역 8번,2158,1090,1068,135,543,529,242,285,424,62,261,291,124,152,200,73,282,238,118,133,224,1368,0,1368
20221,A,골목상권,3110787,신길3동주민센터,3238,1630,1608,289,424,353,421,667,1084,148,218,206,230,353,475,141,206,147,191,314,609,1757,0,1757
20221,A,골목상권,3110788,영등포시장역 3번,345,191,154,40,27,58,44,52,124,25,18,36,29,33,50,15,9,22,15,19,74,170,0,170
20221,A,골목상권,3110789,대림성모병원,1685,820,865,154,274,223,236,276,522,83,121,126,112,146,232,71,153,97,124,130,290,977,0,977
20221,A,골목상권,3110790,대림1동주민센터,3364,1678,1686,249,504,389,443,633,1146,138,265,232,237,312,494,111,239,157,206,321,652,1933,0,1933
20221,A,골목상권,3110791,신풍역 3번,223,108,115,40,20,46,33,30,54,20,11,21,16,15,25,20,9,25,17,15,29,95,0,95
20221,A,골목상권,3110792,영등포역 2번,3798,1928,1870,307,555,544,480,684,1228,155,297,297,254,345,580,152,258,247,226,339,648,2228,0,2228
20221,A,골목상권,3110793,대림썬프라자,1,1,0,0,0,0,0,0,1,0,0,0,0,0,1,0,0,0,0,0,0,1,0,1
20221,A,골목상권,3110794,영동초등학교,3386,1545,1841,160,1324,1125,333,193,251,91,484,551,177,112,130,69,840,574,156,81,121,2698,0,2698
20221,A,골목상권,3110795,도림초등학교,1916,960,956,201,276,272,252,295,620,108,143,151,139,147,272,93,133,121,113,148,348,1053,0,1053
20221,A,골목상권,3110796,한림대학교한강성심병원,1264,681,583,69,352,460,142,105,136,34,163,258,78,68,80,35,189,202,64,37,56,945,0,945
20221,A,골목상권,3110797,KT대방빌딩,193,95,98,10,19,27,24,24,89,3,13,14,10,17,38,7,6,13,14,7,51,110,0,110
20221,A,골목상권,3110798,신풍역 2번,567,295,272,63,86,86,72,89,171,38,50,46,33,45,83,25,36,40,39,44,88,265,0,265
20221,A,골목상권,3110799,영등포본동주민센터,633,322,311,34,121,103,69,123,183,17,70,64,34,53,84,17,51,39,35,70,99,348,0,348
20221,A,골목상권,3110800,영등포동성당,838,509,329,19,273,316,80,58,92,6,151,214,57,34,47,13,122,102,23,24,45,680,0,680
20221,A,골목상권,3110801,신풍역 6번(신길6동공영주차장),208,107,101,23,21,21,26,39,78,13,11,10,17,21,35,10,10,11,9,18,43,108,0,108
20221,A,골목상권,3110802,신길동홍어거리,1327,672,655,123,215,181,155,252,401,65,124,108,78,123,174,58,91,73,77,129,227,742,0,742
20221,A,골목상권,3110803,신길2동우편취급국,2760,1429,1331,239,301,349,379,489,1003,129,165,184,213,267,471,110,136,165,166,222,532,1531,0,1531
20221,A,골목상권,3110804,신풍역 1번,2297,1079,1218,158,376,307,315,387,754,73,165,167,151,198,325,85,211,140,164,189,429,1383,0,1383
20221,A,골목상권,3110805,신길새마을금고신길4동지점,768,385,383,42,184,148,107,89,198,19,82,81,61,51,91,23,102,67,46,38,107,494,0,494
20221,A,골목상권,3110806,서울시립영등포장애인복지관,48,48,0,0,1,6,14,22,5,0,1,6,14,22,5,0,0,0,0,0,0,48,0,48
20221,A,골목상권,3110807,신길역 3번,2234,1178,1056,39,1104,717,191,97,86,25,489,433,126,63,42,14,615,284,65,34,44,1993,0,1993
20221,A,골목상권,3110808,신길역 1번,624,335,289,36,115,124,87,102,160,17,68,71,50,53,76,19,47,53,37,49,84,395,0,395
20221,A,골목상권,3110809,장훈고등학교,711,353,358,72,107,85,101,131,215,32,52,52,49,69,99,40,55,33,52,62,116,379,0,379
20221,A,골목상권,3110810,영신초등학교,3407,1680,1727,309,549,481,456,538,1074,157,267,277,243,261,475,152,282,204,213,277,599,1892,0,1892
20221,A,골목상권,3110811,보라매역 4번,1664,815,849,138,347,296,228,222,433,77,160,140,126,117,195,61,187,156,102,105,238,971,0,971
20221,A,골목상권,3110812,신길6동주민센터,1434,666,768,89,353,271,186,206,329,48,154,128,94,94,148,41,199,143,92,112,181,932,0,932
20221,A,골목상권,3110813,보라매역 6번,2594,1281,1313,317,551,454,347,362,563,171,236,229,189,188,268,146,315,225,158,174,295,1397,0,1397
20221,A,골목상권,3110814,서울지방병무청,3440,1751,1689,348,617,510,515,559,891,185,332,270,287,277,400,163,285,240,228,282,491,1846,0,1846
20221,A,골목상권,3110815,공군호텔,4944,2547,2397,327,1192,910,655,701,1159,160,562,531,371,395,528,167,630,379,284,306,631,3342,0,3342
20221,A,골목상권,3110816,대방역 6번,1790,932,858,107,321,335,258,274,495,52,167,202,137,153,221,55,154,133,121,121,274,1108,0,1108
20221,A,골목상권,3110817,대방역 4번,880,495,385,28,340,222,79,79,132,14,176,141,50,46,68,14,164,81,29,33,64,704,0,704
20221,A,골목상권,3110818,신대방역 3번,813,426,387,52,200,159,102,106,194,22,92,101,59,55,97,30,108,58,43,51,97,551,0,551
20221,A,골목상권,3110819,신대방역 4번,5265,2541,2724,522,940,795,741,878,1389,265,459,400,355,461,601,257,481,395,386,417,788,3065,0,3065
20221,A,골목상권,3110820,성남고등학교,4096,2066,2030,710,768,663,746,571,638,385,393,335,384,297,272,325,375,328,362,274,366,1995,0,1995
20221,A,골목상권,3110821,보라매역 2번,6050,2935,3115,714,1093,1048,937,902,1356,378,537,535,461,429,595,336,556,513,476,473,761,3036,0,3036
20221,A,골목상권,3110822,신대방삼거리역 4번(대림초등학교),5038,2417,2621,725,1036,795,801,747,934,380,506,374,389,362,406,345,530,421,412,385,528,2442,0,2442
20221,A,골목상권,3110823,신대방삼거리역 3번,3577,1670,1907,337,938,663,473,454,712,185,355,341,241,218,330,152,583,322,232,236,382,2045,0,2045
20221,A,골목상권,3110824,대방역 3번,631,306,325,84,159,123,113,71,81,39,73,66,56,35,37,45,86,57,57,36,44,391,0,391
20221,A,골목상권,3110825,신대방삼거리역 1번,9016,4292,4724,969,1841,1716,1217,1189,2084,494,816,880,617,576,909,475,1025,836,600,613,1175,4854,0,4854
20221,A,골목상권,3110826,장승배기역 4번,4283,2053,2230,311,1009,904,532,569,958,142,451,486,288,271,415,169,558,418,244,298,543,2612,0,2612
20221,A,골목상권,3110827,NH농협은행 상도동지점,2391,1140,1251,188,503,419,317,362,602,90,226,211,166,185,262,98,277,208,151,177,340,1436,0,1436
20221,A,골목상권,3110828,노량진역 6번,7081,3628,3453,470,1331,1082,886,1215,2097,244,702,634,497,628,923,226,629,448,389,587,1174,4212,0,4212
20221,A,골목상권,3110829,장승배기역 5번,3007,1526,1481,234,414,394,371,588,1006,123,230,231,191,299,452,111,184,163,180,289,554,1658,0,1658
20221,A,골목상권,3110830,상도초등학교,4133,2032,2101,484,594,651,609,629,1166,256,289,358,324,292,513,228,305,293,285,337,653,2109,0,2109
20221,A,골목상권,3110831,상도4동주민센터,2692,1297,1395,359,466,538,403,374,552,202,209,268,201,183,234,157,257,270,202,191,318,1294,0,1294
20221,A,골목상권,3110832,노량진초등학교,3280,1690,1590,228,657,493,421,475,1006,119,365,290,234,248,434,109,292,203,187,227,572,2081,0,2081
20221,A,골목상권,3110833,상도역 2번,2327,1123,1204,370,431,426,367,291,442,192,207,207,187,141,189,178,224,219,180,150,253,1121,0,1121
20221,A,골목상권,3110834,동작구자원봉사센터,1155,629,526,93,320,240,127,144,231,51,166,162,73,69,108,42,154,78,54,75,123,705,0,705
20221,A,골목상권,3110835,상도역 1번,1194,550,644,107,321,225,124,134,283,51,144,108,59,64,124,56,177,117,65,70,159,697,0,697
20221,A,골목상권,3110836,상도역 5번,9098,4469,4629,999,3070,1232,1073,983,1741,479,1604,655,535,440,756,520,1466,577,538,543,985,5244,0,5244
20221,A,골목상권,3110837,숭실대입구역 1번,4197,2006,2191,384,1330,665,459,511,848,198,631,337,224,237,379,186,699,328,235,274,469,2434,0,2434
20221,A,골목상권,3110838,상도1동주민센터앞,117,65,52,5,33,20,11,15,33,3,18,11,8,8,17,2,15,9,3,7,16,74,0,74
20221,A,골목상권,3110839,숭실대입구역 4번,1914,981,933,147,695,277,188,227,380,84,365,158,93,102,179,63,330,119,95,125,201,1183,0,1183
20221,A,골목상권,3110840,중앙대학교,2244,1118,1126,189,795,278,248,264,470,92,412,168,121,118,207,97,383,110,127,146,263,1415,0,1415
20221,A,골목상권,3110841,중대부중,2042,993,1049,160,310,239,309,355,669,84,167,126,171,177,268,76,143,113,138,178,401,1081,0,1081
20221,A,골목상권,3110842,흑리단길,511,237,274,50,85,59,60,91,166,26,37,28,30,49,67,24,48,31,30,42,99,287,0,287
20221,A,골목상권,3110843,사당5동주민센터,1683,792,891,185,302,295,278,223,400,106,136,137,142,103,168,79,166,158,136,120,232,966,0,966
20221,A,골목상권,3110844,흑석2치안센터,833,408,425,69,119,101,104,161,279,39,66,55,55,75,118,30,53,46,49,86,161,410,0,410
20221,A,골목상권,3110845,사당종합체육관,1643,802,841,214,238,223,257,273,438,123,119,119,131,131,179,91,119,104,126,142,259,722,0,722
20221,A,골목상권,3110846,남성역 1번,8998,4253,4745,823,1752,1569,1283,1244,2327,423,778,796,662,591,1003,400,974,773,621,653,1324,4850,0,4850
20221,A,골목상권,3110847,예술인마을,4610,2187,2423,408,824,920,611,709,1138,210,386,478,283,305,525,198,438,442,328,404,613,2213,0,2213
20221,A,골목상권,3110848,양지어린이공원,4871,2347,2524,425,997,925,679,684,1161,203,454,498,359,318,515,222,543,427,320,366,646,2701,0,2701
20221,A,골목상권,3110849,이수역 10번,3100,1528,1572,242,622,546,412,478,800,128,268,279,228,248,377,114,354,267,184,230,423,1849,0,1849
20221,A,골목상권,3110850,사당역 10번,8232,3880,4352,524,2114,1722,1007,989,1876,283,883,897,534,438,845,241,1231,825,473,551,1031,5113,0,5113
20221,A,골목상권,3110851,경문고등학교(동작동성당),3582,1731,1851,336,514,514,490,597,1131,193,262,278,231,286,481,143,252,236,259,311,650,1778,0,1778
20221,A,골목상권,3110852,이수역 9번,1902,903,999,130,385,352,258,268,509,75,165,170,137,126,230,55,220,182,121,142,279,1198,0,1198
20221,A,골목상권,3110853,KT구로지사,2369,1254,1115,135,629,593,269,285,458,64,283,378,151,151,227,71,346,215,118,134,231,1645,0,1645
20221,A,골목상권,3110854,조원동주민센터,2185,1104,1081,212,427,344,317,339,546,119,205,192,148,175,265,93,222,152,169,164,281,1233,0,1233
20221,A,골목상권,3110855,신대방역 2번,4616,2270,2346,326,1380,988,556,525,841,161,592,510,309,289,409,165,788,478,247,236,432,3109,0,3109
20221,A,골목상권,3110856,미성초등학교,4246,2043,2203,469,770,795,606,629,977,226,342,413,344,297,421,243,428,382,262,332,556,2252,0,2252
20221,A,골목상권,3110857,미성동주민센터,5006,2462,2544,646,721,629,778,878,1354,333,359,331,375,437,627,313,362,298,403,441,727,2338,0,2338
20221,A,골목상권,3110858,신대방역 1번,844,420,424,55,260,168,100,90,171,27,120,89,51,49,84,28,140,79,49,41,87,586,0,586
20221,A,골목상권,3110859,난향초등학교,2852,1497,1355,329,364,314,452,474,919,157,207,186,249,263,435,172,157,128,203,211,484,1407,0,1407
20221,A,골목상권,3110860,호림박물관(성보고등학교),2357,1146,1211,190,682,425,312,327,421,97,307,233,161,162,186,93,375,192,151,165,235,1478,0,1478
20221,A,골목상권,3110861,관악구신사동주민센터,7107,3587,3520,631,1750,1213,961,1118,1434,341,869,682,488,548,659,290,881,531,473,570,775,4152,0,4152
20221,A,골목상권,3110862,난곡초등학교(난곡동벽화마을),2335,1157,1178,239,374,347,311,404,660,101,201,200,160,196,299,138,173,147,151,208,361,1181,0,1181
20221,A,골목상권,3110863,난우초등학교,4002,1985,2017,532,594,479,616,689,1092,261,310,247,319,342,506,271,284,232,297,347,586,1873,0,1873
20221,A,골목상권,3110864,신림우방아파트,5054,2528,2526,465,1324,862,677,667,1059,250,610,503,343,332,490,215,714,359,334,335,569,3022,0,3022
20221,A,골목상권,3110865,남강고등학교(남강중학교),8794,4369,4425,1073,1331,1158,1295,1627,2310,580,664,623,668,791,1043,493,667,535,627,836,1267,4205,0,4205
20221,A,골목상권,3110866,난우중학교,5033,2551,2482,528,735,669,732,866,1503,272,388,375,401,421,694,256,347,294,331,445,809,2473,0,2473
20221,A,골목상권,3110867,국제신학대학원대학교(남서울중학교),3553,1786,1767,229,1040,701,395,419,769,103,507,408,214,213,341,126,533,293,181,206,428,2280,0,2280
20221,A,골목상권,3110868,남부초등학교,3126,1560,1566,257,772,550,399,464,684,138,367,307,208,226,314,119,405,243,191,238,370,1864,0,1864
20221,A,골목상권,3110869,"신림역 5번(신림동주민센터, 신림동별빛거리)",11244,5800,5444,441,4403,2831,1283,889,1397,215,2161,1635,706,471,612,226,2242,1196,577,418,785,8805,0,8805
20221,A,골목상권,3110870,신림주공2단지(광신고등학교),2041,1013,1028,183,206,201,315,369,767,100,113,119,170,181,330,83,93,82,145,188,437,934,0,934
20221,A,골목상권,3110871,신원동주민센터,2357,1169,1188,161,550,391,276,320,659,86,275,213,151,160,284,75,275,178,125,160,375,1512,0,1512
20221,A,골목상권,3110872,신림초등학교,2608,1298,1310,247,597,425,380,358,601,124,318,239,192,174,251,123,279,186,188,184,350,1495,0,1495
20221,A,골목상권,3110873,당곡중학교,4600,2271,2329,475,920,682,656,622,1245,256,436,377,318,310,574,219,484,305,338,312,671,2473,0,2473
20221,A,골목상권,3110874,원신초등학교(구세군관악영문교회),2944,1477,1467,176,305,314,374,522,1253,100,155,186,222,283,531,76,150,128,152,239,722,1765,0,1765
20221,A,골목상권,3110875,보라매동주민센터(당곡고등학교),3122,1530,1592,295,659,575,457,413,723,140,330,318,237,188,317,155,329,257,220,225,406,1751,0,1751
20221,A,골목상권,3110915,서래초등학교,1499,705,794,335,189,162,269,242,302,172,93,70,121,112,137,163,96,92,148,130,165,542,0,542
20221,A,골목상권,3110876,서원동주민센터(신관중학교),2715,1460,1255,147,835,563,372,290,508,78,450,341,210,153,228,69,385,222,162,137,280,1925,0,1925
20221,A,골목상권,3110877,신림역 8번,3562,1881,1681,107,1367,945,377,288,478,60,660,543,220,169,229,47,707,402,157,119,249,2898,0,2898
20221,A,골목상권,3110878,미림여고,1788,931,857,218,234,239,267,296,534,116,140,137,140,137,261,102,94,102,127,159,273,790,0,790
20221,A,골목상권,3110879,신림현대아파트,1624,860,764,86,258,227,235,276,542,40,138,142,149,144,247,46,120,85,86,132,295,1092,0,1092
20221,A,골목상권,3110880,신림역 1번,1373,662,711,61,540,257,138,148,229,35,241,150,74,63,99,26,299,107,64,85,130,959,0,959
20221,A,골목상권,3110881,구립대학경로당(관악산샘말공원),10081,6426,3655,510,3011,2264,1553,1244,1499,272,1825,1577,1154,857,741,238,1186,687,399,387,758,7777,0,7777
20221,A,골목상권,3110882,신성초등학교,5190,3006,2184,375,1446,1101,725,637,906,188,799,718,486,379,436,187,647,383,239,258,470,3577,0,3577
20221,A,골목상권,3110883,은천초등학교(은천교앞),4677,2331,2346,410,1008,836,606,595,1222,213,475,480,335,292,536,197,533,356,271,303,686,2668,0,2668
20221,A,골목상권,3110884,봉천역 4번(봉천110안전센터),1287,648,639,93,389,221,151,157,276,51,183,117,90,79,128,42,206,104,61,78,148,827,0,827
20221,A,골목상권,3110885,영락고등학교,7472,3898,3574,647,1691,1430,1046,1016,1642,329,877,839,582,517,754,318,814,591,464,499,888,4361,0,4361
20221,A,골목상권,3110886,관악해태어린이공원,3465,2216,1249,156,1264,885,471,301,388,82,779,617,349,193,196,74,485,268,122,108,192,2813,0,2813
20221,A,골목상권,3110887,서울산업정보학교(서울삼성초등학교),1891,1198,693,125,691,390,247,160,278,59,472,287,161,97,122,66,219,103,86,63,156,1392,0,1392
20221,A,골목상권,3110888,청룡동주민센터,1490,742,748,88,337,230,196,212,427,56,157,119,103,118,189,32,180,111,93,94,238,1027,0,1027
20221,A,골목상권,3110889,봉천역 6번,2307,1143,1164,210,610,444,301,236,506,124,261,245,162,115,236,86,349,199,139,121,270,1347,0,1347
20221,A,골목상권,3110890,봉천역 1번(관악초등학교),3213,1514,1699,167,1225,697,308,312,504,83,513,379,152,153,234,84,712,318,156,159,270,2373,0,2373
20221,A,골목상권,3110891,구암초등학교,733,351,382,106,91,94,113,107,222,49,38,53,58,55,98,57,53,41,55,52,124,336,0,336
20221,A,골목상권,3110892,관악구 중앙길,11824,5740,6084,838,3138,2210,1383,1509,2746,430,1349,1228,760,747,1226,408,1789,982,623,762,1520,7180,0,7180
20221,A,골목상권,3110893,관악소방서(문영여고),268,134,134,27,87,41,32,36,45,12,45,21,14,17,25,15,42,20,18,19,20,164,0,164
20221,A,골목상권,3110894,관악동부센트레빌아파트(은천로35라길),1733,826,907,224,306,289,280,228,406,114,131,162,144,108,167,110,175,127,136,120,239,820,0,820
20221,A,골목상권,3110895,샤로수길,8549,4308,4241,730,2762,1672,1004,843,1538,378,1327,959,523,433,688,352,1435,713,481,410,850,5577,0,5577
20221,A,골목상권,3110896,관악우성아파트,270,138,132,27,46,34,34,44,85,16,28,19,21,17,37,11,18,15,13,27,48,152,0,152
20221,A,골목상권,3110897,서울대입구역 8번,5412,2682,2730,338,1514,1060,604,624,1272,170,710,571,329,327,575,168,804,489,275,297,697,3553,0,3553
20221,A,골목상권,3110898,청림동주민센터(상도중학교),2329,1168,1161,335,309,300,329,410,646,160,180,168,164,200,296,175,129,132,165,210,350,992,0,992
20221,A,골목상권,3110899,낙성대역 5번(관악중학교),3090,1481,1609,152,1047,810,338,259,484,80,453,447,171,119,211,72,594,363,167,140,273,2234,0,2234
20221,A,골목상권,3110900,낙성대역 1번(관악구민 종합체육센터),6186,3134,3052,486,1842,1363,783,640,1072,249,913,733,433,326,480,237,929,630,350,314,592,3992,0,3992
20221,A,골목상권,3110901,인헌고등학교(인헌중학교),4807,2265,2542,471,999,858,648,687,1144,232,445,437,321,327,503,239,554,421,327,360,641,2485,0,2485
20221,A,골목상권,3110902,사당역 4번,9756,4618,5138,766,2281,2056,1122,1322,2209,374,999,1074,589,595,987,392,1282,982,533,727,1222,5442,0,5442
20221,A,골목상권,3110903,방배아이파크아파트,4114,1903,2211,726,611,501,728,717,831,351,279,242,317,349,365,375,332,259,411,368,466,1661,0,1661
20221,A,골목상권,3110904,이수역 5번,1017,456,561,126,161,190,168,150,222,59,69,87,74,67,100,67,92,103,94,83,122,486,0,486
20221,A,골목상권,3110905,방배노인종합복지관(이수중학교),3801,1752,2049,560,561,609,579,590,902,282,273,295,249,271,382,278,288,314,330,319,520,1635,0,1635
20221,A,골목상권,3110906,서문여고,1203,516,687,215,166,165,231,190,236,80,76,68,105,90,97,135,90,97,126,100,139,501,0,501
20221,A,골목상권,3110907,방배초등학교,3518,1614,1904,699,482,482,693,489,673,311,207,238,304,245,309,388,275,244,389,244,364,1441,0,1441
20221,A,골목상권,3110908,구반포역,216,107,109,36,32,14,45,43,46,21,15,6,16,23,26,15,17,8,29,20,20,81,0,81
20221,A,골목상권,3110909,남태령역(서울전자고등학교),778,382,396,88,99,99,110,135,247,48,59,50,57,63,105,40,40,49,53,72,142,362,0,362
20221,A,골목상권,3110910,내방역 5번,2365,1058,1307,383,346,519,430,270,417,193,144,246,184,120,171,190,202,273,246,150,246,1168,0,1168
20221,A,골목상권,3110911,방배배수지체육공원,126,69,57,16,4,16,15,17,58,9,2,9,12,8,29,7,2,7,3,9,29,72,0,72
20221,A,골목상권,3110912,방배동사이길,317,145,172,51,44,49,49,48,76,24,22,22,25,24,28,27,22,27,24,24,48,146,0,146
20221,A,골목상권,3110913,방현초등학교(방배119안전센터),3887,1879,2008,503,569,578,590,636,1011,240,306,303,287,290,453,263,263,275,303,346,558,1749,0,1749
20221,A,골목상권,3110914,내방역 6번,359,170,189,57,42,71,54,42,93,26,21,32,30,18,43,31,21,39,24,24,50,150,0,150
20221,A,골목상권,3110916,내방역 4번,3971,1824,2147,542,630,770,660,534,835,283,290,344,308,236,363,259,340,426,352,298,472,1829,0,1829
20221,A,골목상권,3110917,서초소방서,930,430,500,168,121,148,170,137,186,85,60,60,76,69,80,83,61,88,94,68,106,370,0,370
20221,A,골목상권,3110918,방배역 3번,3012,1396,1616,431,472,559,491,427,632,225,220,264,222,186,279,206,252,295,269,241,353,1298,0,1298
20221,A,골목상권,3110919,내방역 8번,3127,1475,1652,537,469,442,544,523,612,292,227,180,232,256,288,245,242,262,312,267,324,1195,0,1195
20221,A,골목상권,3110920,방배역 2번(백석예술대학교),130,67,63,23,24,22,17,26,18,14,12,11,9,12,9,9,12,11,8,14,9,53,0,53
20221,A,골목상권,3110921,서울프랑스학교,1150,526,624,226,135,145,223,173,248,112,67,61,96,76,114,114,68,84,127,97,134,443,0,443
20221,A,골목상권,3110922,내방역 1번,2738,1257,1481,421,417,548,441,340,571,225,193,242,199,148,250,196,224,306,242,192,321,1261,0,1261
20221,A,골목상권,3110923,방배역 1번,463,205,258,57,69,71,75,60,131,29,29,31,35,28,53,28,40,40,40,32,78,189,0,189
20221,A,골목상권,3110924,반포4동주민센터(몽마르뜨공원),2470,1144,1326,427,320,363,465,332,563,227,149,157,218,148,245,200,171,206,247,184,318,1118,0,1118
20221,A,골목상권,3110925,서초중학교,3056,1502,1554,469,511,447,527,475,627,275,275,208,247,221,276,194,236,239,280,254,351,1263,0,1263
20221,A,골목상권,3110926,신중초등학교,3766,1799,1967,646,608,588,627,563,734,354,272,279,295,275,324,292,336,309,332,288,410,1596,0,1596
20221,A,골목상권,3110927,잠원역,273,126,147,29,20,44,40,48,92,16,8,22,19,21,40,13,12,22,21,27,52,152,0,152
20221,A,골목상권,3110928,서초우방유쉘아파트,435,220,215,57,85,93,61,42,97,29,43,46,37,22,43,28,42,47,24,20,54,234,0,234
20221,A,골목상권,3110929,남부터미널역 1번,4258,2079,2179,761,539,675,789,586,908,398,265,331,385,277,423,363,274,344,404,309,485,1776,0,1776
20221,A,골목상권,3110930,서초동성당,1972,950,1022,361,265,327,356,298,365,180,139,136,174,150,171,181,126,191,182,148,194,825,0,825
20221,A,골목상권,3110931,삼성전자서울R&D(서울우면초등학교),160,79,81,29,16,17,30,22,46,17,4,10,16,9,23,12,12,7,14,13,23,66,0,66
20221,A,골목상권,3110932,서울시인재개발원,652,301,351,136,95,104,138,95,84,63,44,45,68,49,32,73,51,59,70,46,52,281,0,281
20221,A,골목상권,3110933,한국상담대학원대학교,450,234,216,101,46,76,76,71,80,60,25,30,41,36,42,41,21,46,35,35,38,163,0,163
20221,A,골목상권,3110934,우면주공아파트,2801,1402,1399,358,376,469,429,385,784,214,202,248,237,178,323,144,174,221,192,207,461,1300,0,1300
20221,A,골목상권,3110935,한전아트센터,1076,532,544,161,165,169,183,178,220,91,90,78,87,84,102,70,75,91,96,94,118,461,0,461
20221,A,골목상권,3110936,더케이호텔(양재리본타워2단지아파트),885,431,454,99,143,167,125,148,203,55,71,84,56,70,95,44,72,83,69,78,108,425,0,425
20221,A,골목상권,3110937,방아다리근린공원(횃불트리니티신학대학원대학교),482,234,248,60,59,81,55,58,169,28,29,43,21,28,85,32,30,38,34,30,84,191,0,191
20221,A,골목상권,3110938,바우뫼공원,754,360,394,91,117,165,115,112,154,45,57,82,51,51,74,46,60,83,64,61,80,385,0,385
20221,A,골목상권,3110939,양재역 8번(양재동우체국),6198,2936,3262,652,996,1343,900,882,1425,338,460,691,423,403,621,314,536,652,477,479,804,3102,0,3102
20221,A,골목상권,3110940,양재근린공원(양재2동주민센터),1099,533,566,148,168,251,166,150,216,66,84,138,75,78,92,82,84,113,91,72,124,531,0,531
20221,A,골목상권,3110941,언남고등학교,854,439,415,98,134,180,131,135,176,52,61,100,67,72,87,46,73,80,64,63,89,425,0,425
20221,A,골목상권,3110942,염곡동 구룡사(포이동성당),8496,4226,4270,1148,1322,1749,1412,1266,1599,588,701,901,730,594,712,560,621,848,682,672,887,3987,0,3987
20221,A,골목상권,3110943,법제교육센터(버들어린이공원),1580,778,802,226,237,296,287,240,294,114,113,158,144,116,133,112,124,138,143,124,161,756,0,756
20221,A,골목상권,3110944,서울나래학교(염곡어린이공원),633,317,316,69,62,74,89,114,225,34,30,44,45,49,115,35,32,30,44,65,110,318,0,318
20221,A,골목상권,3110945,본마을노인복지센터(서초구립내곡도서관),297,153,144,26,30,38,44,43,116,13,12,22,23,21,62,13,18,16,21,22,54,146,0,146
20221,A,골목상권,3110946,청계산원터골,100,51,49,6,6,13,15,14,46,5,3,5,9,6,23,1,3,8,6,8,23,44,0,44
20221,A,골목상권,3110947,청계산입구역 2번(내곡동주민센터),357,182,175,30,33,55,46,47,146,21,18,27,25,18,73,9,15,28,21,29,73,181,0,181
20221,A,골목상권,3110948,헌인가구단지,154,112,42,32,31,10,7,23,51,30,29,7,4,15,27,2,2,3,3,8,24,54,0,54
20221,A,골목상권,3110949,한남IC,564,275,289,72,98,124,101,74,95,40,40,58,51,37,49,32,58,66,50,37,46,281,0,281
20221,A,골목상권,3110950,논현역 7번,839,382,457,104,109,121,156,126,223,47,52,52,63,58,110,57,57,69,93,68,113,338,0,338
20221,A,골목상권,3110951,신사은행나무공원,929,419,510,100,185,213,146,95,190,56,86,90,61,40,86,44,99,123,85,55,104,557,0,557
20221,A,골목상권,3110952,논현목련공원,868,389,479,57,211,243,125,78,154,33,88,115,56,31,66,24,123,128,69,47,88,571,0,571
20221,A,골목상권,3110953,학동근린공원,907,399,508,105,131,201,123,136,211,41,63,81,60,60,94,64,68,120,63,76,117,442,0,442
20221,A,골목상권,3110954,국기원,448,232,216,35,115,146,63,34,55,19,59,82,28,15,29,16,56,64,35,19,26,303,0,303
20221,A,골목상권,3110955,논현초등학교,7026,3311,3715,449,1586,1921,1170,750,1150,210,704,928,582,361,526,239,882,993,588,389,624,4495,0,4495
20221,A,골목상권,3110956,언주역 8번,588,290,298,44,132,164,80,56,112,15,61,93,43,29,49,29,71,71,37,27,63,384,0,384
20221,A,골목상권,3110957,언북중학교,1761,797,964,137,300,454,311,214,345,77,127,195,167,98,133,60,173,259,144,116,212,1088,0,1088
20221,A,골목상권,3110958,역삼역 4번,821,434,387,54,152,248,121,111,135,32,82,130,63,64,63,22,70,118,58,47,72,512,0,512
20221,A,골목상권,3110959,신구중학교,361,168,193,54,55,51,81,44,76,30,24,22,41,22,29,24,31,29,40,22,47,170,0,170
20221,A,골목상권,3110960,은광여고,807,400,407,79,187,225,99,92,125,40,84,117,51,48,60,39,103,108,48,44,65,476,0,476
20221,A,골목상권,3110961,언주역 3번,2120,980,1140,176,422,563,364,255,340,78,180,263,182,124,153,98,242,300,182,131,187,1314,0,1314
20221,A,골목상권,3110962,도산공원북측,30,13,17,2,5,11,4,2,6,2,2,5,2,0,2,0,3,6,2,2,4,16,0,16
20221,A,골목상권,3110963,역삼월드메르디앙아파트,1722,801,921,221,291,374,308,221,307,113,130,176,146,97,139,108,161,198,162,124,168,873,0,873
20221,A,골목상권,3110964,싸리고개근린공원,866,401,465,136,96,116,141,128,249,56,49,53,66,63,114,80,47,63,75,65,135,370,0,370
20221,A,골목상권,3110965,언주역 6번,2245,1052,1193,160,455,691,392,234,313,76,196,330,184,136,130,84,259,361,208,98,183,1500,0,1500
20221,A,골목상권,3110966,논현2동주민센터,2811,1217,1594,293,532,612,495,360,519,149,208,266,223,163,208,144,324,346,272,197,311,1558,0,1558
20221,A,골목상권,3110967,역삼역 8번,1279,615,664,99,234,354,249,158,185,48,108,169,119,86,85,51,126,185,130,72,100,864,0,864
20221,A,골목상권,3110968,강남구청역 2번,549,253,296,50,99,136,99,64,101,29,48,63,40,29,44,21,51,73,59,35,57,314,0,314
20221,A,골목상권,3110969,베르사이유1아파트,1202,609,593,99,227,329,215,161,171,44,108,166,118,94,79,55,119,163,97,67,92,754,0,754
20221,A,골목상권,3110970,학동초등학교,1015,469,546,113,175,279,149,139,160,60,83,120,69,67,70,53,92,159,80,72,90,540,0,540
20221,A,골목상권,3110971,선정릉역 4번,3870,1781,2089,228,782,1162,697,451,550,109,307,536,353,239,237,119,475,626,344,212,313,2549,0,2549
20221,A,골목상권,3110972,강남세브란스병원미래의학연구센터,1921,869,1052,226,324,438,302,247,384,114,136,201,138,106,174,112,188,237,164,141,210,1003,0,1003
20221,A,골목상권,3110973,강남구청역 4번,2295,1070,1225,438,328,391,457,301,380,240,146,165,207,143,169,198,182,226,250,158,211,952,0,952
20221,A,골목상권,3110974,언주중학교,1463,654,809,224,266,309,282,189,193,124,110,119,131,91,79,100,156,190,151,98,114,765,0,765
20221,A,골목상권,3110975,매봉역 1번,890,417,473,121,142,116,109,159,243,58,76,52,44,70,117,63,66,64,65,89,126,353,0,353
20221,A,골목상권,3110976,언북초등학교,2022,876,1146,270,397,432,328,248,347,126,150,182,158,121,139,144,247,250,170,127,208,1080,0,1080
20221,A,골목상권,3110977,논현로18길,691,336,355,81,99,148,96,117,150,38,55,76,52,49,66,43,44,72,44,68,84,340,0,340
20221,A,골목상권,3110978,도곡2동주민센터(대치중학교),356,154,202,31,19,45,75,61,125,17,8,18,31,29,51,14,11,27,44,32,74,255,0,255
20221,A,골목상권,3110979,청담초등학교,1131,525,606,232,133,123,184,180,279,112,71,43,82,85,132,120,62,80,102,95,147,397,0,397
20221,A,골목상권,3110980,개포지구대옆,2629,1270,1359,393,371,387,445,447,586,209,177,201,202,217,264,184,194,186,243,230,322,1125,0,1125
20221,A,골목상권,3110981,국악고교사거리,2118,1057,1061,303,333,373,344,391,374,162,185,183,168,189,170,141,148,190,176,202,204,907,0,907
20221,A,골목상권,3110982,강남구보훈회관,827,387,440,135,131,161,156,93,151,71,62,74,62,51,67,64,69,87,94,42,84,406,0,406
20221,A,골목상권,3110983,국립국악고등학교,2703,1266,1437,409,408,315,518,496,557,194,194,146,234,251,247,215,214,169,284,245,310,1231,0,1231
20221,A,골목상권,3110984,포이초등학교(개포목련어린이공원),4267,2104,2163,618,656,716,703,725,849,313,346,379,328,366,372,305,310,337,375,359,477,1912,0,1912
20221,A,골목상권,3110985,청담근린공원,956,448,508,110,162,187,153,141,203,65,73,98,58,65,89,45,89,89,95,76,114,480,0,480
20221,A,골목상권,3110986,삼성중앙역 7번,724,321,403,92,119,168,144,85,116,47,47,70,70,38,49,45,72,98,74,47,67,396,0,396
20221,A,골목상권,3110987,영동대교남단,491,229,262,78,77,79,72,81,104,41,31,37,31,36,53,37,46,42,41,45,51,199,0,199
20221,A,골목상권,3110988,청담역 3번,1318,663,655,224,162,136,198,206,392,142,88,63,89,103,178,82,74,73,109,103,214,474,0,474
20221,A,골목상권,3110989,대치동아우편취급국,1588,750,838,205,269,360,344,211,199,95,137,166,156,107,89,110,132,194,188,104,110,904,0,904
20221,A,골목상권,3110990,청담역 12번,158,73,85,12,33,26,16,23,48,5,20,10,7,13,18,7,13,16,9,10,30,77,0,77
20221,A,골목상권,3110991,삼성중앙역 5번,330,154,176,41,35,54,50,52,98,20,20,19,21,27,47,21,15,35,29,25,51,154,0,154
20221,A,골목상권,3110992,도곡초등학교,7894,3676,4218,1431,1250,1132,1562,1292,1227,754,628,517,630,619,528,677,622,615,932,673,699,3681,0,3681
20221,A,골목상권,3110993,개포지하차도 북측,234,121,113,27,36,39,33,42,57,14,24,25,14,21,23,13,12,14,19,21,34,119,0,119
20221,A,골목상권,3110994,개포고등학교,1777,891,886,275,226,239,263,285,489,152,132,126,122,134,225,123,94,113,141,151,264,797,0,797
20221,R,전통시장,3130046,team204(팀204),1,1,0,0,0,0,0,0,1,0,0,0,0,0,1,0,0,0,0,0,0,1,0,1
20221,A,골목상권,3110995,봉은사역 4번,2802,1348,1454,474,414,417,431,456,610,249,214,200,199,204,282,225,200,217,232,252,328,1097,0,1097
20221,A,골목상권,3110996,대치2동주민센터,1368,679,689,242,147,119,295,226,339,149,81,51,137,110,151,93,66,68,158,116,188,664,0,664
20221,A,골목상권,3110997,대청초등학교,7187,3566,3621,1042,1264,1174,1052,1114,1541,566,637,592,515,547,709,476,627,582,537,567,832,3441,0,3441
20221,A,골목상권,3110998,은곡마을(은곡마을공원),609,294,315,98,81,172,114,73,71,47,43,81,57,34,32,51,38,91,57,39,39,312,0,312
20221,A,골목상권,3110999,윗방죽마을공원,3223,1492,1731,168,715,1000,472,304,564,95,257,458,252,181,249,73,458,542,220,123,315,2418,0,2418
20221,A,골목상권,3111000,대왕초등학교(세곡동사거리서남측),435,209,226,58,37,69,54,59,158,26,22,31,31,26,73,32,15,38,23,33,85,196,0,196
20221,A,골목상권,3111001,아래방죽마을공원(율현초등학교),1639,807,832,292,220,402,281,190,254,154,101,194,151,94,113,138,119,208,130,96,141,777,0,777
20221,A,골목상권,3111003,삼전역 4번,10844,5106,5738,1380,1881,2343,1717,1544,1979,676,845,1162,819,715,889,704,1036,1181,898,829,1090,5373,0,5373
20221,A,골목상권,3111004,삼전역 1번,9985,4642,5343,977,1835,2173,1620,1450,1930,503,800,1025,756,682,876,474,1035,1148,864,768,1054,5691,0,5691
20221,A,골목상권,3111005,삼전역 3번,8660,4131,4529,1040,1475,1740,1393,1294,1718,536,686,857,693,594,765,504,789,883,700,700,953,4280,0,4280
20221,A,골목상권,3111006,석촌고분역 1번,8763,4032,4731,957,1561,1870,1467,1221,1687,480,670,917,677,555,733,477,891,953,790,666,954,4597,0,4597
20221,A,골목상권,3111007,석촌고분역 4번,8268,3903,4365,1118,1321,1801,1398,1094,1536,584,600,894,650,506,669,534,721,907,748,588,867,4119,0,4119
20221,A,골목상권,3111008,석촌고분역 3번,4837,2348,2489,583,782,981,765,670,1056,314,383,481,374,329,467,269,399,500,391,341,589,2338,0,2338
20221,A,골목상권,3111009,송파책박물관,1111,571,540,110,197,182,152,206,264,67,100,98,83,93,130,43,97,84,69,113,134,523,0,523
20221,A,골목상권,3111010,석촌역 7번,8953,4188,4765,894,1672,2230,1348,1164,1645,431,714,1091,670,543,739,463,958,1139,678,621,906,4884,0,4884
20221,A,골목상권,3111011,잠실나루역,301,150,151,68,32,40,71,32,58,39,16,18,35,15,27,29,16,22,36,17,31,102,0,102
20221,A,골목상권,3111012,석촌역 6번,6266,3006,3260,727,965,1218,991,938,1427,373,437,590,477,479,650,354,528,628,514,459,777,3287,0,3287
20221,A,골목상권,3111013,송파나루역 1번(송리단길),8690,4043,4647,840,1636,2026,1225,1201,1762,401,735,1010,558,531,808,439,901,1016,667,670,954,4484,0,4484
20221,A,골목상권,3111014,송파나루역 2번,3154,1520,1634,273,577,631,475,488,710,135,282,308,256,224,315,138,295,323,219,264,395,1683,0,1683
20221,A,골목상권,3111015,석촌역 3번,10401,4877,5524,1135,1972,2356,1506,1460,1972,575,863,1138,716,689,896,560,1109,1218,790,771,1076,5279,0,5279
20221,A,골목상권,3111016,송파역 2번,3349,1563,1786,469,547,472,480,536,845,240,252,224,225,258,364,229,295,248,255,278,481,1498,0,1498
20221,A,골목상권,3111017,송파나루역 3번,967,448,519,83,164,223,138,140,219,50,68,113,59,65,93,33,96,110,79,75,126,504,0,504
20221,A,골목상권,3111018,풍납초등학교(풍납백제문화공원),773,402,371,111,90,118,129,135,190,59,57,66,71,67,82,52,33,52,58,68,108,331,0,331
20221,A,골목상권,3111019,한성백제역 3번,8679,4205,4474,1122,1342,1604,1228,1369,2014,629,644,816,588,609,919,493,698,788,640,760,1095,3835,0,3835
20221,A,골목상권,3111020,방이동고분군(방산고등학교),685,337,348,116,120,103,122,109,115,65,55,49,56,56,56,51,65,54,66,53,59,276,0,276
20221,A,골목상권,3111021,방이역 4번,9969,4785,5184,1654,1564,1553,1720,1575,1903,822,804,746,817,734,862,832,760,807,903,841,1041,4179,0,4179
20221,A,골목상권,3111022,석촌중학교(방이육교),2794,1345,1449,379,467,505,402,441,600,182,236,250,189,201,287,197,231,255,213,240,313,1218,0,1218
20221,A,골목상권,3111023,문정역 1번,2005,997,1008,189,412,414,271,306,413,87,210,228,141,141,190,102,202,186,130,165,223,1026,0,1026
20221,A,골목상권,3111024,경찰병원역 4번(건너말공원),1531,784,747,189,277,269,242,238,316,108,136,151,126,119,144,81,141,118,116,119,172,738,0,738
20221,A,골목상권,3111025,경찰병원역 3번,3043,1505,1538,304,592,669,407,462,609,173,285,330,215,218,284,131,307,339,192,244,325,1468,0,1468
20221,A,골목상권,3111026,문정역 2번,4545,2275,2270,643,707,949,723,695,828,331,365,495,366,330,388,312,342,454,357,365,440,1963,0,1963
20221,A,골목상권,3111027,문정초등학교,5416,2676,2740,684,939,1121,773,871,1028,361,459,594,399,390,473,323,480,527,374,481,555,2489,0,2489
20221,A,골목상권,3111028,문현중학교(장지역 1번),1839,936,903,227,359,380,260,265,348,118,182,209,128,142,157,109,177,171,132,123,191,915,0,915
20221,A,골목상권,3111029,오금역 4번,1287,639,648,147,197,201,190,225,327,77,104,97,97,110,154,70,93,104,93,115,173,664,0,664
20221,A,골목상권,3111030,방이역 2번,1884,923,961,275,303,265,281,348,412,149,152,126,132,174,190,126,151,139,149,174,222,803,0,803
20221,A,골목상권,3111031,장지동주민센터(한림연예예술고교),3628,1765,1863,576,517,591,612,562,770,284,246,314,303,278,340,292,271,277,309,284,430,1605,0,1605
20221,A,골목상권,3111032,방이역 1번,1705,818,887,275,234,237,222,271,466,131,121,117,105,128,216,144,113,120,117,143,250,636,0,636
20221,A,골목상권,3111033,문정동성당,674,327,347,92,106,106,106,109,155,38,53,58,53,50,75,54,53,48,53,59,80,325,0,325
20221,A,골목상권,3111034,오동나무공원(송파레미니스1단지),5033,2437,2596,819,710,795,820,866,1023,434,363,408,394,384,454,385,347,387,426,482,569,2058,0,2058
20221,A,골목상권,3111035,오금공원(오주중학교),3928,1946,1982,520,619,569,612,747,861,267,336,295,293,367,388,253,283,274,319,380,473,1672,0,1672
20221,A,골목상권,3111036,투구봉어린이공원,1369,701,668,202,240,207,219,247,254,100,128,118,113,127,115,102,112,89,106,120,139,570,0,570
20221,A,골목상권,3111037,Sh수협은행 오금동금융센터(아랫말어린이공원),537,282,255,57,88,77,73,114,128,28,52,38,42,56,66,29,36,39,31,58,62,245,0,245
20221,A,골목상권,3111038,보인중학교,2407,1201,1206,336,351,309,378,444,589,183,182,165,190,213,268,153,169,144,188,231,321,1006,0,1006
20221,A,골목상권,3111039,벌말어린이공원,2044,1026,1018,255,280,315,367,342,485,130,146,171,199,164,216,125,134,144,168,178,269,960,0,960
20221,A,골목상권,3111040,거여초등학교,2343,1123,1220,282,372,303,323,452,611,153,207,154,145,192,272,129,165,149,178,260,339,961,0,961
20221,A,골목상권,3111041,거여역 8번,1757,892,865,232,256,198,227,353,491,146,121,106,103,171,245,86,135,92,124,182,246,666,0,666
20221,A,골목상권,3111042,거여역 1번(거여공원),5657,2877,2780,686,778,821,855,1011,1506,361,407,438,446,527,698,325,371,383,409,484,808,2667,0,2667
20221,A,골목상권,3111043,마천공원,3084,1589,1495,363,407,370,432,624,888,209,219,207,218,302,434,154,188,163,214,322,454,1302,0,1302
20221,A,골목상권,3111044,남천초등학교,5036,2514,2522,607,600,590,754,942,1543,280,336,332,393,480,693,327,264,258,361,462,850,2445,0,2445
20221,A,골목상권,3111045,개미어린이공원,2117,1093,1024,247,290,260,285,412,623,132,166,150,143,221,281,115,124,110,142,191,342,1020,0,1020
20221,A,골목상권,3111046,마천역(마천초등학교),8877,4550,4327,1003,1011,1098,1298,1557,2910,505,538,621,684,848,1354,498,473,477,614,709,1556,4437,0,4437
20221,A,골목상권,3111047,마천1치안센터,2487,1328,1159,207,319,299,321,492,849,115,168,179,172,285,409,92,151,120,149,207,440,1315,0,1315
20221,A,골목상권,3111048,천호역 1번(천호문구완구거리),2340,1182,1158,164,332,384,290,430,740,79,176,212,156,219,340,85,156,172,134,211,400,1328,0,1328
20221,A,골목상권,3111049,천호지구대(천호동자전거거리),4059,2023,2036,389,599,930,570,642,929,197,254,497,331,298,446,192,345,433,239,344,483,2053,0,2053
20221,A,골목상권,3111050,강동구청(강동구청역 2번),1004,473,531,169,144,177,142,153,219,76,72,89,69,71,96,93,72,88,73,82,123,412,0,412
20221,A,골목상권,3111051,천호역 6번,6783,3247,3536,541,1208,1188,919,1064,1863,278,501,628,468,522,850,263,707,560,451,542,1013,3895,0,3895
20221,A,골목상권,3111052,암사역 3번(천호동자전거거리),6010,2944,3066,965,791,1212,927,882,1233,472,372,611,503,417,569,493,419,601,424,465,664,2679,0,2679
20221,A,골목상권,3111053,성내천어린이공원(하니사랑길),4507,2189,2318,766,598,680,770,689,1004,409,320,323,366,323,448,357,278,357,404,366,556,1768,0,1768
20221,A,골목상권,3111054,암사역 4번(삼성광나루아파트),441,216,225,50,81,67,70,53,120,25,48,33,34,23,53,25,33,34,36,30,67,234,0,234
20221,A,골목상권,3111055,선사초등학교,105,54,51,14,11,32,17,12,19,10,7,17,7,6,7,4,4,15,10,6,12,60,0,60
20221,A,골목상권,3111056,천호태영아파트,802,306,496,19,330,233,105,60,55,7,85,106,51,27,30,12,245,127,54,33,25,681,0,681
20221,A,골목상권,3111057,천호공원(해공체육문화센터),4221,2130,2091,467,532,639,565,725,1293,243,284,348,292,367,596,224,248,291,273,358,697,2178,0,2178
20221,A,골목상권,3111058,성내중학교,1575,787,788,201,257,266,238,269,344,107,123,138,125,132,162,94,134,128,113,137,182,702,0,702
20221,A,골목상권,3111059,강동역 4번(강풀만화거리),11270,5620,5650,1123,1864,1890,1629,1818,2946,584,888,1015,841,901,1391,539,976,875,788,917,1555,5801,0,5801
20221,A,골목상권,3111060,암사역 2번(서울강동초등학교),9867,4868,4999,1148,1442,1639,1525,1611,2502,591,734,860,766,787,1130,557,708,779,759,824,1372,4684,0,4684
20221,A,골목상권,3111061,암사역 1번,9641,4730,4911,1102,1334,1495,1497,1639,2574,550,677,781,791,793,1138,552,657,714,706,846,1436,4713,0,4713
20221,A,골목상권,3111062,둔촌동역 3번(성내3동주민센터),3532,1774,1758,589,502,430,599,599,813,346,293,214,265,297,359,243,209,216,334,302,454,1406,0,1406
20221,A,골목상권,3111063,강동구립 천호도서관,6177,3062,3115,460,1076,1230,765,913,1733,248,460,652,418,501,783,212,616,578,347,412,950,3706,0,3706
20221,A,골목상권,3111064,둔촌동역 4번,2762,1357,1405,363,460,376,415,498,650,197,249,203,201,231,276,166,211,173,214,267,374,1196,0,1196
20221,A,골목상권,3111065,천일초등학교,2837,1466,1371,292,413,353,394,564,821,151,206,201,224,311,373,141,207,152,170,253,448,1431,0,1431
20221,A,골목상권,3111066,암사동성당(효정하나플러스아파트),5430,2691,2739,577,767,806,808,1016,1456,277,418,414,418,491,673,300,349,392,390,525,783,2600,0,2600
20221,A,골목상권,3111067,강동구립성내도서관,9441,4559,4882,1099,1526,1648,1404,1527,2237,583,763,817,711,697,988,516,763,831,693,830,1249,4459,0,4459
20221,A,골목상권,3111068,강동성심병원,351,165,186,38,58,89,59,48,59,20,25,39,30,22,29,18,33,50,29,26,30,171,0,171
20221,A,골목상권,3111069,천호1동주민센터,5329,2685,2644,552,743,815,820,931,1468,286,384,444,444,454,673,266,359,371,376,477,795,2810,0,2810
20221,A,골목상권,3111070,천호초등학교,2665,1291,1374,363,363,440,430,421,648,172,176,212,236,222,273,191,187,228,194,199,375,1283,0,1283
20221,A,골목상권,3111071,천동초등학교,1313,666,647,177,161,218,193,199,365,91,83,130,102,91,169,86,78,88,91,108,196,531,0,531
20221,A,골목상권,3111072,굽은다리역 1번(십자성마을),7359,3629,3730,932,1030,1148,1132,1177,1940,479,516,620,596,521,897,453,514,528,536,656,1043,3168,0,3168
20221,A,골목상권,3111073,둔촌동역 1번(한산중학교),7108,3505,3603,932,1051,1036,1052,1247,1790,484,504,563,508,627,819,448,547,473,544,620,971,3295,0,3295
20221,A,골목상권,3111074,명일역 1번,2331,1133,1198,364,294,317,437,373,546,190,152,168,213,180,230,174,142,149,224,193,316,964,0,964
20221,A,골목상권,3111075,굽은다리역 2번,4283,2146,2137,472,624,571,569,746,1301,235,322,310,316,367,596,237,302,261,253,379,705,2011,0,2011
20221,A,골목상권,3111076,둔촌2동주민센터,2077,1038,1039,277,315,303,287,369,526,153,158,156,145,183,243,124,157,147,142,186,283,1011,0,1011
20221,A,골목상권,3111077,길동주민센터(강동도서관),11736,5803,5933,1469,1555,1691,1812,2019,3190,784,780,890,934,958,1457,685,775,801,878,1061,1733,5387,0,5387
20221,A,골목상권,3111078,굽은다리역 4번,9399,4627,4772,1035,1454,1414,1392,1591,2513,548,715,728,725,753,1158,487,739,686,667,838,1355,4316,0,4316
20221,A,골목상권,3111079,둔촌고등학교(둔촌중학교),1950,965,985,242,322,252,264,371,499,124,159,139,134,179,230,118,163,113,130,192,269,910,0,910
20221,A,골목상권,3111080,굽은다리역 3번,2995,1448,1547,460,395,414,431,495,800,236,198,228,210,221,355,224,197,186,221,274,445,1228,0,1228
20221,A,골목상권,3111081,둔촌푸르지오아파트,259,113,146,26,50,31,32,50,70,10,25,18,13,19,28,16,25,13,19,31,42,114,0,114
20221,A,골목상권,3111082,중앙보훈병원,1122,539,583,136,186,151,143,204,302,73,90,82,75,82,137,63,96,69,68,122,165,480,0,480
20221,A,골목상권,3111083,GS강동자이아파트,3217,1578,1639,463,469,443,479,581,782,254,241,224,234,280,345,209,228,219,245,301,437,1379,0,1379
20221,A,골목상권,3111084,길동신동아아파트,1001,483,518,163,151,149,150,169,219,93,78,69,68,76,99,70,73,80,82,93,120,354,0,354
20221,A,골목상권,3111085,묘곡초등학교(고덕아이파크아파트),4222,2214,2008,519,593,476,585,813,1236,277,326,286,305,420,600,242,267,190,280,393,636,1980,0,1980
20221,A,골목상권,3111086,한영중고,2403,1173,1230,452,314,279,407,393,558,228,165,150,198,198,234,224,149,129,209,195,324,1056,0,1056
20221,A,골목상권,3111087,고덕중학교(고덕2동주민센터),2415,1285,1130,302,308,290,337,454,724,169,170,171,182,231,362,133,138,119,155,223,362,1224,0,1224
20221,A,골목상권,3111088,고덕동성당,1940,1001,939,202,254,198,245,400,641,104,146,107,135,217,292,98,108,91,110,183,349,967,0,967
20221,A,골목상권,3111089,상일여고(상일초등학교),3621,1856,1765,415,548,429,463,753,1013,209,302,241,251,371,482,206,246,188,212,382,531,1702,0,1702
20221,A,골목상권,3111090,강일동주민센터,1002,537,465,45,271,232,169,134,151,23,122,132,101,78,81,22,149,100,68,56,70,826,0,826
20221,D,발달상권,3120001,서대문역,708,441,267,49,98,92,80,157,232,26,48,54,53,113,147,23,50,38,27,44,85,513,0,513
20221,D,발달상권,3120002,서촌(경복궁역),1589,739,850,192,208,231,235,238,485,104,106,107,113,104,205,88,102,124,122,134,280,798,0,798
20221,D,발달상권,3120003,광화문역,3003,1304,1699,391,388,570,478,433,743,189,153,229,194,196,343,202,235,341,284,237,400,1571,0,1571
20221,D,발달상권,3120004,종로구청,456,231,225,49,45,76,75,80,131,29,18,36,32,47,69,20,27,40,43,33,62,276,0,276
20221,D,발달상권,3120005,삼청동,1166,561,605,123,128,185,171,175,384,66,65,86,86,88,170,57,63,99,85,87,214,582,0,582
20221,D,발달상권,3120006,종각역,431,279,152,11,71,88,67,70,124,6,43,57,42,47,84,5,28,31,25,23,40,356,0,356
20221,D,발달상권,3120007,북촌(안국역),1599,713,886,178,171,174,255,267,554,91,78,79,123,111,231,87,93,95,132,156,323,817,0,817
20221,D,발달상권,3120008,인사동,397,219,178,17,28,75,55,67,155,12,14,36,24,43,90,5,14,39,31,24,65,308,0,308
20221,D,발달상권,3120009,종로3가역,3706,2479,1227,96,369,340,463,780,1658,52,216,223,323,609,1056,44,153,117,140,171,602,3116,0,3116
20221,D,발달상권,3120010,원남동사거리,810,414,396,45,243,128,80,106,208,21,92,70,50,75,106,24,151,58,30,31,102,589,0,589
20221,D,발달상권,3120011,종로4가,937,464,473,137,120,187,130,158,205,65,62,86,69,81,101,72,58,101,61,77,104,368,0,368
20221,D,발달상권,3120012,대학로(혜화역),2009,943,1066,117,671,321,230,275,395,51,274,166,120,148,184,66,397,155,110,127,211,1346,0,1346
20221,D,발달상권,3120013,이화사거리,823,411,412,49,300,169,83,73,149,22,136,84,47,44,78,27,164,85,36,29,71,631,0,631
20221,D,발달상권,3120014,종로5가역,1017,558,459,25,291,171,87,155,288,11,136,104,58,92,157,14,155,67,29,63,131,847,0,847
20221,D,발달상권,3120015,종로6가,145,84,61,9,13,14,13,34,62,3,7,9,7,23,35,6,6,5,6,11,27,101,0,101
20221,D,발달상권,3120016,동대문역,602,418,184,19,42,47,57,134,303,9,27,32,39,102,209,10,15,15,18,32,94,466,0,466
20221,D,발달상권,3120017,동묘앞역(동묘),1020,521,499,67,173,150,146,188,296,30,83,89,72,96,151,37,90,61,74,92,145,703,0,703
20221,D,발달상권,3120018,중림동,1800,1005,795,129,231,370,338,278,454,60,98,180,203,195,269,69,133,190,135,83,185,1266,0,1266
20221,D,발달상권,3120019,경찰청앞교차로,324,143,181,38,40,78,80,41,47,16,11,39,41,15,21,22,29,39,39,26,26,194,0,194
20221,D,발달상권,3120020,시청역_1번,10,5,5,1,2,0,1,5,1,0,2,0,0,2,1,1,0,0,1,3,0,7,0,7
20221,D,발달상권,3120021,시청역_8번,25,16,9,0,2,2,2,4,15,0,2,1,1,2,10,0,0,1,1,2,5,14,0,14
20221,D,발달상권,3120022,북창동(시청역_6번),258,171,87,2,20,39,40,43,114,1,8,30,33,28,71,1,12,9,7,15,43,234,0,234
20221,D,발달상권,3120023,서울시청,19,10,9,1,1,0,4,4,9,0,0,0,3,1,6,1,1,0,1,3,3,14,0,14
20221,D,발달상권,3120024,회현역,1625,814,811,83,119,153,196,230,844,34,45,81,111,119,424,49,74,72,85,111,420,1109,0,1109
20221,D,발달상권,3120026,을지로입구역,66,38,28,4,5,5,6,16,30,2,3,3,2,11,17,2,2,2,4,5,13,48,0,48
20221,D,발달상권,3120027,명동역(명동재미로),1216,577,639,111,130,152,174,204,445,60,51,73,86,97,210,51,79,79,88,107,235,695,0,695
20221,D,발달상권,3120028,명동(명동거리),117,75,42,8,10,14,13,30,42,3,5,10,9,21,27,5,5,4,4,9,15,85,0,85
20221,D,발달상권,3120029,을지로2가,14,9,5,1,1,2,1,3,6,1,1,1,1,2,3,0,0,1,0,1,3,10,0,10
20221,D,발달상권,3120030,중부경찰서(영화인의거리),427,239,188,38,113,96,46,51,83,17,46,62,32,34,48,21,67,34,14,17,35,316,0,316
20221,D,발달상권,3120031,을지로3가역,670,395,275,7,83,114,89,103,274,4,35,62,57,73,164,3,48,52,32,30,110,588,0,588
20221,D,발달상권,3120032,충무로역,2406,1270,1136,144,385,303,297,400,877,78,202,177,174,224,415,66,183,126,123,176,462,1495,0,1495
20221,D,발달상권,3120033,을지로4가역,80,48,32,1,2,12,4,11,50,0,1,9,3,5,30,1,1,3,1,6,20,57,0,57
20221,D,발달상권,3120034,중구청(퇴계로4가),1256,637,619,118,285,292,165,200,196,62,113,168,79,107,108,56,172,124,86,93,88,739,0,739
20221,D,발달상권,3120035,퇴계로5가,389,215,174,11,113,70,43,57,95,6,50,41,28,35,55,5,63,29,15,22,40,288,0,288
20221,D,발달상권,3120036,장충동족발거리(남소영길),310,158,152,34,85,39,38,34,80,19,45,13,23,18,40,15,40,26,15,16,40,208,0,208
20221,D,발달상권,3120037,동대문역사문화공원역,2054,1067,987,106,280,301,238,358,771,52,132,161,127,206,389,54,148,140,111,152,382,1352,0,1352
20221,D,발달상권,3120038,약수역,2176,1022,1154,170,384,277,303,330,712,90,180,129,155,154,314,80,204,148,148,176,398,1252,0,1252
20221,D,발달상권,3120039,신당역,3369,1652,1717,261,748,693,443,553,671,120,328,336,230,291,347,141,420,357,213,262,324,2095,0,2095
20221,D,발달상권,3120040,용산전자상가(용산역),1415,800,615,104,191,347,254,198,321,55,102,193,167,124,159,49,89,154,87,74,162,843,0,843
20221,D,발달상권,3120041,신용산역(용산역),7176,3373,3803,667,1287,1849,993,1170,1210,344,524,865,477,558,605,323,763,984,516,612,605,4109,0,4109
20221,D,발달상권,3120042,"숙대입구역(남영역, 남영동)",316,158,158,9,89,82,49,43,44,5,37,37,28,27,24,4,52,45,21,16,20,261,0,261
20221,D,발달상권,3120043,서울역,878,774,104,6,11,34,100,279,448,2,6,32,86,265,383,4,5,2,14,14,65,836,0,836
20221,D,발달상권,3120044,삼각지역,1708,894,814,141,284,357,207,266,453,74,160,198,113,134,215,67,124,159,94,132,238,1029,0,1029
20221,D,발달상권,3120045,남영동 먹자골목,634,408,226,22,69,89,108,141,205,11,39,53,84,102,119,11,30,36,24,39,86,487,0,487
20221,D,발달상권,3120046,이태원(이태원역),2689,1360,1329,190,475,595,399,385,645,100,235,340,205,191,289,90,240,255,194,194,356,1705,0,1705
20221,D,발달상권,3120047,한남오거리,1746,794,952,142,229,405,334,234,402,64,113,178,152,110,177,78,116,227,182,124,225,1075,0,1075
20221,D,발달상권,3120048,금호역,1469,733,736,113,224,187,213,259,473,64,125,98,107,132,207,49,99,89,106,127,266,787,0,787
20221,D,발달상권,3120049,왕십리역(왕십리),2400,1136,1264,151,1070,392,196,218,373,73,465,215,95,104,184,78,605,177,101,114,189,1765,0,1765
20221,D,발달상권,3120050,서울숲역,884,435,449,88,188,194,116,136,162,44,90,103,55,70,73,44,98,91,61,66,89,491,0,491
20221,D,발달상권,3120051,뚝섬역,2209,1100,1109,231,362,394,341,361,520,116,159,194,174,208,249,115,203,200,167,153,271,1248,0,1248
20221,D,발달상권,3120052,성수역,1062,596,466,70,216,201,151,191,233,38,94,117,89,127,131,32,122,84,62,64,102,722,0,722
20221,D,발달상권,3120053,건대입구역(건대),4276,1997,2279,191,1304,696,442,444,1199,91,566,366,223,229,522,100,738,330,219,215,677,2966,0,2966
20221,D,발달상권,3120054,어린이대공원역,4222,1933,2289,344,1424,876,484,462,632,166,533,437,250,248,299,178,891,439,234,214,333,2832,0,2832
20221,D,발달상권,3120055,군자역,6446,2864,3582,429,1755,1456,744,836,1226,215,608,632,382,426,601,214,1147,824,362,410,625,4160,0,4160
20221,D,발달상권,3120056,구의역,4390,1983,2407,252,1399,1089,565,459,626,137,523,505,291,234,293,115,876,584,274,225,333,3114,0,3114
20221,D,발달상권,3120057,아차산역,3492,1639,1853,390,574,641,471,592,824,211,235,305,243,273,372,179,339,336,228,319,452,1831,0,1831
20221,D,발달상권,3120058,구의사거리,1867,938,929,245,298,318,284,271,451,131,159,157,144,141,206,114,139,161,140,130,245,925,0,925
20221,D,발달상권,3120059,구삼강변맛길,4389,2089,2300,686,714,605,774,740,870,323,324,281,360,387,414,363,390,324,414,353,456,1946,0,1946
20221,D,발달상권,3120060,강변역(테크노마트),5,4,1,0,0,1,0,1,3,0,0,1,0,0,3,0,0,0,0,1,0,5,0,5
20221,D,발달상권,3120061,올림픽대교북단,234,99,135,16,48,59,32,35,44,3,20,26,14,17,19,13,28,33,18,18,25,156,0,156
20221,D,발달상권,3120062,신설동역,3593,1835,1758,117,1175,721,424,483,673,62,396,369,273,335,400,55,779,352,151,148,273,2999,0,2999
20221,D,발달상권,3120063,청량리역(청량리),1404,821,583,60,259,190,159,266,470,25,112,94,108,174,308,35,147,96,51,92,162,1025,0,1025
20221,D,발달상권,3120064,경희대학교(경희대),691,331,360,66,246,90,78,81,130,25,105,54,36,46,65,41,141,36,42,35,65,481,0,481
20221,D,발달상권,3120065,회기역,2091,940,1151,186,832,359,222,171,321,88,316,188,108,86,154,98,516,171,114,85,167,1486,0,1486
20221,D,발달상권,3120066,장한평역(장한평),4543,2353,2190,276,1157,1067,622,625,796,137,465,579,364,365,443,139,692,488,258,260,353,3035,0,3035
20221,D,발달상권,3120067,장안동사거리,6314,3185,3129,764,1118,1377,1043,888,1124,407,473,721,560,478,546,357,645,656,483,410,578,3467,0,3467
20221,D,발달상권,3120068,사가정역,706,362,344,20,68,121,114,128,255,11,30,68,63,73,117,9,38,53,51,55,138,530,0,530
20221,D,발달상권,3120069,상봉역,6439,2955,3484,699,1444,1203,920,959,1214,344,527,563,447,485,589,355,917,640,473,474,625,3444,0,3444
20221,D,발달상권,3120070,한성대입구역,1072,508,564,91,223,155,155,153,295,48,87,75,87,80,131,43,136,80,68,73,164,701,0,701
20221,D,발달상권,3120071,성북구청,1059,457,602,66,344,219,128,131,171,34,119,93,66,72,73,32,225,126,62,59,98,746,0,746
20221,D,발달상권,3120072,성신여대,3093,1168,1925,171,1239,563,320,312,488,77,304,245,150,171,221,94,935,318,170,141,267,2335,0,2335
20221,D,발달상권,3120073,미아사거리,982,465,517,51,188,120,124,179,320,23,71,59,67,97,148,28,117,61,57,82,172,685,0,685
20221,D,발달상권,3120074,안암역,420,187,233,26,224,46,22,35,67,10,99,24,9,19,26,16,125,22,13,16,41,333,0,333
20221,D,발달상권,3120075,월곡역,2247,1023,1224,246,584,329,295,340,453,118,206,171,135,179,214,128,378,158,160,161,239,1269,0,1269
20221,D,발달상권,3120076,수유역,5624,2866,2758,280,1332,1013,892,892,1215,144,501,564,511,518,628,136,831,449,381,374,587,4009,0,4009
20221,D,발달상권,3120077,미아역,1777,907,870,153,325,208,251,332,508,83,141,116,137,180,250,70,184,92,114,152,258,1077,0,1077
20221,D,발달상권,3120078,미아사거리역,527,257,270,34,74,72,66,95,186,21,32,36,31,45,92,13,42,36,35,50,94,322,0,322
20221,D,발달상권,3120079,창동역,515,316,199,17,136,85,89,101,87,13,58,52,55,73,65,4,78,33,34,28,22,450,0,450
20221,D,발달상권,3120080,마들역,3,2,1,0,0,0,0,0,3,0,0,0,0,0,2,0,0,0,0,0,1,3,0,3
20221,D,발달상권,3120081,노원역,1060,611,449,48,260,180,152,194,226,20,104,112,96,134,145,28,156,68,56,60,81,855,0,855
20221,D,발달상권,3120082,상계백병원,80,31,49,11,19,14,13,11,12,6,6,5,6,5,3,5,13,9,7,6,9,47,0,47
20221,D,발달상권,3120083,등나무근린공원,1535,719,816,322,218,217,379,269,130,154,99,105,174,127,60,168,119,112,205,142,70,633,0,633
20221,D,발달상권,3120084,공릉역,1609,813,796,135,340,216,231,269,418,72,175,108,127,138,193,63,165,108,104,131,225,1077,0,1077
20221,D,발달상권,3120085,은행사거리,191,89,102,57,19,19,55,25,16,27,8,8,28,11,7,30,11,11,27,14,9,100,0,100
20221,D,발달상권,3120086,태릉입구역,1636,778,858,166,479,250,223,257,261,89,155,128,119,150,137,77,324,122,104,107,124,934,0,934
20221,D,발달상권,3120087,응암역,2245,1003,1242,194,469,473,349,299,461,102,172,216,166,148,199,92,297,257,183,151,262,1374,0,1374
20221,D,발달상권,3120088,구산역,1660,758,902,257,273,215,297,257,361,102,113,110,127,142,164,155,160,105,170,115,197,772,0,772
20221,D,발달상권,3120089,구파발역,3135,1406,1729,553,538,884,567,301,292,283,178,380,280,155,130,270,360,504,287,146,162,1612,0,1612
20221,D,발달상권,3120090,연신내역,2993,1366,1627,138,1003,626,339,331,556,70,383,305,172,171,265,68,620,321,167,160,291,2194,0,2194
20221,D,발달상권,3120091,본서부병원,3435,1517,1918,390,743,609,553,465,675,206,257,273,276,223,282,184,486,336,277,242,393,1936,0,1936
20221,D,발달상권,3120092,불광역,1284,614,670,74,324,249,140,198,299,35,127,129,74,99,150,39,197,120,66,99,149,845,0,845
20221,D,발달상권,3120093,연희동,1107,520,587,104,335,226,121,127,194,45,171,114,48,54,88,59,164,112,73,73,106,700,0,700
20221,D,발달상권,3120094,"신촌역(신촌역, 신촌로터리)",3725,1858,1867,134,1612,770,365,313,531,70,742,405,205,190,246,64,870,365,160,123,285,2990,0,2990
20221,D,발달상권,3120095,홍제역,1480,694,786,102,236,175,203,271,493,58,90,96,97,144,209,44,146,79,106,127,284,940,0,940
20221,D,발달상권,3120096,"이화여대(이대역, 이대)",2851,987,1864,128,1239,499,282,270,433,56,288,212,134,130,167,72,951,287,148,140,266,2265,0,2265
20221,D,발달상권,3120097,충정로역,873,324,549,30,363,293,90,43,54,11,119,107,44,19,24,19,244,186,46,24,30,718,0,718
20221,D,발달상권,3120098,DMC(디지털미디어시티),1285,501,784,95,474,308,232,111,65,46,125,130,101,68,31,49,349,178,131,43,34,981,0,981
20221,D,발달상권,3120100,망원역,1147,542,605,114,218,237,183,136,259,60,105,105,94,65,113,54,113,132,89,71,146,633,0,633
20221,D,발달상권,3120101,합정역,6959,3247,3712,1045,1428,1187,946,1060,1293,546,628,525,446,515,587,499,800,662,500,545,706,3485,0,3485
20221,D,발달상권,3120102,서교동(홍대),3224,1523,1701,264,677,664,516,427,676,131,300,315,264,208,305,133,377,349,252,219,371,1861,0,1861
20221,D,발달상권,3120103,홍대입구역(홍대),4693,2085,2608,276,1684,1067,544,426,696,143,649,513,271,206,303,133,1035,554,273,220,393,3238,0,3238
20221,D,발달상권,3120104,연남동(홍대),7337,3503,3834,606,1706,1637,1041,854,1493,319,802,805,521,403,653,287,904,832,520,451,840,4471,0,4471
20221,D,발달상권,3120105,상수역(홍대),1351,591,760,66,487,303,161,105,229,36,199,139,79,44,94,30,288,164,82,61,135,991,0,991
20221,D,발달상권,3120106,마포역,3616,1626,1990,446,472,919,737,512,530,206,186,418,303,264,249,240,286,501,434,248,281,2059,0,2059
20221,D,발달상권,3120107,공덕역(공덕오거리),2488,1106,1382,292,463,505,424,421,383,151,177,207,187,206,178,141,286,298,237,215,205,1269,0,1269
20221,D,발달상권,3120108,신정네거리역,3392,1673,1719,310,597,622,515,523,825,161,247,329,257,284,395,149,350,293,258,239,430,1994,0,1994
20221,D,발달상권,3120109,서울남부지방법원,2189,1095,1094,348,275,274,343,373,576,183,125,135,177,199,276,165,150,139,166,174,300,1055,0,1055
20221,D,발달상권,3120110,목동역 8번출구,2200,1164,1036,229,380,341,342,387,521,113,193,180,194,210,274,116,187,161,148,177,247,1182,0,1182
20221,D,발달상권,3120111,목동사거리,2454,1234,1220,236,385,478,391,379,585,132,186,245,208,188,275,104,199,233,183,191,310,1306,0,1306
20221,D,발달상권,3120112,등촌역,4543,2031,2512,351,1138,1185,606,521,742,174,401,539,311,265,341,177,737,646,295,256,401,2850,0,2850
20221,D,발달상권,3120113,오목교역,3323,1589,1734,758,405,360,658,520,622,380,192,167,311,260,279,378,213,193,347,260,343,1227,0,1227
20221,D,발달상권,3120114,목동신시가지,10522,5044,5478,2819,1102,1205,2483,1418,1495,1490,499,466,1106,785,698,1329,603,739,1377,633,797,3858,0,3858
20221,D,발달상권,3120116,송정역,861,436,425,39,253,187,97,112,173,21,116,97,54,59,89,18,137,90,43,53,84,628,0,628
20221,D,발달상권,3120117,강서농산물도매시장,48,26,22,7,15,4,4,7,11,3,6,3,3,3,8,4,9,1,1,4,3,41,0,41
20221,D,발달상권,3120118,마곡역(마곡),1725,735,990,18,696,691,205,76,39,9,182,346,130,48,20,9,514,345,75,28,19,1583,0,1583
20221,D,발달상권,3120119,발산역(마곡),2329,974,1355,56,1033,707,288,160,85,29,262,352,162,112,57,27,771,355,126,48,28,2112,0,2112
20221,D,발달상권,3120120,화곡역,2784,1304,1480,202,657,733,363,359,470,101,272,357,177,178,219,101,385,376,186,181,251,1729,0,1729
20221,D,발달상권,3120121,까치산역,3505,1591,1914,233,884,954,467,334,633,126,327,481,225,149,283,107,557,473,242,185,350,2142,0,2142
20221,D,발달상권,3120122,강서구청,6478,2907,3571,458,2103,1700,816,629,772,232,706,833,443,333,360,226,1397,867,373,296,412,4582,0,4582
20221,D,발달상권,3120123,오류동역,5234,2395,2839,314,1587,1723,620,352,638,162,565,860,330,203,275,152,1022,863,290,149,363,3946,0,3946
20221,D,발달상권,3120124,개봉동 현대아파트,3727,1824,1903,422,431,518,556,641,1159,220,210,281,302,299,512,202,221,237,254,342,647,1831,0,1831
20221,D,발달상권,3120125,구로역,2187,1133,1054,239,380,459,376,343,390,129,189,223,206,191,195,110,191,236,170,152,195,1144,0,1144
20221,D,발달상권,3120126,디지털단지오거리,599,352,247,13,105,76,75,126,204,8,61,49,49,78,107,5,44,27,26,48,97,446,0,446
20221,D,발달상권,3120127,구로구청,5087,2303,2784,368,1573,1317,755,558,516,194,509,646,388,332,234,174,1064,671,367,226,282,3664,0,3664
20221,D,발달상권,3120128,신도림역,3192,1531,1661,370,568,830,535,478,411,184,229,408,263,234,213,186,339,422,272,244,198,1605,0,1605
20221,D,발달상권,3120129,구로디지털단지,1525,795,730,84,450,461,208,141,181,44,217,252,126,81,75,40,233,209,82,60,106,1148,0,1148
20221,D,발달상권,3120130,구로디지털단지역,2067,1156,911,59,615,611,311,260,211,30,276,342,207,175,126,29,339,269,104,85,85,1747,0,1747
20221,D,발달상권,3120131,가산디지털단지,4705,2495,2210,99,2104,1369,509,293,331,40,855,872,353,201,174,59,1249,497,156,92,157,4135,0,4135
20221,D,발달상권,3120132,독산동,6630,3819,2811,479,1483,1727,954,893,1094,236,789,1115,593,530,556,243,694,612,361,363,538,4547,0,4547
20221,D,발달상권,3120133,서울시흥동우체국(홈플러스시흥점),559,280,279,39,119,99,67,88,147,23,52,52,35,46,72,16,67,47,32,42,75,337,0,337
20221,D,발달상권,3120134,구로전화국,3479,1767,1712,239,665,733,457,557,828,115,303,415,240,293,401,124,362,318,217,264,427,2172,0,2172
20221,D,발달상권,3120135,양평역,511,246,265,49,88,127,89,49,109,28,39,58,49,28,44,21,49,69,40,21,65,321,0,321
20221,D,발달상권,3120136,영등포구청역,2992,1544,1448,181,660,639,380,415,717,83,317,348,214,233,349,98,343,291,166,182,368,2043,0,2043
20221,D,발달상권,3120138,당산2동(영등포우체국),1775,843,932,169,352,309,221,233,491,85,172,153,107,118,208,84,180,156,114,115,283,1119,0,1119
20221,D,발달상권,3120139,대림3동사거리,2313,1207,1106,243,323,248,364,490,645,118,173,131,186,274,325,125,150,117,178,216,320,1232,0,1232
20221,D,발달상권,3120140,문래동주민센터,1164,578,586,171,105,144,201,203,340,84,60,59,97,113,165,87,45,85,104,90,175,597,0,597
20221,D,발달상권,3120141,영등포청과시장교차로,1335,649,686,81,301,299,156,194,304,30,128,157,90,99,145,51,173,142,66,95,159,843,0,843
20221,D,발달상권,3120142,대림역,1534,844,690,93,242,231,229,294,445,45,137,152,136,151,223,48,105,79,93,143,222,1022,0,1022
20221,D,발달상권,3120143,당산역,2879,1189,1690,79,1085,1022,261,184,248,39,308,489,138,94,121,40,777,533,123,90,127,2355,0,2355
20221,D,발달상권,3120144,영중로,1597,676,921,46,590,519,173,101,168,25,170,237,94,61,89,21,420,282,79,40,79,1356,0,1356
20221,D,발달상권,3120145,영등포역(영등포),4753,2992,1761,80,1212,1072,624,758,1007,37,536,650,455,609,705,43,676,422,169,149,302,4219,0,4219
20221,D,발달상권,3120146,한강성심병원,2442,1212,1230,60,989,909,203,134,147,29,375,530,128,77,73,31,614,379,75,57,74,2068,0,2068
20221,D,발달상권,3120147,보라매역,1093,515,578,107,259,247,155,113,212,54,101,120,73,53,114,53,158,127,82,60,98,645,0,645
20221,D,발달상권,3120148,국회의사당역(국회의사당),2445,1145,1300,223,456,800,399,264,303,113,174,381,187,138,152,110,282,419,212,126,151,1658,0,1658
20221,D,발달상권,3120149,여의도역(여의도),2805,1333,1472,470,304,336,470,516,709,223,151,131,230,253,345,247,153,205,240,263,364,1075,0,1075
20221,D,발달상권,3120150,63빌딩,637,282,355,100,61,73,101,97,205,42,27,26,50,47,90,58,34,47,51,50,115,263,0,263
20221,D,발달상권,3120151,보라매공원,5056,2353,2703,799,677,718,809,648,1405,382,309,332,383,305,642,417,368,386,426,343,763,2091,0,2091
20221,D,발달상권,3120152,신대방삼거리역,2793,1245,1548,295,658,662,372,324,482,146,226,282,191,164,236,149,432,380,181,160,246,1709,0,1709
20221,D,발달상권,3120153,노량진역(노량진),2159,1092,1067,63,1012,529,172,156,227,32,430,329,107,88,106,31,582,200,65,68,121,1856,0,1856
20221,D,발달상권,3120154,장승배기역,1002,447,555,66,271,191,120,112,242,31,110,90,59,57,100,35,161,101,61,55,142,648,0,648
20221,D,발달상권,3120155,총신대학교,2123,1020,1103,300,304,318,360,301,540,149,148,153,182,148,240,151,156,165,178,153,300,996,0,996
20221,D,발달상권,3120156,"총신대입구역(이수, 총신대)",4405,2034,2371,488,851,694,659,664,1049,237,336,323,327,335,476,251,515,371,332,329,573,2369,0,2369
20221,D,발달상권,3120157,신림역(신림),8448,4409,4039,285,3376,2264,878,671,974,148,1575,1323,504,368,491,137,1801,941,374,303,483,6728,0,6728
20221,D,발달상권,3120158,녹두거리(대학동),2123,1220,903,90,748,460,301,216,308,50,389,296,202,144,139,40,359,164,99,72,169,1747,0,1747
20221,D,발달상권,3120159,서울대입구역,8567,3745,4822,255,4457,2012,671,496,676,103,1645,1007,364,272,354,152,2812,1005,307,224,322,7285,0,7285
20221,D,발달상권,3120160,사당역(사당),3973,1867,2106,395,989,915,535,451,688,185,407,467,269,209,330,210,582,448,266,242,358,2376,0,2376
20221,D,발달상권,3120161,방배동가구거리(사당동가구거리),1317,610,707,241,195,180,261,204,236,120,98,91,115,97,89,121,97,89,146,107,147,542,0,542
20221,D,발달상권,3120162,방배동카페골목,2276,1065,1211,375,335,391,440,342,393,186,147,185,197,170,180,189,188,206,243,172,213,1096,0,1096
20221,D,발달상권,3120163,사당역 11번(사당역먹자골목),3524,1648,1876,467,506,550,549,533,919,235,243,255,266,243,406,232,263,295,283,290,513,1661,0,1661
20221,D,발달상권,3120164,내방역,2972,1379,1593,389,404,515,505,423,736,178,180,229,246,216,330,211,224,286,259,207,406,1480,0,1480
20221,D,발달상권,3120165,서래마을카페거리(서래마을),1604,745,859,336,194,208,312,234,320,178,88,87,139,117,136,158,106,121,173,117,184,618,0,618
20221,D,발달상권,3120166,방배역,3076,1493,1583,348,421,511,541,488,767,197,197,243,266,243,347,151,224,268,275,245,420,1703,0,1703
20221,D,발달상권,3120167,고속터미널(고속터미널역),304,147,157,92,27,31,70,41,43,46,16,12,30,24,19,46,11,19,40,17,24,96,0,96
20221,D,발달상권,3120168,서울고교교차로,375,190,185,62,41,94,68,44,66,38,23,46,34,18,31,24,18,48,34,26,35,149,0,149
20221,D,발달상권,3120169,서초역,2053,971,1082,269,326,374,285,338,461,140,150,172,135,163,211,129,176,202,150,175,250,917,0,917
20221,D,발달상권,3120170,삼호가든사거리,614,292,322,130,59,132,102,82,109,69,30,58,49,42,44,61,29,74,53,40,65,259,0,259
20221,D,발달상권,3120171,서초3동사거리,3163,1528,1635,359,616,583,514,482,609,187,252,285,259,245,300,172,364,298,255,237,309,1771,0,1771
20221,D,발달상권,3120172,교대입구교차로,3843,1921,1922,390,671,985,703,533,561,221,298,489,354,277,282,169,373,496,349,256,279,2327,0,2327
20221,D,발달상권,3120173,교대역(법원.검찰청),5359,2576,2783,685,929,1060,885,796,1004,345,432,505,421,404,469,340,497,555,464,392,535,2857,0,2857
20221,D,발달상권,3120174,논현역 5번,1387,653,734,173,263,259,216,189,287,90,104,122,113,87,137,83,159,137,103,102,150,717,0,717
20221,D,발달상권,3120175,남부터미널역,4099,1851,2248,450,724,1012,677,569,667,229,291,428,311,265,327,221,433,584,366,304,340,2394,0,2394
20221,D,발달상권,3120176,논현역 4번,4902,2315,2587,329,1008,1239,853,611,862,171,443,593,445,295,368,158,565,646,408,316,494,3227,0,3227
20221,D,발달상권,3120177,신논현역 1번,4597,2309,2288,238,1080,1226,739,550,764,125,498,619,410,299,358,113,582,607,329,251,406,3223,0,3223
20221,D,발달상권,3120178,신사역,3757,1859,1898,282,780,890,561,498,746,133,347,448,299,278,354,149,433,442,262,220,392,2447,0,2447
20221,D,발달상권,3120179,양재역,5125,2413,2712,574,922,1235,815,736,843,270,402,613,372,372,384,304,520,622,443,364,459,2769,0,2769
20221,D,발달상권,3120180,양재화물트럭터미널앞,1346,657,689,397,115,143,308,156,227,223,51,53,154,80,96,174,64,90,154,76,131,392,0,392
20221,D,발달상권,3120181,교육개발원입구사거리,1000,480,520,78,151,232,152,138,249,40,72,118,71,67,112,38,79,114,81,71,137,578,0,578
20221,D,발달상권,3120182,"양재시민의숲역(양재동꽃시장, aT센터)",1907,996,911,235,265,335,304,322,446,123,138,181,160,174,220,112,127,154,144,148,226,1043,0,1043
20221,D,발달상권,3120183,양재천카페거리,1202,611,591,107,173,245,247,183,247,59,90,135,128,90,109,48,83,110,119,93,138,700,0,700
20221,D,발달상권,3120184,포이사거리(삼호물산),5782,2984,2798,603,1025,1282,920,903,1049,330,488,687,476,475,528,273,537,595,444,428,521,3235,0,3235
20221,D,발달상권,3120185,논현역,3722,1809,1913,240,702,857,630,551,742,117,333,425,316,291,327,123,369,432,314,260,415,2397,0,2397
20221,D,발달상권,3120186,가로수길,3152,1382,1770,378,495,607,589,437,646,180,198,257,261,227,259,198,297,350,328,210,387,1777,0,1777
20221,D,발달상권,3120187,신논현역,5512,2640,2872,281,1241,1410,895,649,1036,134,504,686,488,347,481,147,737,724,407,302,555,3959,0,3959
20221,D,발달상권,3120188,압구정역,1129,540,589,157,157,213,198,140,264,83,79,97,92,68,121,74,78,116,106,72,143,598,0,598
20221,D,발달상권,3120189,강남역,6332,2979,3353,634,1313,1697,1025,783,880,313,537,818,493,399,419,321,776,879,532,384,461,4029,0,4029
20221,D,발달상권,3120190,강남을지병원,2366,1063,1303,254,457,495,423,288,449,129,182,233,182,142,195,125,275,262,241,146,254,1367,0,1367
20221,D,발달상권,3120191,학동역,4438,2087,2351,275,755,1109,868,578,853,139,339,539,401,301,368,136,416,570,467,277,485,2983,0,2983
20221,D,발달상권,3120192,뱅뱅사거리,6623,3041,3582,509,1616,2037,1095,647,719,250,618,966,536,332,339,259,998,1071,559,315,380,4718,0,4718
20221,D,발달상권,3120193,도산공원교차로,1184,561,623,125,177,217,210,160,295,58,97,101,110,70,125,67,80,116,100,90,170,596,0,596
20221,D,발달상권,3120194,언주역(차병원),2599,1282,1317,142,483,760,435,329,450,76,222,375,218,175,216,66,261,385,217,154,234,1764,0,1764
20221,D,발달상권,3120195,성수대교남단,444,233,211,59,65,73,87,60,100,36,32,36,44,35,50,23,33,37,43,25,50,224,0,224
20221,D,발달상권,3120196,서울세관,1453,699,754,109,189,275,280,232,368,51,87,140,139,123,159,58,102,135,141,109,209,940,0,940
20221,D,발달상권,3120197,역삼역,6083,3079,3004,523,1507,1800,856,603,794,324,602,907,475,361,410,199,905,893,381,242,384,4337,0,4337
20221,D,발달상권,3120198,구역삼세무서,7376,3813,3563,479,1410,1908,1355,980,1244,248,673,1017,733,547,595,231,737,891,622,433,649,5072,0,5072
20221,D,발달상권,3120199,경복아파트교차로,862,407,455,80,148,260,192,91,91,38,61,113,108,51,36,42,87,147,84,40,55,598,0,598
20221,D,발달상권,3120200,학동사거리,976,427,549,88,166,208,160,125,229,48,59,79,77,62,102,40,107,129,83,63,127,565,0,565
20221,D,발달상권,3120201,도곡1동,1880,867,1013,176,361,462,299,254,328,90,135,218,146,126,152,86,226,244,153,128,176,1108,0,1108
20221,D,발달상권,3120202,압구정로데오역(압구정로데오),1843,860,983,267,240,256,318,276,486,127,94,118,151,144,226,140,146,138,167,132,260,793,0,793
20221,D,발달상권,3120203,강남구청역,1522,713,809,147,292,382,251,204,246,66,136,170,111,112,118,81,156,212,140,92,128,920,0,920
20221,D,발달상권,3120204,르네상스호텔사거리,1595,712,883,107,316,509,318,182,163,53,116,235,151,81,76,54,200,274,167,101,87,1127,0,1127
20221,D,발달상권,3120205,매봉역,1116,543,573,131,209,180,176,172,248,78,88,83,96,73,125,53,121,97,80,99,123,592,0,592
20221,D,발달상권,3120206,개나리아파트,4115,1932,2183,687,712,622,766,564,764,366,326,266,355,290,329,321,386,356,411,274,435,2106,0,2106
20221,D,발달상권,3120207,선정릉역,6714,2997,3717,804,1098,1452,1288,894,1178,423,464,615,576,418,501,381,634,837,712,476,677,3816,0,3816
20221,D,발달상권,3120208,청담사거리(청담동명품거리),3501,1584,1917,373,504,586,624,510,904,184,208,269,296,228,399,189,296,317,328,282,505,1999,0,1999
20221,D,발달상권,3120209,"강남구청(청담역_8번, 강남세무서)",1374,624,750,205,242,240,225,210,252,113,100,92,99,97,123,92,142,148,126,113,129,671,0,671
20221,D,발달상권,3120210,선릉역,4780,2264,2516,332,934,1309,900,630,675,155,372,615,448,336,338,177,562,694,452,294,337,3339,0,3339
20221,D,발달상권,3120211,도성초등학교,1638,780,858,338,246,204,340,267,243,182,124,90,139,131,114,156,122,114,201,136,129,726,0,726
20221,D,발달상권,3120212,한티역,1483,713,770,271,240,150,288,289,245,141,110,71,126,152,113,130,130,79,162,137,132,683,0,683
20221,D,발달상권,3120213,삼성중앙역,4143,2023,2120,429,753,864,708,594,795,245,360,405,359,293,361,184,393,459,349,301,434,2324,0,2324
20221,D,발달상권,3120214,영동대교남단교차로,706,345,361,125,96,123,130,115,117,66,44,53,66,57,59,59,52,70,64,58,58,303,0,303
20221,D,발달상권,3120215,포스코사거리,3639,1706,1933,398,635,916,760,470,460,222,258,384,368,254,220,176,377,532,392,216,240,2275,0,2275
20221,D,발달상권,3120216,경기고교사거리(경기고교앞사거리),218,98,120,12,38,61,44,28,35,6,16,23,20,19,14,6,22,38,24,9,21,151,0,151
20221,D,발달상권,3120217,대치사거리,3838,1911,1927,633,717,676,724,551,537,377,346,337,327,278,246,256,371,339,397,273,291,2031,0,2031
20221,D,발달상권,3120218,코엑스,28,15,13,2,4,2,4,8,8,0,2,1,2,4,6,2,2,1,2,4,2,17,0,17
20221,D,발달상권,3120219,은마아파트,1101,557,544,225,169,92,250,189,176,137,90,41,111,99,79,88,79,51,139,90,97,436,0,436
20221,D,발달상권,3120220,대치역,1297,634,663,375,145,80,315,207,175,191,69,35,139,111,89,184,76,45,176,96,86,391,0,391
20221,D,발달상권,3120221,봉은사역,711,359,352,60,85,148,142,106,170,32,51,76,70,58,72,28,34,72,72,48,98,493,0,493
20221,D,발달상권,3120222,삼성역,746,381,365,62,176,173,115,116,104,38,78,78,55,75,57,24,98,95,60,41,47,508,0,508
20221,D,발달상권,3120223,휘문고교사거리,309,158,151,62,42,27,58,59,61,38,23,12,26,30,29,24,19,15,32,29,32,111,0,111
20221,D,발달상권,3120224,수서역,594,284,310,26,106,144,96,113,109,8,38,65,49,68,56,18,68,79,47,45,53,437,0,437
20221,D,발달상권,3120225,잠실새내역(신천),4074,1922,2152,274,765,912,639,554,930,142,316,443,324,276,421,132,449,469,315,278,509,2702,0,2702
20221,D,발달상권,3120226,석촌고분역,1955,922,1033,189,340,436,282,302,406,101,159,203,142,136,181,88,181,233,140,166,225,1092,0,1092
20221,D,발달상권,3120227,잠실역,5684,2620,3064,972,674,928,874,881,1355,472,310,411,397,397,633,500,364,517,477,484,722,2183,0,2183
20221,D,발달상권,3120228,석촌역(석촌호수),4223,1985,2238,388,828,906,601,605,895,201,377,420,283,291,413,187,451,486,318,314,482,2293,0,2293
20221,D,발달상권,3120229,방이동먹자골목,2889,1401,1488,137,643,708,418,422,561,68,284,351,209,220,269,69,359,357,209,202,292,2005,0,2005
20221,D,발달상권,3120230,송파사거리(송파역),1644,834,810,172,221,473,206,201,371,87,99,241,115,115,177,85,122,232,91,86,194,906,0,906
20221,D,발달상권,3120232,송파나루역,875,426,449,93,167,178,124,131,182,46,79,91,59,68,83,47,88,87,65,63,99,462,0,462
20221,D,발달상권,3120233,몽촌토성역,3436,1375,2061,98,1266,1298,364,204,206,48,379,564,164,108,112,50,887,734,200,96,94,2871,0,2871
20221,D,발달상권,3120234,가락시장역,2694,1460,1234,235,419,436,425,577,602,117,217,248,230,324,324,118,202,188,195,253,278,1472,0,1472
20221,D,발달상권,3120235,문정역,4514,1904,2610,245,1378,1658,589,357,287,122,429,725,299,207,122,123,949,933,290,150,165,3480,0,3480
20221,D,발달상권,3120236,장지역(가든파이브),167,92,75,30,28,35,24,28,22,12,18,22,15,15,10,18,10,13,9,13,12,89,0,89
20221,D,발달상권,3120237,경찰병원역,3823,1982,1841,340,617,755,620,671,820,175,298,394,320,372,423,165,319,361,300,299,397,2305,0,2305
20221,D,발달상권,3120238,방이역,501,258,243,62,69,69,88,84,129,32,35,39,41,47,64,30,34,30,47,37,65,251,0,251
20221,D,발달상권,3120239,오금역,4150,2026,2124,491,680,725,619,688,947,264,314,359,305,330,454,227,366,366,314,358,493,2024,0,2024
20221,D,발달상권,3120240,개롱역,3595,1737,1858,608,526,511,680,556,714,320,250,254,320,274,319,288,276,257,360,282,395,1478,0,1478
20221,D,발달상권,3120241,거여역,1814,931,883,200,277,225,276,347,489,106,143,124,144,177,237,94,134,101,132,170,252,883,0,883
20221,D,발달상권,3120242,강동구청역,3677,1758,1919,506,543,653,626,521,828,268,254,299,302,260,375,238,289,354,324,261,453,1741,0,1741
20221,D,발달상권,3120243,천호역,4206,2016,2190,254,807,977,658,653,857,127,313,475,341,354,406,127,494,502,317,299,451,2801,0,2801
20221,D,발달상권,3120244,암사역,2164,1092,1072,191,361,437,353,313,509,95,160,234,186,174,243,96,201,203,167,139,266,1394,0,1394
20221,D,발달상권,3120245,둔촌역,2797,1426,1371,391,370,413,443,533,647,228,185,218,223,282,290,163,185,195,220,251,357,1358,0,1358
20221,D,발달상권,3120246,길동역,6298,3044,3254,408,1703,1430,840,843,1074,199,642,736,449,457,561,209,1061,694,391,386,513,4215,0,4215
20221,D,발달상권,3120247,굽은다리역,1819,832,987,195,307,325,257,282,453,87,141,150,130,127,197,108,166,175,127,155,256,888,0,888
20221,D,발달상권,3120248,명일역,2253,1121,1132,292,294,282,412,370,603,141,147,146,200,188,299,151,147,136,212,182,304,1153,0,1153
20221,D,발달상권,3120249,고덕역,1201,545,656,191,279,239,191,159,142,114,107,104,80,73,67,77,172,135,111,86,75,627,0,627
20221,R,전통시장,3130001,통인시장,690,297,393,73,84,89,102,119,223,34,36,35,48,53,91,39,48,54,54,66,132,344,0,344
20221,R,전통시장,3130002,세종마을음식문화거리(금천교시장),571,278,293,57,79,85,79,95,176,26,48,39,40,48,77,31,31,46,39,47,99,318,0,318
20221,R,전통시장,3130004,낙원시장(낙원지하시장(대일상가)),315,145,170,36,31,33,55,40,120,21,18,14,34,14,44,15,13,19,21,26,76,144,0,144
20221,R,전통시장,3130005,세운상가가동,27,21,6,0,2,4,4,10,7,0,2,3,3,7,6,0,0,1,1,3,1,22,0,22
20221,R,전통시장,3130007,광장시장(광장전통시장),91,41,50,3,10,8,9,15,46,1,8,4,4,8,16,2,2,4,5,7,30,66,0,66
20221,R,전통시장,3130009,마전교지하쇼핑센터(구 한일상가),1,1,0,0,0,0,0,0,1,0,0,0,0,0,1,0,0,0,0,0,0,1,0,1
20221,R,전통시장,3130010,종로신진시장,112,83,29,0,4,5,16,35,52,0,1,5,14,24,39,0,3,0,2,11,13,102,0,102
20221,R,전통시장,3130011,충신시장,191,102,89,15,26,13,27,43,67,7,11,10,15,24,35,8,15,3,12,19,32,98,0,98
20221,R,전통시장,3130012,"동대문종합시장(동대문종합시장 신관, 동대문종합시장D동상가)",2,2,0,0,0,0,0,2,0,0,0,0,0,2,0,0,0,0,0,0,0,2,0,2
20221,R,전통시장,3130013,동대문상가A동,40,18,22,0,3,2,3,5,27,0,3,1,1,3,10,0,0,1,2,2,17,27,0,27
20221,R,전통시장,3130014,동문시장,128,87,41,0,13,13,10,39,53,0,8,11,5,28,35,0,5,2,5,11,18,100,0,100
20221,R,전통시장,3130015,창신골목시장,733,388,345,42,64,55,96,161,315,23,36,36,49,99,145,19,28,19,47,62,170,502,0,502
20221,R,전통시장,3130016,동대문상가B동,51,29,22,2,8,9,4,11,17,0,7,6,1,5,10,2,1,3,3,6,7,28,0,28
20221,R,전통시장,3130017,동대문상가C동,81,51,30,4,9,5,10,13,40,3,8,5,10,7,18,1,1,0,0,6,22,55,0,55
20221,R,전통시장,3130018,동대문문구완구거리(동대문문구완구시장),132,75,57,8,11,19,8,24,62,6,6,10,7,11,35,2,5,9,1,13,27,87,0,87
20221,R,전통시장,3130019,동대문상가D동,50,27,23,2,2,7,11,7,21,1,2,4,6,3,11,1,0,3,5,4,10,33,0,33
20221,R,전통시장,3130020,동묘시장(동묘벼룩시장),413,206,207,5,142,69,42,56,99,1,51,38,25,37,54,4,91,31,17,19,45,349,0,349
20221,R,전통시장,3130021,신설종합시장,8,8,0,0,0,2,0,4,2,0,0,2,0,4,2,0,0,0,0,0,0,7,0,7
20221,R,전통시장,3130024,남대문시장(자유상가),62,37,25,1,4,5,7,15,30,0,3,4,5,11,14,1,1,1,2,4,16,49,0,49
20221,R,전통시장,3130031,청계천공구상가,40,27,13,0,0,3,5,8,24,0,0,3,4,8,12,0,0,0,1,0,12,33,0,33
20221,R,전통시장,3130032,인현시장,161,96,65,9,14,18,18,35,67,6,6,9,13,25,37,3,8,9,5,10,30,94,0,94
20221,R,전통시장,3130033,대림상가(청계상가),131,83,48,2,9,19,10,34,57,1,5,10,7,24,36,1,4,9,3,10,21,87,0,87
20221,R,전통시장,3130034,필동 골목형상점가,7,4,3,0,1,1,1,2,2,0,1,1,0,2,0,0,0,0,1,0,2,6,0,6
20221,R,전통시장,3130035,방산종합시장(방산시장),316,223,93,5,37,41,32,62,139,1,26,28,22,46,100,4,11,13,10,16,39,253,0,253
20221,R,전통시장,3130036,중부시장(신중부시장),378,219,159,9,89,57,41,61,121,6,25,32,30,48,78,3,64,25,11,13,43,326,0,326
20221,R,전통시장,3130038,"평화시장(통일상가, 동화상가)",12,9,3,2,0,3,1,2,4,0,0,3,1,1,4,2,0,0,0,1,0,8,0,8
20221,R,전통시장,3130042,약수시장,477,231,246,51,66,65,59,88,148,24,28,30,28,56,65,27,38,35,31,32,83,256,0,256
20221,R,전통시장,3130047,테크노상가(엘리시움),8,7,1,2,0,1,1,3,1,2,0,0,1,3,1,0,0,1,0,0,0,6,0,6
20221,R,전통시장,3130048,동평화시장,55,26,29,2,8,8,4,12,21,2,5,2,2,5,10,0,3,6,2,7,11,37,0,37
20221,R,전통시장,3130049,신당 미래유산 먹거리 골목형상점가,152,97,55,6,17,20,18,40,51,2,10,12,15,29,29,4,7,8,3,11,22,121,0,121
20221,R,전통시장,3130050,청평화시장,3,2,1,0,0,1,0,1,1,0,0,1,0,1,0,0,0,0,0,0,1,3,0,3
20221,R,전통시장,3130051,동화동 골목형상점가,1456,710,746,184,200,204,222,261,385,85,100,97,119,145,164,99,100,107,103,116,221,683,0,683
20221,R,전통시장,3130052,서울중앙시장(신중앙시장),1317,716,601,82,154,146,142,243,550,48,81,91,80,145,271,34,73,55,62,98,279,787,0,787
20221,R,전통시장,3130053,백학시장,1018,530,488,82,110,99,143,230,354,41,68,60,81,126,154,41,42,39,62,104,200,540,0,540
20221,R,전통시장,3130054,황학동주방가구거리상점가,1199,607,592,74,251,294,132,174,274,31,120,165,71,86,134,43,131,129,61,88,140,771,0,771
20221,R,전통시장,3130055,"황학시장(서울중앙시장, 신중앙시장)",1462,761,701,90,189,224,208,247,504,53,94,112,119,142,241,37,95,112,89,105,263,909,0,909
20221,R,전통시장,3130056,용산용문시장,671,331,340,64,107,98,82,91,229,30,50,57,46,52,96,34,57,41,36,39,133,394,0,394
20221,R,전통시장,3130057,만리시장,31,18,13,2,3,1,2,8,15,1,2,1,1,4,9,1,1,0,1,4,6,17,0,17
20221,R,전통시장,3130058,이촌종합시장,112,59,53,12,15,14,16,24,31,5,9,10,7,11,17,7,6,4,9,13,14,60,0,60
20221,R,전통시장,3130059,후암시장,708,358,350,84,88,92,93,138,213,46,49,52,48,75,88,38,39,40,45,63,125,371,0,371
20221,R,전통시장,3130060,신흥시장,81,41,40,6,9,12,12,12,30,0,7,7,7,8,12,6,2,5,5,4,18,48,0,48
20221,R,전통시장,3130061,이태원시장,67,31,36,6,8,9,6,16,22,4,2,3,4,10,8,2,6,6,2,6,14,34,0,34
20221,R,전통시장,3130062,보광시장,100,48,52,9,11,12,15,14,39,5,7,7,6,8,15,4,4,5,9,6,24,58,0,58
20221,R,전통시장,3130063,신금호역 골목형상점가,422,205,217,43,66,50,72,75,116,19,31,22,35,43,55,24,35,28,37,32,61,240,0,240
20221,R,전통시장,3130064,금남시장,198,102,96,6,18,17,23,43,91,2,11,11,15,24,39,4,7,6,8,19,52,128,0,128
20221,R,전통시장,3130065,무학봉상점가,2688,1354,1334,235,451,334,382,483,803,121,220,197,199,246,371,114,231,137,183,237,432,1592,0,1592
20221,R,전통시장,3130066,행당시장상점가,1912,932,980,136,523,322,220,298,413,72,222,165,121,157,195,64,301,157,99,141,218,1241,0,1241
20221,R,전통시장,3130067,왕십리도선동상점가,3520,1694,1826,313,863,616,447,561,720,167,375,308,242,275,327,146,488,308,205,286,393,2024,0,2024
20221,R,전통시장,3130068,마장축산물시장,1800,920,880,205,258,233,249,326,529,110,125,129,140,171,245,95,133,104,109,155,284,923,0,923
20221,R,전통시장,3130069,"한양대앞상점가(한양시장, 왕십리맛골목)",540,269,271,29,320,84,23,26,58,9,165,46,13,13,23,20,155,38,10,13,35,451,0,451
20221,R,전통시장,3130070,뚝섬역상점가,1411,732,679,92,353,303,187,190,286,41,175,168,95,109,144,51,178,135,92,81,142,920,0,920
20221,R,전통시장,3130071,성수역 골목형상점가,7,5,2,1,0,0,3,3,0,1,0,0,2,2,0,0,0,0,1,1,0,5,0,5
20221,R,전통시장,3130072,성동용답상가시장,4259,2142,2117,442,629,501,631,806,1250,223,318,273,316,425,587,219,311,228,315,381,663,2147,0,2147
20221,R,전통시장,3130073,뚝도시장,519,277,242,37,74,60,70,111,167,20,42,36,42,55,82,17,32,24,28,56,85,300,0,300
20221,R,전통시장,3130074,영동교골목시장,457,234,223,34,51,44,62,103,163,19,21,28,39,53,74,15,30,16,23,50,89,275,0,275
20221,R,전통시장,3130075,노룬산시장(노룬산골목시장),95,40,55,8,10,13,10,15,39,4,4,5,6,9,12,4,6,8,4,6,27,62,0,62
20221,R,전통시장,3130076,능동로골목시장,773,381,392,44,108,98,96,135,292,19,51,53,50,75,133,25,57,45,46,60,159,448,0,448
20221,R,전통시장,3130077,조양시장,76,42,34,3,25,13,10,7,18,3,14,7,4,7,7,0,11,6,6,0,11,54,0,54
20221,R,전통시장,3130078,화양제일골목시장,898,433,465,35,350,198,93,86,136,15,150,109,56,44,59,20,200,89,37,42,77,683,0,683
20221,R,전통시장,3130079,한아름시장,346,139,207,13,166,69,26,34,38,5,57,32,13,15,17,8,109,37,13,19,21,264,0,264
20221,R,전통시장,3130080,자양종합시장(기능상실),58,28,30,13,7,8,12,8,10,5,2,4,8,3,6,8,5,4,4,5,4,19,0,19
20221,R,전통시장,3130081,자양골목전통시장(자양골목시장),1945,925,1020,217,321,322,296,321,468,111,163,167,149,140,195,106,158,155,147,181,273,982,0,982
20221,R,전통시장,3130082,면곡골목시장,228,118,110,16,38,45,15,49,65,5,22,24,7,24,36,11,16,21,8,25,29,118,0,118
20221,R,전통시장,3130083,"중곡제일시장(중곡제일골목시장, 광성시장)",826,421,405,92,126,131,116,156,205,42,67,84,56,74,98,50,59,47,60,82,107,392,0,392
20221,R,전통시장,3130084,신성시장(신성골목시장),210,99,111,16,33,34,32,38,57,11,15,18,14,17,24,5,18,16,18,21,33,111,0,111
20221,R,전통시장,3130085,용두시장,25,16,9,1,1,1,7,5,10,0,1,0,5,4,6,1,0,1,2,1,4,18,0,18
20221,R,전통시장,3130086,서울약령시장,2184,1194,990,115,285,278,298,342,866,64,145,181,174,194,436,51,140,97,124,148,430,1493,0,1493
20221,R,전통시장,3130087,경동광성상가(경동시장),73,32,41,3,7,4,7,7,45,2,5,2,4,4,15,1,2,2,3,3,30,50,0,50
20221,R,전통시장,3130088,경동시장,4,3,1,0,0,0,1,0,3,0,0,0,1,0,2,0,0,0,0,0,1,3,0,3
20221,R,전통시장,3130089,청량리수산시장,358,190,168,24,30,35,55,49,165,11,19,19,33,26,82,13,11,16,22,23,83,222,0,222
20221,R,전통시장,3130090,청량리종합시장,105,63,42,1,8,13,7,20,56,1,5,7,5,15,30,0,3,6,2,5,26,61,0,61
20221,R,전통시장,3130091,청량종합도매시장,688,339,349,35,114,94,69,103,273,14,66,50,32,63,114,21,48,44,37,40,159,412,0,412
20221,R,전통시장,3130092,청량리농수산물시장,398,219,179,32,41,38,33,67,187,24,21,22,21,35,96,8,20,16,12,32,91,229,0,229
20221,R,전통시장,3130093,동서시장,3,3,0,0,0,0,0,2,1,0,0,0,0,2,1,0,0,0,0,0,0,3,0,3
20221,R,전통시장,3130094,청량리청과물시장,65,45,20,4,4,7,7,15,28,2,1,5,6,11,20,2,3,2,1,4,8,48,0,48
20221,R,전통시장,3130095,청량리전통시장,416,274,142,4,25,30,43,83,231,3,15,16,31,67,142,1,10,14,12,16,89,348,0,348
20221,R,전통시장,3130097,답십리 건축자재시장,1527,763,764,140,224,169,192,289,513,69,125,93,94,142,240,71,99,76,98,147,273,816,0,816
20221,R,전통시장,3130098,회기시장,1239,541,698,67,561,186,112,92,221,30,221,97,60,39,94,37,340,89,52,53,127,958,0,958
20221,R,전통시장,3130099,전농로터리시장,86,52,34,4,7,6,15,21,33,2,5,5,10,13,17,2,2,1,5,8,16,54,0,54
20221,R,전통시장,3130100,답십리시장,430,213,217,47,60,58,73,64,128,17,33,33,37,34,59,30,27,25,36,30,69,210,0,210
20221,R,전통시장,3130101,답십리현대시장,272,141,131,19,36,32,33,51,101,10,19,19,20,26,47,9,17,13,13,25,54,164,0,164
20221,R,전통시장,3130102,이문제일시장,76,32,44,9,16,5,10,19,17,2,6,2,4,11,7,7,10,3,6,8,10,34,0,34
20221,R,전통시장,3130103,이경시장,236,133,103,15,26,19,31,43,102,9,17,12,18,27,50,6,9,7,13,16,52,135,0,135
20221,R,전통시장,3130104,전곡시장,595,300,295,69,64,61,103,103,195,37,34,35,56,54,84,32,30,26,47,49,111,312,0,312
20221,R,전통시장,3130105,장미제일시장(중화동제일시장),1097,544,553,107,190,145,152,213,290,60,96,78,79,108,123,47,94,67,73,105,167,570,0,570
20221,R,전통시장,3130106,중랑동부시장,1323,696,627,115,247,198,201,244,318,60,120,107,111,141,157,55,127,91,90,103,161,812,0,812
20221,R,전통시장,3130107,중랑동부시장(중랑교종합상가),175,87,88,5,29,47,31,19,44,3,13,28,16,6,21,2,16,19,15,13,23,117,0,117
20221,R,전통시장,3130108,태능엔터피아(태릉시장),316,162,154,44,40,44,41,56,91,22,26,24,18,29,43,22,14,20,23,27,48,118,0,118
20221,R,전통시장,3130109,묵1동도깨비시장,852,432,420,102,135,120,135,135,225,52,75,57,74,66,108,50,60,63,61,69,117,383,0,383
20221,R,전통시장,3130110,면목골목시장(면목시장),1569,823,746,165,223,213,249,278,441,90,116,109,143,153,212,75,107,104,106,125,229,865,0,865
20221,R,전통시장,3130111,"동원전통종합시장(동원시장, 동원전통시장 상점가)",1962,976,986,184,247,254,260,380,637,86,126,139,135,198,292,98,121,115,125,182,345,1035,0,1035
20221,R,전통시장,3130112,사가정시장,2061,1003,1058,140,330,314,261,376,640,69,159,177,134,173,291,71,171,137,127,203,349,1132,0,1132
20221,R,전통시장,3130113,신아타운,163,81,82,21,18,24,26,42,32,11,7,10,10,27,16,10,11,14,16,15,16,119,0,119
20221,R,전통시장,3130114,유영시장,105,55,50,14,13,10,19,23,26,7,7,6,10,12,13,7,6,4,9,11,13,45,0,45
20221,R,전통시장,3130115,우림골목시장,2222,1131,1091,167,354,345,272,384,700,82,167,194,162,198,328,85,187,151,110,186,372,1274,0,1274
20221,R,전통시장,3130116,동성타워프라자,249,124,125,31,34,37,22,49,76,16,17,25,12,19,35,15,17,12,10,30,41,98,0,98
20221,R,전통시장,3130117,정릉시장,945,458,487,96,180,111,106,129,323,50,82,62,61,61,142,46,98,49,45,68,181,516,0,516
20221,R,전통시장,3130118,정릉골 골목형상점가,605,304,301,76,107,75,94,98,155,40,47,37,59,51,70,36,60,38,35,47,85,274,0,274
20221,R,전통시장,3130119,정릉아리랑시장,480,214,266,42,71,66,58,79,164,16,30,39,30,33,66,26,41,27,28,46,98,229,0,229
20221,R,전통시장,3130120,돈암시장(돈암제일시장),219,83,136,15,27,43,16,21,97,6,6,21,6,10,34,9,21,22,10,11,63,130,0,130
20221,R,전통시장,3130121,길음시장,31,26,5,1,2,3,4,11,10,0,2,2,4,9,9,1,0,1,0,2,1,29,0,29
20221,R,전통시장,3130122,밤나무골시장,229,108,121,25,17,29,33,41,84,14,6,19,15,19,35,11,11,10,18,22,49,120,0,120
20221,R,전통시장,3130123,꿈의숲 장곡 골목형상점가,331,161,170,47,36,36,51,62,99,24,21,16,20,37,43,23,15,20,31,25,56,142,0,142
20221,R,전통시장,3130124,번동시장,16,8,8,5,0,1,3,1,6,3,0,0,1,0,4,2,0,1,2,1,2,8,0,8
20221,R,전통시장,3130125,장위전통시장,839,407,432,87,95,93,116,146,302,42,53,45,69,69,129,45,42,48,47,77,173,397,0,397
20221,R,전통시장,3130126,새석관시장,55,27,28,1,10,4,6,12,22,1,4,2,5,7,8,0,6,2,1,5,14,34,0,34
20221,R,전통시장,3130127,석관시장,150,82,68,10,24,12,16,35,53,8,14,7,10,21,22,2,10,5,6,14,31,87,0,87
20221,R,전통시장,3130168,연서시장,306,158,148,22,30,28,31,64,131,12,11,15,15,35,70,10,19,13,16,29,61,167,0,167
20221,R,전통시장,3130128,돌곶이시장(석관황금시장),1776,918,858,162,221,198,256,325,614,76,122,115,140,180,285,86,99,83,116,145,329,924,0,924
20221,R,전통시장,3130129,장미원골목시장,1471,728,743,200,207,230,201,243,390,103,103,129,108,120,165,97,104,101,93,123,225,662,0,662
20221,R,전통시장,3130130,수유북부골목시장,54,29,25,0,9,2,5,9,29,0,7,0,3,6,13,0,2,2,2,3,16,30,0,30
20221,R,전통시장,3130131,동북프라자,25,15,10,1,1,3,2,3,15,1,1,3,1,2,7,0,0,0,1,1,8,16,0,16
20221,R,전통시장,3130132,삼양골목시장(삼양시장),633,315,318,58,83,69,76,121,226,29,35,40,41,60,110,29,48,29,35,61,116,351,0,351
20221,R,전통시장,3130133,우이골목시장(우이시장),1598,794,804,209,219,162,246,295,467,108,118,93,124,145,206,101,101,69,122,150,261,734,0,734
20221,R,전통시장,3130134,"솔샘시장(미아6,7동골목시장)",137,67,70,11,11,18,16,20,61,3,6,13,8,8,29,8,5,5,8,12,32,78,0,78
20221,R,전통시장,3130135,수유중앙골목시장(수유중앙시장),921,464,457,94,123,116,125,191,272,48,60,59,71,96,130,46,63,57,54,95,142,457,0,457
20221,R,전통시장,3130136,수유재래시장,543,277,266,59,93,92,60,79,160,33,44,52,38,38,72,26,49,40,22,41,88,220,0,220
20221,R,전통시장,3130137,"수유전통시장(수유시장, 수유골목시장)",529,269,260,40,85,51,68,108,177,24,50,28,37,50,80,16,35,23,31,58,97,299,0,299
20221,R,전통시장,3130138,수유프라자,210,97,113,20,26,24,19,46,75,8,13,12,9,20,35,12,13,12,10,26,40,87,0,87
20221,R,전통시장,3130139,강북종합전통시장(강북종합골목시장),2207,1123,1084,146,453,329,289,376,614,76,219,199,160,183,286,70,234,130,129,193,328,1343,0,1343
20221,R,전통시장,3130140,숭인시장,227,119,108,12,34,26,35,50,70,4,17,10,20,34,34,8,17,16,15,16,36,140,0,140
20221,R,전통시장,3130141,강북북부골목시장,1076,537,539,124,182,157,201,148,264,68,84,87,108,80,110,56,98,70,93,68,154,526,0,526
20221,R,전통시장,3130143,방천골목시장,592,294,298,40,109,78,77,102,186,26,51,43,41,50,83,14,58,35,36,52,103,389,0,389
20221,R,전통시장,3130144,백운시장,453,219,234,46,65,56,69,66,151,25,26,30,32,35,71,21,39,26,37,31,80,210,0,210
20221,R,전통시장,3130145,쌍문역둘리상점가,933,450,483,95,199,174,125,134,206,51,89,91,63,60,96,44,110,83,62,74,110,473,0,473
20221,R,전통시장,3130146,쌍문시장(쌍문역골목시장),3436,1690,1746,256,626,475,519,581,979,123,302,249,275,285,456,133,324,226,244,296,523,1953,0,1953
20221,R,전통시장,3130147,쌍문역동측상점가,825,395,430,73,129,131,113,118,261,36,59,67,55,62,116,37,70,64,58,56,145,473,0,473
20221,R,전통시장,3130148,방학동도깨비시장,1109,569,540,116,156,111,143,215,368,64,93,69,72,107,164,52,63,42,71,108,204,528,0,528
20221,R,전통시장,3130149,창동신창시장,2299,1126,1173,286,339,298,344,446,586,142,176,143,191,210,264,144,163,155,153,236,322,987,0,987
20221,R,전통시장,3130150,창동골목시장,1210,591,619,128,138,138,177,214,415,69,70,73,89,106,184,59,68,65,88,108,231,632,0,632
20221,R,전통시장,3130151,신도봉시장,162,79,83,7,24,18,22,30,61,2,11,12,11,17,26,5,13,6,11,13,35,80,0,80
20221,R,전통시장,3130152,오!도봉거리 상점가,734,404,330,68,84,98,108,127,249,36,42,54,68,72,132,32,42,44,40,55,117,411,0,411
20221,R,전통시장,3130153,창동역상점가,174,141,33,5,28,22,30,45,44,2,14,20,26,41,38,3,14,2,4,4,6,159,0,159
20221,R,전통시장,3130154,상계주공1단지(가)상가,68,34,34,8,12,7,6,15,20,5,7,2,4,6,10,3,5,5,2,9,10,24,0,24
20221,R,전통시장,3130155,시영B상가(중계 그린아파트 B 상가),1,1,0,0,0,0,0,1,0,0,0,0,0,1,0,0,0,0,0,0,0,1,0,1
20221,R,전통시장,3130156,시영2단지 무지개종합상가(중계 무지개2단지아파트상가),413,181,232,56,52,89,69,48,99,29,28,39,31,19,35,27,24,50,38,29,64,209,0,209
20221,R,전통시장,3130157,상계중앙시장,1751,893,858,160,240,181,265,340,565,92,118,111,147,171,254,68,122,70,118,169,311,945,0,945
20221,R,전통시장,3130158,상계역전종합상가,1007,420,587,127,135,161,168,146,270,57,60,76,76,62,89,70,75,85,92,84,181,469,0,469
20221,R,전통시장,3130159,공릉동 도깨비시장,1767,893,874,182,342,294,211,274,464,86,165,154,120,135,233,96,177,140,91,139,231,916,0,916
20221,R,전통시장,3130160,수일시장,97,46,51,4,8,9,6,13,57,2,3,8,3,6,24,2,5,1,3,7,33,61,0,61
20221,R,전통시장,3130161,증산종합시장,148,59,89,21,18,19,21,21,48,12,4,8,11,7,17,9,14,11,10,14,31,71,0,71
20221,R,전통시장,3130162,증산골목시장,140,84,56,10,11,12,19,31,57,6,7,10,10,23,28,4,4,2,9,8,29,96,0,96
20221,R,전통시장,3130163,응암오거리상점가,1526,724,802,131,256,237,225,251,426,63,117,113,110,125,196,68,139,124,115,126,230,846,0,846
20221,R,전통시장,3130164,역촌중앙시장,84,39,45,1,14,11,14,16,28,0,6,5,9,8,11,1,8,6,5,8,17,56,0,56
20221,R,전통시장,3130165,"대림골목시장(대림시장, 양지시장)",489,243,246,58,54,50,65,96,166,30,32,30,34,53,64,28,22,20,31,43,102,257,0,257
20221,R,전통시장,3130166,응암시장(신응암시장),201,99,102,35,21,25,35,27,58,16,12,13,17,15,26,19,9,12,18,12,32,81,0,81
20221,R,전통시장,3130167,연신내상점가(연빛거리),1504,739,765,125,326,242,202,227,382,57,152,112,110,124,184,68,174,130,92,103,198,923,0,923
20221,R,전통시장,3130169,대조시장,1849,850,999,124,314,298,281,243,589,56,144,154,139,121,236,68,170,144,142,122,353,1100,0,1100
20221,R,전통시장,3130170,제일시장,83,41,42,6,9,18,15,12,23,3,4,8,8,6,12,3,5,10,7,6,11,45,0,45
20221,R,전통시장,3130171,불광먹자골목 골목형상점가,1194,527,667,66,310,267,162,153,236,28,130,124,80,71,94,38,180,143,82,82,142,809,0,809
20221,R,전통시장,3130172,모래내시장(서중시장),81,54,27,1,2,9,11,18,40,1,1,8,8,14,22,0,1,1,3,4,18,59,0,59
20221,R,전통시장,3130173,백련시장,137,60,77,6,16,20,16,24,55,3,7,9,7,10,24,3,9,11,9,14,31,71,0,71
20221,R,전통시장,3130175,신촌 상인회(신촌상점가),3,1,2,0,3,0,0,0,0,0,1,0,0,0,0,0,2,0,0,0,0,3,0,3
20221,R,전통시장,3130176,유진상가,286,132,154,28,41,32,28,53,104,12,18,20,14,21,47,16,23,12,14,32,57,107,0,107
20221,R,전통시장,3130177,인왕시장(홍제골목형상점가),262,126,136,18,33,25,33,61,92,11,14,13,17,34,37,7,19,12,16,27,55,152,0,152
20221,R,전통시장,3130178,이대 앞 스타트업 상점가,48,15,33,2,18,5,7,4,12,1,2,3,2,2,5,1,16,2,5,2,7,35,0,35
20221,R,전통시장,3130179,"이화여대 3,5,7길 상점가",1402,317,1085,48,958,181,61,72,82,14,165,53,23,32,30,34,793,128,38,40,52,1238,0,1238
20221,R,전통시장,3130180,포방터시장,593,295,298,62,69,78,70,100,214,33,35,45,34,53,95,29,34,33,36,47,119,310,0,310
20221,R,전통시장,3130181,아현가구거리상점가,647,357,290,36,97,82,86,146,200,23,54,52,50,86,92,13,43,30,36,60,108,399,0,399
20221,R,전통시장,3130182,영천시장,446,233,213,28,64,53,56,80,165,16,34,33,38,46,66,12,30,20,18,34,99,294,0,294
20221,R,전통시장,3130183,상암동상점가,2863,1430,1433,294,611,569,416,361,612,146,287,304,219,200,274,148,324,265,197,161,338,1679,0,1679
20221,R,전통시장,3130185,망원월드컵시장,874,381,493,114,170,137,132,116,205,55,60,68,63,57,78,59,110,69,69,59,127,452,0,452
20221,R,전통시장,3130186,망원시장,1943,900,1043,191,282,329,315,288,538,99,133,158,146,140,224,92,149,171,169,148,314,1068,0,1068
20221,R,전통시장,3130187,영진시장,271,119,152,34,37,52,40,42,66,18,14,18,22,22,25,16,23,34,18,20,41,134,0,134
20221,R,전통시장,3130188,합정시장,71,30,41,3,17,18,9,6,18,1,8,8,5,2,6,2,9,10,4,4,12,37,0,37
20221,R,전통시장,3130189,서교시장,23,15,8,1,3,9,1,1,8,1,3,5,1,1,4,0,0,4,0,0,4,21,0,21
20221,R,전통시장,3130190,홍대소상공인상점가,339,183,156,15,137,58,41,30,58,9,75,35,24,17,23,6,62,23,17,13,35,258,0,258
20221,R,전통시장,3130191,홍대 걷고싶은 거리,497,240,257,30,127,104,51,53,132,13,57,59,29,26,56,17,70,45,22,27,76,328,0,328
20221,R,전통시장,3130192,동진시장,35,18,17,2,9,7,3,3,11,1,6,2,2,2,5,1,3,5,1,1,6,18,0,18
20221,R,전통시장,3130193,신수시장,64,27,37,5,8,17,8,7,19,2,4,6,4,5,6,3,4,11,4,2,13,40,0,40
20221,R,전통시장,3130194,용강동 상점가,756,389,367,144,91,112,171,102,136,67,53,58,89,55,67,77,38,54,82,47,69,358,0,358
20221,R,전통시장,3130195,도화동 상점가,2517,1170,1347,231,442,469,349,375,651,128,186,220,179,187,270,103,256,249,170,188,381,1475,0,1475
20221,R,전통시장,3130196,공덕시장,12,7,5,0,1,3,1,2,5,0,1,1,1,1,3,0,0,2,0,1,2,5,0,5
20221,R,전통시장,3130197,마포시장,61,52,9,0,1,5,4,27,24,0,0,5,4,24,19,0,1,0,0,3,5,59,0,59
20221,R,전통시장,3130198,아현시장,675,320,355,58,111,85,99,88,234,35,49,47,55,43,91,23,62,38,44,45,143,404,0,404
20221,R,전통시장,3130199,신월3동 골목시장,828,466,362,73,78,72,108,181,316,36,40,45,65,112,168,37,38,27,43,69,148,497,0,497
20221,R,전통시장,3130200,"신월7동 골목시장(약수시장, 우성상가)",264,130,134,32,39,24,40,50,79,14,18,12,25,25,36,18,21,12,15,25,43,110,0,110
20221,R,전통시장,3130201,월정로시장,1426,754,672,141,166,179,202,275,463,79,89,98,110,148,230,62,77,81,92,127,233,756,0,756
20221,R,전통시장,3130202,신영시장,1178,576,602,147,155,121,197,204,354,64,85,69,92,110,156,83,70,52,105,94,198,582,0,582
20221,R,전통시장,3130203,서서울 골목형상점가,565,277,288,47,53,70,82,117,196,25,28,40,40,60,84,22,25,30,42,57,112,345,0,345
20221,R,전통시장,3130204,경창시장,815,396,419,141,80,104,138,129,223,68,43,52,70,67,96,73,37,52,68,62,127,322,0,322
20221,R,전통시장,3130205,신곡종합시장(신월6동 골목시장),129,72,57,11,14,9,22,23,50,8,8,8,10,15,23,3,6,1,12,8,27,72,0,72
20221,R,전통시장,3130206,신정3동 골목시장,47,27,20,3,3,8,4,12,17,3,1,4,2,7,10,0,2,4,2,5,7,30,0,30
20221,R,전통시장,3130207,신정1동 골목시장(신정제일시장),191,95,96,27,15,32,20,27,70,12,6,16,11,15,35,15,9,16,9,12,35,106,0,106
20221,R,전통시장,3130208,목동깨비시장(목3동시장),1237,608,629,147,197,259,185,169,280,75,87,130,98,85,133,72,110,129,87,84,147,643,0,643
20221,R,전통시장,3130209,목사랑시장(목4동시장),1630,815,815,254,265,170,240,303,398,150,146,85,110,137,187,104,119,85,130,166,211,645,0,645
20221,R,전통시장,3130210,목2동시장,1293,593,700,80,247,273,141,182,370,34,85,138,67,103,166,46,162,135,74,79,204,841,0,841
20221,R,전통시장,3130211,신정2동 골목시장(오목교중앙시장),786,397,389,86,104,89,123,151,233,46,63,53,65,73,97,40,41,36,58,78,136,369,0,369
20221,R,전통시장,3130212,공항시장,375,188,187,10,117,109,33,37,69,7,36,68,19,22,36,3,81,41,14,15,33,307,0,307
20221,R,전통시장,3130213,방신전통시장,455,225,230,62,62,57,62,75,137,34,32,30,35,33,61,28,30,27,27,42,76,194,0,194
20221,R,전통시장,3130214,송화벽화시장(송화골목시장),657,320,337,108,111,111,108,102,117,50,52,61,47,53,57,58,59,50,61,49,60,320,0,320
20221,R,전통시장,3130216,화곡중앙시장,969,471,498,130,129,188,148,146,228,55,58,102,73,69,114,75,71,86,75,77,114,455,0,455
20221,R,전통시장,3130217,화곡본동시장,340,151,189,36,58,60,53,39,94,16,23,28,28,17,39,20,35,32,25,22,55,179,0,179
20221,R,전통시장,3130218,신월중앙시장,76,43,33,9,14,13,16,10,14,5,7,10,8,7,6,4,7,3,8,3,8,45,0,45
20221,R,전통시장,3130219,까치산시장,963,447,516,95,150,167,156,134,261,46,62,81,79,64,115,49,88,86,77,70,146,512,0,512
20221,R,전통시장,3130220,등마루시장,590,223,367,16,33,22,20,46,453,10,12,11,7,20,163,6,21,11,13,26,290,393,0,393
20221,R,전통시장,3130221,"남부골목시장(남부화곡시장, 남부시장)",2003,957,1046,210,254,286,300,331,622,112,138,139,150,158,260,98,116,147,150,173,362,951,0,951
20221,R,전통시장,3130222,오류시장,167,85,82,9,24,13,22,34,65,5,11,7,16,22,24,4,13,6,6,12,41,109,0,109
20221,R,전통시장,3130223,고척근린시장,559,272,287,50,83,57,80,95,194,24,36,32,46,43,91,26,47,25,34,52,103,313,0,313
20221,R,전통시장,3130224,개봉프라자(고척근린시장),145,70,75,24,8,25,23,19,46,12,5,14,12,9,18,12,3,11,11,10,28,61,0,61
20221,R,전통시장,3130225,개봉중앙시장,3033,1478,1555,300,462,403,443,540,885,166,235,215,236,249,377,134,227,188,207,291,508,1332,0,1332
20221,R,전통시장,3130226,고척프라자,26,13,13,0,2,2,2,5,15,0,1,2,1,1,8,0,1,0,1,4,7,19,0,19
20221,R,전통시장,3130227,고척골목시장상점가(그라운드 고척),271,135,136,13,43,32,30,44,109,4,28,19,15,26,43,9,15,13,15,18,66,160,0,160
20221,R,전통시장,3130228,구로시장,233,121,112,17,25,12,27,56,96,7,14,5,15,34,46,10,11,7,12,22,50,135,0,135
20221,R,전통시장,3130229,남구로시장,636,375,261,60,37,72,92,145,230,29,19,47,56,102,122,31,18,25,36,43,108,402,0,402
20221,R,전통시장,3130230,가리봉시장,152,80,72,10,20,16,13,34,59,5,10,10,2,23,30,5,10,6,11,11,29,103,0,103
20221,R,전통시장,3130231,독산동 우시장,1549,806,743,204,301,540,191,164,149,107,123,307,110,85,74,97,178,233,81,79,75,881,0,881
20221,R,전통시장,3130232,독산동 맛나는거리상점가(독산동 맛나는거리),818,428,390,68,120,105,95,160,270,36,62,57,49,91,133,32,58,48,46,69,137,470,0,470
20221,R,전통시장,3130233,남문시장,1479,736,743,147,190,139,191,339,473,82,92,72,91,167,232,65,98,67,100,172,241,781,0,781
20221,R,전통시장,3130234,푸른터시장(기능상실),228,117,111,22,30,52,32,43,49,14,13,27,16,25,22,8,17,25,16,18,27,127,0,127
20221,R,전통시장,3130235,대명여울빛거리시장(대명시장),1058,544,514,23,144,167,156,174,394,13,69,93,87,94,188,10,75,74,69,80,206,843,0,843
20221,R,전통시장,3130236,비단길현대시장(현대시장),2057,1005,1052,167,304,218,257,393,718,78,159,119,138,192,319,89,145,99,119,201,399,1174,0,1174
20221,R,전통시장,3130237,박미시장(기능상실),282,144,138,15,28,30,52,49,108,10,18,11,26,27,52,5,10,19,26,22,56,174,0,174
20221,R,전통시장,3130238,은행나무시장,1183,579,604,130,174,160,188,189,342,57,85,88,100,105,144,73,89,72,88,84,198,592,0,592
20221,R,전통시장,3130240,영등포유통상가,50,40,10,0,1,5,8,13,23,0,1,4,6,12,17,0,0,1,2,1,6,47,0,47
20221,R,전통시장,3130241,선유도역 골목형상점가,1456,749,707,163,209,322,216,212,334,91,100,169,119,116,154,72,109,153,97,96,180,777,0,777
20221,R,전통시장,3130242,대림중앙 골목형상점가,432,202,230,30,46,36,53,90,177,15,24,16,26,43,78,15,22,20,27,47,99,228,0,228
20221,R,전통시장,3130243,도림시장,74,36,38,7,18,23,5,6,15,4,8,13,3,3,5,3,10,10,2,3,10,52,0,52
20221,R,전통시장,3130244,대림중앙시장,982,475,507,82,110,94,131,186,379,46,64,51,70,85,159,36,46,43,61,101,220,533,0,533
20221,R,전통시장,3130245,영일시장,178,121,57,2,10,17,20,45,84,1,4,15,14,38,49,1,6,2,6,7,35,138,0,138
20221,R,전통시장,3130246,영등포청과시장(조광시장),1705,934,771,83,333,407,199,252,431,41,161,241,119,156,216,42,172,166,80,96,215,1118,0,1118
20221,R,전통시장,3130247,우리시장,368,189,179,38,51,42,49,62,126,22,30,25,22,30,60,16,21,17,27,32,66,182,0,182
20221,R,전통시장,3130248,영등포역지하도상점가,46,28,18,4,3,6,5,9,19,2,3,4,0,8,11,2,0,2,5,1,8,33,0,33
20221,R,전통시장,3130249,동남상가,150,73,77,15,9,11,26,28,61,10,4,8,14,14,23,5,5,3,12,14,38,69,0,69
20221,R,전통시장,3130250,삼구시장(로타리상가),8,6,2,0,0,0,0,2,6,0,0,0,0,1,5,0,0,0,0,1,1,7,0,7
20221,R,전통시장,3130253,영신상가(제일상가),45,39,6,0,3,1,4,10,27,0,1,1,4,9,24,0,2,0,0,1,3,42,0,42
20221,R,전통시장,3130254,남서울상가,2,2,0,0,0,0,0,0,2,0,0,0,0,0,2,0,0,0,0,0,0,2,0,2
20221,R,전통시장,3130255,영등포전통시장,1053,661,392,41,135,142,115,207,413,27,73,97,78,157,229,14,62,45,37,50,184,757,0,757
20221,R,전통시장,3130256,신동시장,44,20,24,4,2,3,7,11,17,3,2,2,1,6,6,1,0,1,6,5,11,25,0,25
20221,R,전통시장,3130257,영등포시장기계공구상가,591,339,252,26,189,148,58,69,101,8,87,90,43,49,62,18,102,58,15,20,39,473,0,473
20221,R,전통시장,3130258,영진시장A동,101,47,54,11,16,10,11,24,29,4,9,4,5,10,15,7,7,6,6,14,14,47,0,47
20221,R,전통시장,3130259,대신시장,213,98,115,23,25,22,30,37,76,10,13,9,12,20,34,13,12,13,18,17,42,82,0,82
20221,R,전통시장,3130260,신대방1동골목상권,505,245,260,44,74,54,69,83,181,25,30,28,32,39,91,19,44,26,37,44,90,303,0,303
20221,R,전통시장,3130261,성대전통시장(성대시장),1954,903,1051,165,343,328,283,297,538,75,137,160,138,153,240,90,206,168,145,144,298,1222,0,1222
20221,R,전통시장,3130262,상도도깨비 골목형상점가,888,440,448,83,130,146,139,138,252,51,62,82,71,69,105,32,68,64,68,69,147,488,0,488
20221,R,전통시장,3130263,신노량진시장(기능상실),228,118,110,15,31,29,33,39,81,7,15,21,19,20,36,8,16,8,14,19,45,132,0,132
20221,R,전통시장,3130264,상도약수골목형상점가,522,244,278,60,106,99,69,82,106,29,48,45,36,38,48,31,58,54,33,44,58,260,0,260
20221,R,전통시장,3130265,노량진중앙시장,115,60,55,3,47,32,7,6,20,1,25,20,1,4,9,2,22,12,6,2,11,97,0,97
20221,R,전통시장,3130266,만양로상점가,66,44,22,3,18,19,8,7,11,1,11,14,8,6,4,2,7,5,0,1,7,53,0,53
20221,R,전통시장,3130267,본동인정시장(기능상실),280,157,123,9,43,41,40,55,92,3,30,23,30,30,41,6,13,18,10,25,51,184,0,184
20221,R,전통시장,3130268,상도전통시장,1587,765,822,119,342,214,205,222,485,65,172,120,98,116,194,54,170,94,107,106,291,975,0,975
20221,R,전통시장,3130269,강남시장(동작구 강남시장),97,42,55,7,14,16,8,18,34,5,3,8,5,6,15,2,11,8,3,12,19,57,0,57
20221,R,전통시장,3130270,흑석시장,50,22,28,5,6,7,7,6,19,3,2,5,6,2,4,2,4,2,1,4,15,32,0,32
20221,R,전통시장,3130271,남성역골목시장,550,241,309,33,114,83,73,66,181,15,43,45,34,30,74,18,71,38,39,36,107,325,0,325
20221,R,전통시장,3130272,사당시장,10,7,3,0,2,1,1,3,3,0,2,1,1,1,2,0,0,0,0,2,1,5,0,5
20221,R,전통시장,3130273,남성사계시장(남성시장),721,365,356,36,138,118,113,100,216,27,62,58,64,55,99,9,76,60,49,45,117,463,0,463
20221,R,전통시장,3130274,사당1동먹자골목상점가(사당1동먹자골목),774,374,400,32,213,160,82,96,191,12,92,84,47,50,89,20,121,76,35,46,102,544,0,544
20221,R,전통시장,3130275,강남골목시장,387,188,199,30,84,72,42,57,102,9,41,38,23,30,47,21,43,34,19,27,55,247,0,247
20221,R,전통시장,3130276,신림중앙시장(조원동 펭귄시장),66,42,24,5,22,13,7,9,10,2,10,11,5,8,6,3,12,2,2,1,4,56,0,56
20221,R,전통시장,3130277,조원동 펭귄시장(신림중앙시장),1363,701,662,123,325,264,178,176,297,60,159,156,103,90,133,63,166,108,75,86,164,832,0,832
20221,R,전통시장,3130278,미성동 도깨비시장 골목형상점가,777,361,416,63,117,79,104,135,279,34,53,37,58,61,118,29,64,42,46,74,161,407,0,407
20221,R,전통시장,3130279,관악신사시장,2181,1078,1103,158,486,347,292,349,549,88,219,194,153,177,247,70,267,153,139,172,302,1355,0,1355
20221,R,전통시장,3130280,신림종합시장,250,138,112,13,86,54,25,29,43,9,47,36,16,11,19,4,39,18,9,18,24,191,0,191
20221,R,전통시장,3130281,우림시장,83,37,46,15,4,18,15,9,22,4,3,8,8,5,9,11,1,10,7,4,13,35,0,35
20221,R,전통시장,3130282,난곡 골목형상점가,336,165,171,42,41,64,35,44,110,19,23,35,21,22,45,23,18,29,14,22,65,166,0,166
20221,R,전통시장,3130283,신원시장,439,254,185,18,109,75,39,80,118,12,53,51,27,49,62,6,56,24,12,31,56,300,0,300
20221,R,전통시장,3130284,관악종합시장(신원시장),13,10,3,0,1,3,2,3,4,0,1,2,2,2,3,0,0,1,0,1,1,11,0,11
20221,R,전통시장,3130285,서원동상점가,865,400,465,16,418,242,71,64,54,9,158,132,40,30,31,7,260,110,31,34,23,751,0,751
20221,R,전통시장,3130286,신신림시장(삼성동시장),30,15,15,0,2,1,2,9,16,0,1,0,2,7,5,0,1,1,0,2,11,21,0,21
20221,R,전통시장,3130287,삼성동 시장(삼성동시장),162,101,61,8,18,18,17,21,80,5,14,13,11,11,47,3,4,5,6,10,33,117,0,117
20221,R,전통시장,3130288,신림현대종합상가,19,7,12,2,3,4,1,4,5,0,1,1,0,2,3,2,2,3,1,2,2,10,0,10
20221,R,전통시장,3130290,영림시장,2084,929,1155,122,670,307,198,248,539,58,247,162,102,137,223,64,423,145,96,111,316,1468,0,1468
20221,R,전통시장,3130291,봉천제일종합시장,168,83,85,1,65,20,11,34,37,0,21,14,4,23,21,1,44,6,7,11,16,151,0,151
20221,R,전통시장,3130292,봉천현대시장,11,4,7,0,4,0,1,3,3,0,2,0,0,2,0,0,2,0,1,1,3,5,0,5
20221,R,전통시장,3130293,봉천중앙시장,421,212,209,14,186,121,30,38,32,6,83,68,16,22,17,8,103,53,14,16,15,322,0,322
20221,R,전통시장,3130294,관악중부시장,588,280,308,32,155,132,78,48,143,14,65,72,41,25,63,18,90,60,37,23,80,409,0,409
20221,R,전통시장,3130295,인헌시장(원당종합시장),1385,693,692,76,308,292,172,178,359,41,149,145,83,112,163,35,159,147,89,66,196,951,0,951
20221,R,전통시장,3130296,남부종합시장,197,93,104,42,20,26,39,26,44,20,12,11,16,14,20,22,8,15,23,12,24,79,0,79
20221,R,전통시장,3130301,양재시장,201,100,101,11,49,55,22,29,35,6,25,30,9,15,15,5,24,25,13,14,20,132,0,132
20221,R,전통시장,3130302,강남시장(강남구 강남시장),272,117,155,37,24,54,52,28,77,19,11,22,23,12,30,18,13,32,29,16,47,109,0,109
20221,R,전통시장,3130303,영동전통시장,1142,546,596,78,215,277,196,161,215,35,99,131,95,88,98,43,116,146,101,73,117,728,0,728
20221,R,전통시장,3130305,논현종합시장,84,38,46,7,7,13,20,6,31,3,2,4,11,4,14,4,5,9,9,2,17,47,0,47
20221,R,전통시장,3130306,강남언주로,408,199,209,19,91,110,69,49,70,6,44,60,38,23,28,13,47,50,31,26,42,274,0,274
20221,R,전통시장,3130307,도곡시장,35,20,15,8,1,4,7,7,8,6,0,2,4,3,5,2,1,2,3,4,3,12,0,12
20221,R,전통시장,3130308,청담삼익시장,6,3,3,0,0,2,1,0,3,0,0,1,0,0,2,0,0,1,1,0,1,4,0,4
20221,R,전통시장,3130309,은마종합상점가,574,289,285,136,90,44,93,135,76,64,54,20,38,72,41,72,36,24,55,63,35,171,0,171
20221,R,전통시장,3130310,강남개포시장,112,63,49,16,15,22,22,16,21,8,6,12,14,9,14,8,9,10,8,7,7,83,0,83
20221,R,전통시장,3130311,새마을시장,2340,1157,1183,182,379,515,320,329,615,87,175,272,178,161,284,95,204,243,142,168,331,1367,0,1367
20221,R,전통시장,3130312,석촌시장,913,446,467,92,130,174,129,150,238,40,61,81,69,80,115,52,69,93,60,70,123,524,0,524
20221,R,전통시장,3130313,방이시장,5350,2547,2803,608,943,1116,758,762,1163,318,429,567,368,346,519,290,514,549,390,416,644,2702,0,2702
20221,R,전통시장,3130314,풍납시장,3970,1962,2008,346,473,483,585,721,1362,178,252,261,293,378,600,168,221,222,292,343,762,2071,0,2071
20221,R,전통시장,3130315,문정동 로데오거리 상점가(문정동 로데오거리),1222,617,605,121,197,180,209,213,302,64,87,104,101,113,148,57,110,76,108,100,154,687,0,687
20221,R,전통시장,3130316,마천시장,97,50,47,7,11,14,11,17,37,4,5,9,8,7,17,3,6,5,3,10,20,58,0,58
20221,R,전통시장,3130317,마천중앙시장,1061,566,495,139,86,132,152,189,363,56,49,82,86,115,178,83,37,50,66,74,185,536,0,536
20221,R,전통시장,3130318,로데오거리상점가,773,343,430,11,242,255,116,92,57,4,73,116,55,63,32,7,169,139,61,29,25,670,0,670
20221,R,전통시장,3130319,성내전통시장,1314,673,641,130,169,197,218,215,385,57,83,106,116,124,187,73,86,91,102,91,198,715,0,715
20221,R,전통시장,3130320,암사종합시장,989,508,481,85,168,197,157,144,238,38,82,105,94,74,115,47,86,92,63,70,123,556,0,556
20221,R,전통시장,3130321,장신구 특화거리 상점가,1443,722,721,239,225,312,234,195,238,116,126,154,120,88,118,123,99,158,114,107,120,664,0,664
20221,R,전통시장,3130322,고분다리전통시장,771,400,371,58,106,85,110,135,277,29,56,48,62,74,131,29,50,37,48,61,146,437,0,437
20221,R,전통시장,3130323,둔촌역전통시장,1515,782,733,152,213,221,231,273,425,93,123,122,122,134,188,59,90,99,109,139,237,718,0,718
20221,R,전통시장,3130324,길동복조리시장,1129,555,574,118,158,129,170,175,379,66,77,73,94,79,166,52,81,56,76,96,213,489,0,489
20221,R,전통시장,3130325,명일전통시장,1895,942,953,341,243,255,312,288,456,170,124,137,142,161,208,171,119,118,170,127,248,697,0,697
20221,R,전통시장,3130326,고덕 골목형상점가,1281,639,642,255,155,407,224,117,123,145,73,204,108,60,49,110,82,203,116,57,74,579,0,579
20221,R,전통시장,3130327,"평화시장(남평화시장, 제일평화시장, 신평화패션타운)",3,0,3,0,1,1,1,0,0,0,0,0,0,0,0,0,1,1,1,0,0,3,0,3
20221,U,관광특구,3001491,이태원 관광특구,5083,2410,2673,326,721,912,761,790,1573,173,346,497,384,376,634,153,375,415,377,414,939,3300,0,3300
20221,U,관광특구,3001492,명동 남대문 북창동 다동 무교동 관광특구,1089,403,686,17,50,107,175,233,507,7,25,56,66,90,159,10,25,51,109,143,348,494,0,494
20221,U,관광특구,3001493,동대문패션타운 관광특구,2636,1264,1372,188,611,611,360,380,486,87,250,290,185,197,255,101,361,321,175,183,231,1704,0,1704
20221,U,관광특구,3001494,종로?청계 관광특구,1795,1196,599,37,199,203,202,394,760,21,121,142,143,285,484,16,78,61,59,109,276,1475,0,1475
20221,U,관광특구,3001495,잠실 관광특구,9817,4317,5500,825,2296,2634,1332,1101,1629,429,830,1144,580,542,792,396,1466,1490,752,559,837,6271,0,6271
20221,U,관광특구,3001496,강남 마이스 관광특구,29,16,13,2,4,2,4,9,8,0,2,1,2,5,6,2,2,1,2,4,2,18,0,18
20221,A,골목상권,3110001,이북5도청사,1020,466,554,160,142,94,160,194,270,85,64,44,68,84,121,75,78,50,92,110,149,401,0,401
20221,A,골목상권,3110002,독립문역 1번,629,309,320,79,57,59,78,91,265,39,29,30,45,51,115,40,28,29,33,40,150,343,0,343
20221,A,골목상권,3110003,세검정초등학교,3212,1505,1707,603,399,372,551,533,754,285,203,179,256,234,348,318,196,193,295,299,406,1270,0,1270
20221,A,골목상권,3110004,대신고등학교,471,221,250,57,61,47,69,77,160,30,34,24,33,33,67,27,27,23,36,44,93,244,0,244
20221,A,골목상권,3110005,세검정,2153,1044,1109,356,294,250,346,374,533,205,153,119,152,173,242,151,141,131,194,201,291,878,0,878
20221,A,골목상권,3110006,부암동주민센터,687,319,368,64,70,75,94,129,255,36,38,32,45,59,109,28,32,43,49,70,146,384,0,384
20221,A,골목상권,3110007,사직공원(한국사회과학도서관),1927,882,1045,267,268,257,315,325,495,131,127,132,148,139,205,136,141,125,167,186,290,885,0,885
20221,A,골목상권,3110008,배화여자대학교(박노수미술관),4595,2051,2544,714,563,656,846,716,1100,347,255,317,360,329,443,367,308,339,486,387,657,2045,0,2045
20221,A,골목상권,3110009,자하문터널,1602,770,832,216,209,237,305,277,358,123,110,122,138,119,158,93,99,115,167,158,200,713,0,713
20221,A,골목상권,3110010,평창동서측,3134,1408,1726,428,389,369,499,549,900,208,189,160,216,244,391,220,200,209,283,305,509,1417,0,1417
20221,A,골목상권,3110011,청운초등학교,431,215,216,74,68,46,63,90,90,44,42,15,30,42,42,30,26,31,33,48,48,164,0,164
20221,A,골목상권,3110012,성곡미술관,1928,873,1055,272,287,267,291,375,436,130,134,117,124,178,190,142,153,150,167,197,246,847,0,847
20221,A,골목상권,3110013,체부동홍종문가옥,374,179,195,46,49,70,53,57,99,26,25,29,27,26,46,20,24,41,26,31,53,198,0,198
20221,A,골목상권,3110014,경복고등학교,931,429,502,136,113,93,162,161,266,76,58,37,73,75,110,60,55,56,89,86,156,464,0,464
20221,A,골목상권,3110015,청와대사랑채,589,279,310,98,82,91,103,94,121,54,38,37,52,41,57,44,44,54,51,53,64,254,0,254
20221,A,골목상권,3110016,평창동동측,2075,986,1089,259,311,233,268,353,651,136,164,104,126,155,301,123,147,129,142,198,350,901,0,901
20221,A,골목상권,3110017,정독도서관,731,353,378,103,88,101,115,129,195,56,42,49,57,63,86,47,46,52,58,66,109,321,0,321
20221,A,골목상권,3110018,중앙고등학교,2795,1324,1471,371,339,398,509,431,747,201,164,190,233,208,328,170,175,208,276,223,419,1295,0,1295
20221,A,골목상권,3110019,창덕궁,243,143,100,6,20,32,37,35,113,4,16,16,25,24,58,2,4,16,12,11,55,159,0,159
20221,A,골목상권,3110020,서울국제고등학교,3990,2018,1972,430,1169,468,478,512,933,201,634,281,233,258,411,229,535,187,245,254,522,2299,0,2299
20221,A,골목상권,3110021,성균관대학교,1915,930,985,180,725,240,208,213,349,89,353,129,102,98,159,91,372,111,106,115,190,1229,0,1229
20221,A,골목상권,3110022,경신고등학교,1552,707,845,265,368,196,278,184,261,128,168,88,130,78,115,137,200,108,148,106,146,784,0,784
20221,A,골목상권,3110023,서울대병원,554,258,296,32,178,108,51,59,126,18,90,50,24,25,51,14,88,58,27,34,75,365,0,365
20221,A,골목상권,3110024,혜회동주민센터,1257,561,696,118,273,155,183,179,349,59,118,81,81,81,141,59,155,74,102,98,208,800,0,800
20221,A,골목상권,3110025,충신시장옆,479,262,217,37,76,76,71,85,134,25,46,44,40,41,66,12,30,32,31,44,68,264,0,264
20221,A,골목상권,3110026,종로5가역 4번,108,53,55,3,14,14,9,30,38,0,8,5,4,14,22,3,6,9,5,16,16,62,0,62
20221,A,골목상권,3110027,혜화역 1번,2669,1220,1449,245,549,407,376,387,705,112,251,190,187,188,292,133,298,217,189,199,413,1450,0,1450
20221,A,골목상권,3110028,이화달팽이길,3909,1998,1911,354,716,514,461,763,1101,179,360,284,254,403,518,175,356,230,207,360,583,2181,0,2181
20221,A,골목상권,3110029,동대문역 1번,5260,2757,2503,487,788,561,683,1174,1567,266,435,329,364,619,744,221,353,232,319,555,823,2569,0,2569
20221,A,골목상권,3110030,동대문역 3번,179,92,87,9,20,16,24,42,68,3,10,11,11,27,30,6,10,5,13,15,38,116,0,116
20221,A,골목상권,3110031,창신역 1번,486,236,250,44,76,61,54,97,154,21,38,27,29,47,74,23,38,34,25,50,80,266,0,266
20221,A,골목상권,3110032,수족관거리,27,14,13,1,0,5,3,4,14,1,0,3,2,3,5,0,0,2,1,1,9,16,0,16
20221,A,골목상권,3110033,창신역 4번,2007,979,1028,161,254,239,291,408,654,75,140,133,155,195,281,86,114,106,136,213,373,1077,0,1077
20221,A,골목상권,3110034,창신1동주민센터,348,200,148,3,5,15,44,74,207,1,1,8,26,41,123,2,4,7,18,33,84,308,0,308
20221,A,골목상권,3110035,동묘앞역 2번,3468,1809,1659,223,472,433,479,765,1096,124,221,254,272,411,527,99,251,179,207,354,569,2014,0,2014
20221,A,골목상권,3110036,동묘앞역 3번,386,213,173,9,208,80,20,29,40,2,106,48,13,18,26,7,102,32,7,11,14,342,0,342
20221,A,골목상권,3110037,신설동역 12번,1535,772,763,117,221,205,191,318,483,60,120,113,94,163,222,57,101,92,97,155,261,807,0,807
20221,A,골목상권,3110038,경향신문사,12,9,3,2,1,2,1,3,3,2,1,2,0,3,1,0,0,0,1,0,2,7,0,7
20221,A,골목상권,3110039,회현역 1번,87,53,34,5,8,6,17,13,38,5,3,5,10,11,19,0,5,1,7,2,19,51,0,51
20221,A,골목상권,3110040,중구회현체육센터(정화예술대남산캠퍼스),906,428,478,76,126,93,131,146,334,35,66,51,68,72,136,41,60,42,63,74,198,482,0,482
20221,A,골목상권,3110041,남산케이블카,701,351,350,76,100,115,106,102,202,40,53,64,60,47,87,36,47,51,46,55,115,439,0,439
20221,A,골목상권,3110042,남산골공원옆,965,470,495,83,200,166,134,130,252,39,87,87,76,66,115,44,113,79,58,64,137,532,0,532
20221,A,골목상권,3110043,충무초등학교,2208,1145,1063,215,814,310,218,238,413,108,440,169,115,138,175,107,374,141,103,100,238,1458,0,1458
20221,A,골목상권,3110044,관성묘,231,109,122,26,45,39,38,31,52,13,21,20,21,14,20,13,24,19,17,17,32,130,0,130
20221,A,골목상권,3110045,동대문역사문화공원역 5번,910,473,437,65,129,119,109,163,325,37,68,71,64,86,147,28,61,48,45,77,178,528,0,528
20221,A,골목상권,3110046,버티고개,3660,1824,1836,336,598,605,547,607,967,184,309,337,276,280,438,152,289,268,271,327,529,1656,0,1656
20221,A,골목상권,3110047,다산성곽길,2754,1296,1458,266,406,379,405,467,831,130,208,190,190,233,345,136,198,189,215,234,486,1360,0,1360
20221,A,골목상권,3110048,장충동주민센터,2453,1191,1262,251,455,421,343,368,615,129,230,209,179,174,270,122,225,212,164,194,345,1262,0,1262
20221,A,골목상권,3110049,장충단 고개,1958,913,1045,236,397,330,292,282,421,128,183,167,136,126,173,108,214,163,156,156,248,988,0,988
20221,A,골목상권,3110050,약수역 7번,769,365,404,73,136,107,113,105,235,40,73,50,53,50,99,33,63,57,60,55,136,396,0,396
20221,A,골목상권,3110051,한양공고앞 교차로,1222,640,582,78,160,158,149,240,437,41,88,90,80,130,211,37,72,68,69,110,226,710,0,710
20221,A,골목상권,3110052,장충초등학교,1688,851,837,176,283,251,213,306,459,91,127,145,113,155,220,85,156,106,100,151,239,876,0,876
20221,A,골목상권,3110053,청구역 1번,2634,1310,1324,209,418,383,371,524,729,100,209,204,210,270,317,109,209,179,161,254,412,1498,0,1498
20221,A,골목상권,3110054,청구역 3번,1988,951,1037,192,442,382,278,282,412,102,204,188,136,138,183,90,238,194,142,144,229,1121,0,1121
20221,A,골목상권,3110055,황학동벼룩시장,302,150,152,10,70,74,29,48,71,4,30,36,17,27,36,6,40,38,12,21,35,224,0,224
20221,A,골목상권,3110056,신당역 3번,5008,2455,2553,460,796,620,682,998,1452,257,358,316,365,525,634,203,438,304,317,473,818,2699,0,2699
20221,A,골목상권,3110057,황학코아루아파트,1743,729,1014,92,567,495,202,187,200,48,179,210,95,102,95,44,388,285,107,85,105,1288,0,1288
20221,A,골목상권,3110058,성심여자고등학교,3736,1777,1959,420,585,504,551,633,1043,188,289,265,285,297,453,232,296,239,266,336,590,1972,0,1972
20221,A,골목상권,3110059,새남터성지,1785,831,954,172,180,210,259,321,643,84,92,122,131,156,246,88,88,88,128,165,397,953,0,953
20221,A,골목상권,3110060,효창공원앞역 6번,3491,1660,1831,375,602,610,540,528,836,195,291,303,253,265,353,180,311,307,287,263,483,1728,0,1728
20221,A,골목상권,3110061,효창동주민센터,3871,1838,2033,506,622,631,559,613,940,263,288,321,267,292,407,243,334,310,292,321,533,1764,0,1764
20221,A,골목상권,3110062,한강로동땡땡거리(은행나무길),1263,664,599,77,154,159,175,207,491,45,77,103,103,121,215,32,77,56,72,86,276,734,0,734
20221,A,골목상권,3110063,효창공원앞역 5번,2934,1472,1462,250,514,641,358,415,756,120,244,355,202,221,330,130,270,286,156,194,426,1651,0,1651
20221,A,골목상권,3110064,효창공원앞역 2번,2998,1377,1621,391,601,542,473,426,565,190,240,282,220,207,238,201,361,260,253,219,327,1454,0,1454
20221,A,골목상권,3110065,남정초등학교,155,72,83,25,28,27,23,18,34,14,14,11,13,5,15,11,14,16,10,13,19,85,0,85
20221,A,골목상권,3110066,서울역 15번,2709,1373,1336,244,423,409,379,524,730,125,218,236,195,266,333,119,205,173,184,258,397,1541,0,1541
20221,A,골목상권,3110067,배문고등학교,7697,3889,3808,806,1439,1229,1132,1338,1753,426,718,711,581,667,786,380,721,518,551,671,967,3893,0,3893
20221,A,골목상권,3110068,남영역 1번,3437,1616,1821,265,719,765,463,442,783,132,276,403,240,222,343,133,443,362,223,220,440,2038,0,2038
20221,A,골목상권,3110069,숙대입구,5535,2202,3333,426,1478,865,734,685,1347,200,410,420,351,308,513,226,1068,445,383,377,834,3446,0,3446
20221,A,골목상권,3110070,용산세무서,105,49,56,18,12,13,16,15,31,6,7,6,9,7,14,12,5,7,7,8,17,43,0,43
20221,A,골목상권,3110071,한강미주맨션아파트,534,241,293,104,54,60,88,88,140,47,29,29,37,46,53,57,25,31,51,42,87,179,0,179
20221,A,골목상권,3110072,열정도,124,91,33,1,8,12,16,23,64,0,8,8,11,22,42,1,0,4,5,1,22,97,0,97
20221,A,골목상권,3110073,삼각지역 3번,478,226,252,17,93,114,65,46,143,13,47,55,36,25,50,4,46,59,29,21,93,364,0,364
20221,A,골목상권,3110074,서울역 12번,3273,2153,1120,170,345,395,468,761,1134,94,158,220,320,582,779,76,187,175,148,179,355,2493,0,2493
20221,A,골목상권,3110075,숙대입구역 1번,3263,1729,1534,243,483,457,463,590,1027,120,248,236,245,346,534,123,235,221,218,244,493,2033,0,2033
20221,A,골목상권,3110076,삼각지역 14번,18,12,6,0,0,1,1,5,11,0,0,1,1,4,6,0,0,0,0,1,5,15,0,15
20221,A,골목상권,3110077,삼광초등학교,1233,595,638,150,159,157,209,198,360,80,77,82,99,104,153,70,82,75,110,94,207,618,0,618
20221,A,골목상권,3110078,이촌동점보아파트,465,217,248,91,61,36,76,88,113,46,33,10,34,38,56,45,28,26,42,50,57,146,0,146
20221,A,골목상권,3110079,후암동주민센터,10480,5031,5449,1365,1572,1771,1716,1654,2402,719,773,912,818,785,1024,646,799,859,898,869,1378,5148,0,5148
20221,A,골목상권,3110080,해방촌예술마을,4131,2028,2103,438,606,664,626,610,1187,242,302,356,326,284,518,196,304,308,300,326,669,2097,0,2097
20221,A,골목상권,3110081,해방촌 남동측,3336,1544,1792,243,528,533,442,506,1084,111,269,255,227,218,464,132,259,278,215,288,620,1950,0,1950
20221,A,골목상권,3110082,용산구청,978,464,514,70,161,210,132,136,269,37,80,106,68,56,117,33,81,104,64,80,152,564,0,564
20221,A,골목상권,3110083,서빙고역 1번,727,358,369,121,82,149,134,92,149,64,37,73,69,51,64,57,45,76,65,41,85,350,0,350
20221,A,골목상권,3110084,경리단길북측,3620,1629,1991,271,528,624,560,524,1113,126,270,314,265,230,424,145,258,310,295,294,689,2154,0,2154
20221,A,골목상권,3110085,경리단길남측,2745,1282,1463,306,460,513,430,370,666,157,218,254,204,177,272,149,242,259,226,193,394,1508,0,1508
20221,A,골목상권,3110086,이태원역 북측,1103,533,570,152,174,191,171,135,280,80,92,90,82,59,130,72,82,101,89,76,150,549,0,549
20221,A,골목상권,3110087,이태원엔틱가구거리,1686,743,943,85,222,211,223,273,672,49,114,131,105,126,218,36,108,80,118,147,454,1150,0,1150
20221,A,골목상권,3110088,오산고등학교,1727,850,877,209,265,258,280,308,407,106,138,136,136,163,171,103,127,122,144,145,236,813,0,813
20221,A,골목상권,3110089,서빙고동주민센터,2539,1233,1306,264,329,348,385,434,779,145,164,194,194,211,325,119,165,154,191,223,454,1322,0,1322
20221,A,골목상권,3110090,한국폴리텍대학서울정수캠퍼스,1963,915,1048,185,298,331,303,331,515,90,144,179,122,167,213,95,154,152,181,164,302,1109,0,1109
20221,A,골목상권,3110091,리움미술관,153,75,78,14,18,35,17,16,53,7,9,21,6,8,24,7,9,14,11,8,29,82,0,82
20221,A,골목상권,3110092,NH농협은행 보광동지점,3527,1743,1784,312,586,534,497,633,965,178,344,277,260,287,397,134,242,257,237,346,568,1848,0,1848
20221,A,골목상권,3110093,우사단길,6035,3127,2908,490,956,1123,925,930,1611,269,534,654,505,489,676,221,422,469,420,441,935,3613,0,3613
20221,A,골목상권,3110094,오산중학교,358,183,175,26,63,49,46,71,103,13,25,35,23,40,47,13,38,14,23,31,56,201,0,201
20221,A,골목상권,3110095,한강진역 3번,2566,1144,1422,196,227,483,452,380,828,108,100,223,230,180,303,88,127,260,222,200,525,1717,0,1717
20221,A,골목상권,3110096,한남힐사이드아파트,972,437,535,118,126,205,148,149,226,64,56,86,77,65,89,54,70,119,71,84,137,454,0,454
20221,A,골목상권,3110097,한남초등학교,226,100,126,26,25,73,33,24,45,12,12,31,16,10,19,14,13,42,17,14,26,131,0,131
20221,A,골목상권,3110098,서울독일학교,219,104,115,29,35,30,30,39,56,16,12,18,18,17,23,13,23,12,12,22,33,117,0,117
20221,A,골목상권,3110099,유엔빌리지길,1823,895,928,312,201,329,273,313,395,162,105,151,132,156,189,150,96,178,141,157,206,835,0,835
20221,A,골목상권,3110100,옥수동우편취급국,107,55,52,16,20,15,12,22,22,11,11,8,6,10,9,5,9,7,6,12,13,43,0,43
20221,A,골목상권,3110101,옥정중학교,662,281,381,79,104,155,123,87,114,38,31,78,50,39,45,41,73,77,73,48,69,378,0,378
20221,A,골목상권,3110102,옥수역 6번,813,385,428,89,131,121,144,101,227,48,55,55,79,56,92,41,76,66,65,45,135,455,0,455
20221,A,골목상권,3110103,옥수터널,409,196,213,36,69,69,58,65,112,16,40,39,31,32,38,20,29,30,27,33,74,215,0,215
20221,A,골목상권,3110104,신금호역 4번,2904,1414,1490,368,407,346,473,507,803,183,203,194,242,249,343,185,204,152,231,258,460,1334,0,1334
20221,A,골목상권,3110105,금동어린이공원,2845,1380,1465,307,395,382,396,486,879,171,214,194,193,237,371,136,181,188,203,249,508,1398,0,1398
20221,A,골목상권,3110106,금북초등학교,919,458,461,118,141,125,119,149,267,68,81,61,54,71,123,50,60,64,65,78,144,407,0,407
20221,A,골목상권,3110107,금호사거리,224,105,119,17,21,30,30,41,85,11,8,15,16,20,35,6,13,15,14,21,50,132,0,132
20221,A,골목상권,3110108,성동구립금호도서관,3,1,2,0,0,0,1,0,2,0,0,0,0,0,1,0,0,0,1,0,1,1,0,1
20221,A,골목상권,3110109,금호삼성래미안아파트,451,226,225,32,73,63,60,75,148,12,39,38,32,36,69,20,34,25,28,39,79,242,0,242
20221,A,골목상권,3110110,상왕십리역 6번,1988,928,1060,156,429,336,277,316,474,77,174,164,148,166,199,79,255,172,129,150,275,1159,0,1159
20221,A,골목상권,3110111,대현산장미원,1418,713,705,162,168,174,255,221,438,83,85,108,125,113,199,79,83,66,130,108,239,617,0,617
20221,A,골목상권,3110112,행당역 2번,2689,1292,1397,308,519,374,390,453,645,159,260,182,189,209,293,149,259,192,201,244,352,1348,0,1348
20221,A,골목상권,3110113,응봉산,1424,710,714,195,186,183,207,276,377,104,103,88,113,136,166,91,83,95,94,140,211,633,0,633
20221,A,골목상권,3110114,왕십리파출소,826,402,424,109,133,126,124,147,187,55,64,60,68,77,78,54,69,66,56,70,109,372,0,372
20221,A,골목상권,3110115,상왕십리역 3번,2063,1044,1019,183,471,355,259,363,432,111,229,199,119,193,193,72,242,156,140,170,239,1116,0,1116
20221,A,골목상권,3110116,청계천박물관,1932,982,950,198,284,218,257,404,571,106,156,118,130,215,257,92,128,100,127,189,314,948,0,948
20221,A,골목상권,3110117,성동구보건소,1595,818,777,175,257,239,205,281,438,101,136,126,114,137,204,74,121,113,91,144,234,795,0,795
20221,A,골목상권,3110118,왕십리역 9번,1097,581,516,86,156,149,131,227,348,41,91,91,62,130,166,45,65,58,69,97,182,694,0,694
20221,A,골목상권,3110119,마장지하차도,284,141,143,34,35,30,43,50,92,17,19,13,25,25,42,17,16,17,18,25,50,147,0,147
20221,A,골목상권,3110120,서울숲카페거리,839,412,427,93,134,149,140,130,193,48,75,68,71,65,85,45,59,81,69,65,108,432,0,432
20221,A,골목상권,3110121,한양대역 4번,934,555,379,73,527,104,50,68,112,34,337,73,30,36,45,39,190,31,20,32,67,771,0,771
20221,A,골목상권,3110122,마장역 2번,846,429,417,123,128,120,136,139,200,59,64,70,69,71,96,64,64,50,67,68,104,365,0,365
20221,A,골목상권,3110123,마장역 3번,2776,1384,1392,249,521,356,337,456,857,129,248,192,176,242,397,120,273,164,161,214,460,1611,0,1611
20221,A,골목상권,3110124,뚝섬역교차로,856,476,380,64,167,124,113,152,236,32,94,74,56,93,127,32,73,50,57,59,109,512,0,512
20221,A,골목상권,3110125,사근동살곶이상점가,4343,2239,2104,383,1637,473,417,490,943,163,917,290,234,227,408,220,720,183,183,263,535,2833,0,2833
20221,A,골목상권,3110126,서울숲역 1번,607,293,314,54,117,114,83,85,154,37,57,60,38,36,65,17,60,54,45,49,89,316,0,316
20221,A,골목상권,3110127,성수1가1동주민센터,980,487,493,51,232,258,142,141,156,22,112,123,64,93,73,29,120,135,78,48,83,715,0,715
20221,A,골목상권,3110128,성원중학교,7452,3995,3457,721,1190,1027,1034,1613,1867,369,669,590,551,904,912,352,521,437,483,709,955,4002,0,4002
20221,A,골목상권,3110129,성원어린이공원,1602,788,814,189,261,296,263,244,349,89,134,136,136,129,164,100,127,160,127,115,185,833,0,833
20221,A,골목상권,3110130,답십리역 6번,1188,587,601,102,197,115,169,224,381,45,101,62,85,120,174,57,96,53,84,104,207,627,0,627
20221,A,골목상권,3110131,성수동카페거리,2618,1405,1213,228,551,480,298,449,612,120,270,277,160,249,329,108,281,203,138,200,283,1526,0,1526
20221,A,골목상권,3110132,성수2가3동주민센터,2091,1066,1025,146,425,453,281,295,491,76,198,235,141,178,238,70,227,218,140,117,253,1318,0,1318
20221,A,골목상권,3110133,서울교통공사,1855,944,911,202,218,254,291,350,540,100,109,125,163,187,260,102,109,129,128,163,280,977,0,977
20221,A,골목상권,3110134,성수119안전센터,5535,2971,2564,521,757,834,786,1121,1516,264,434,458,424,643,748,257,323,376,362,478,768,2888,0,2888
20221,A,골목상권,3110135,성동세무서,1157,628,529,106,212,207,170,190,272,63,113,110,98,105,139,43,99,97,72,85,133,657,0,657
20221,A,골목상권,3110136,경수초등학교,2505,1300,1205,297,332,401,360,427,688,150,169,210,198,218,355,147,163,191,162,209,333,1203,0,1203
20221,A,골목상권,3110137,성수초등학교,1611,857,754,174,321,372,232,235,277,85,136,208,142,132,154,89,185,164,90,103,123,920,0,920
20221,A,골목상권,3110138,송정체육공원,3513,1886,1627,337,616,510,451,667,932,175,319,290,250,387,465,162,297,220,201,280,467,1973,0,1973
20221,A,골목상권,3110139,자양4동주민센터,5303,2677,2626,418,780,779,746,969,1611,195,393,432,400,520,737,223,387,347,346,449,874,3040,0,3040
20221,A,골목상권,3110140,건대입구역 6번,4954,2481,2473,392,805,723,682,859,1493,194,380,395,375,464,673,198,425,328,307,395,820,2848,0,2848
20221,A,골목상권,3110141,건대입구역 1번,3062,1462,1600,149,1224,590,307,287,505,77,523,322,170,138,232,72,701,268,137,149,273,2208,0,2208
20221,A,골목상권,3110142,화양사거리,6199,2984,3215,274,2946,1266,546,509,658,136,1264,701,314,269,300,138,1682,565,232,240,358,4850,0,4850
20221,A,골목상권,3110143,뚝섬유원지역 1번,116,59,57,18,15,11,17,25,30,8,8,5,8,14,16,10,7,6,9,11,14,49,0,49
20221,A,골목상권,3110144,어린이대공원역 4번,2130,1033,1097,83,898,326,196,239,388,38,405,167,109,142,172,45,493,159,87,97,216,1732,0,1732
20221,A,골목상권,3110145,장안초등학교,551,270,281,48,152,75,62,82,132,22,80,40,32,39,57,26,72,35,30,43,75,308,0,308
20221,A,골목상권,3110146,신자초등학교,3818,1938,1880,471,567,591,552,665,972,247,304,308,283,333,463,224,263,283,269,332,509,1853,0,1853
20221,A,골목상권,3110147,능동우편취급국,6260,3171,3089,617,1355,1161,849,968,1310,329,698,616,443,474,611,288,657,545,406,494,699,3407,0,3407
20221,A,골목상권,3110148,어린이대공원역 3번,1537,769,768,82,602,244,154,166,289,36,298,129,90,90,126,46,304,115,64,76,163,1068,0,1068
20221,A,골목상권,3110149,세종대학교,1055,490,565,96,301,204,131,143,180,45,141,100,65,61,78,51,160,104,66,82,102,598,0,598
20221,A,골목상권,3110150,중곡1동 마을마당,6333,3133,3200,631,1107,1244,863,974,1514,333,560,625,445,487,683,298,547,619,418,487,831,3330,0,3330
20221,A,골목상권,3110151,자양한강도서관,4732,2306,2426,538,763,774,752,799,1106,288,380,378,385,375,500,250,383,396,367,424,606,2312,0,2312
20221,A,골목상권,3110152,중곡어린이공원,2023,1029,994,243,293,326,308,360,493,134,138,179,165,181,232,109,155,147,143,179,261,996,0,996
20221,A,골목상권,3110153,중곡1동주민센터,2573,1221,1352,233,437,546,368,370,619,122,180,279,186,173,281,111,257,267,182,197,338,1412,0,1412
20221,A,골목상권,3110154,광진정말공원,4366,2121,2245,482,727,672,640,775,1070,268,364,336,319,371,463,214,363,336,321,404,607,2148,0,2148
20221,A,골목상권,3110155,광진구청,4200,2072,2128,487,926,626,615,675,871,256,463,336,292,323,402,231,463,290,323,352,469,2111,0,2111
20221,A,골목상권,3110156,군자역 5번,6239,2862,3377,602,1308,1363,923,747,1296,304,561,616,472,343,566,298,747,747,451,404,730,3544,0,3544
20221,A,골목상권,3110157,자양동우체국,5774,2858,2916,823,890,889,971,994,1207,423,481,445,481,481,547,400,409,444,490,513,660,2602,0,2602
20221,A,골목상권,3110158,중곡3동주민센터,6729,3352,3377,651,1043,1054,958,1201,1822,355,494,573,488,609,833,296,549,481,470,592,989,3649,0,3649
20221,A,골목상권,3110159,구의역 4번,8894,4239,4655,857,1714,1470,1232,1443,2178,396,798,739,633,701,972,461,916,731,599,742,1206,4855,0,4855
20221,A,골목상권,3110160,광진경찰서,1893,905,988,232,351,336,341,297,336,126,172,161,164,140,142,106,179,175,177,157,194,944,0,944
20221,A,골목상권,3110161,중곡역 3번,4891,2419,2472,495,811,834,667,826,1258,256,411,434,348,385,585,239,400,400,319,441,673,2469,0,2469
20221,A,골목상권,3110162,군자역 4번,3729,1750,1979,523,643,667,572,540,784,249,301,321,277,249,353,274,342,346,295,291,431,1665,0,1665
20221,A,골목상권,3110163,성자초등학교,2923,1365,1558,424,454,503,484,449,609,212,201,241,236,210,265,212,253,262,248,239,344,1278,0,1278
20221,A,골목상권,3110164,아차산역 5번,3398,1584,1814,369,642,816,451,437,683,203,275,359,227,202,318,166,367,457,224,235,365,1755,0,1755
20221,A,골목상권,3110165,국립정신건강센터,4189,2027,2162,474,747,667,548,778,975,236,371,346,264,364,446,238,376,321,284,414,529,1913,0,1913
20221,A,골목상권,3110166,구의1동주민센터,6101,2891,3210,473,1390,1160,867,897,1314,232,640,585,429,426,579,241,750,575,438,471,735,3508,0,3508
20221,A,골목상권,3110167,용마초등학교,6882,3267,3615,958,1127,1201,1019,1097,1480,497,530,585,489,506,660,461,597,616,530,591,820,3155,0,3155
20221,A,골목상권,3110168,대원고등학교,2583,1265,1318,359,456,392,366,495,515,191,225,200,168,239,242,168,231,192,198,256,273,1104,0,1104
20221,A,골목상권,3110169,성동초등학교,2609,1307,1302,238,529,579,311,420,532,130,252,325,153,194,253,108,277,254,158,226,279,1360,0,1360
20221,A,골목상권,3110170,동대부여고,6237,3026,3211,541,1276,1256,896,892,1376,242,616,672,454,440,602,299,660,584,442,452,774,3367,0,3367
20221,A,골목상권,3110171,중곡4동주민센터,2409,1145,1264,245,327,310,355,457,715,116,163,153,192,207,314,129,164,157,163,250,401,1190,0,1190
20221,A,골목상권,3110172,광진초등학교,4010,1933,2077,565,547,588,631,668,1011,295,261,293,321,322,441,270,286,295,310,346,570,1960,0,1960
20221,A,골목상권,3110173,구남초등학교,1410,654,756,149,272,254,170,236,329,76,126,130,73,108,141,73,146,124,97,128,188,716,0,716
20221,A,골목상권,3110174,아차산역 1번,4692,2250,2442,592,655,690,669,787,1299,304,326,333,334,360,593,288,329,357,335,427,706,2047,0,2047
20221,A,골목상권,3110175,푸른동산공원,5000,2357,2643,644,917,882,792,753,1012,318,416,441,380,347,455,326,501,441,412,406,557,2478,0,2478
20221,A,골목상권,3110176,해오름공원,6118,3036,3082,644,932,843,864,1122,1713,350,484,440,449,562,751,294,448,403,415,560,962,2913,0,2913
20221,A,골목상권,3110177,동의초등학교,1551,751,800,249,202,171,257,250,422,119,106,92,128,122,184,130,96,79,129,128,238,661,0,661
20221,A,골목상권,3110178,장로회신학대학교,1132,552,580,142,168,162,157,161,342,74,83,81,78,76,160,68,85,81,79,85,182,559,0,559
20221,A,골목상권,3110179,광나루역 1번,1086,525,561,130,153,133,191,184,295,69,81,63,88,89,135,61,72,70,103,95,160,580,0,580
20221,A,골목상권,3110180,광진정보도서관,1307,630,677,171,209,215,205,212,295,91,104,105,94,91,145,80,105,110,111,121,150,618,0,618
20221,A,골목상권,3110181,신설동역 9번,1395,634,761,63,494,338,167,141,192,30,179,149,93,80,103,33,315,189,74,61,89,1033,0,1033
20221,A,골목상권,3110182,용두희망어린이공원,1036,614,422,95,398,158,112,107,166,51,261,103,59,62,78,44,137,55,53,45,88,700,0,700
20221,A,골목상권,3110183,한국의류시험연구원,556,324,232,38,84,55,69,101,209,20,44,31,46,67,116,18,40,24,23,34,93,350,0,350
20221,A,골목상권,3110184,용두사거리,218,115,103,19,32,38,37,30,62,10,15,22,23,17,28,9,17,16,14,13,34,135,0,135
20221,A,골목상권,3110185,용두초등학교,431,244,187,37,62,50,65,81,136,21,40,33,38,48,64,16,22,17,27,33,72,249,0,249
20221,A,골목상권,3110186,종암초등학교,423,258,165,31,159,57,47,49,80,16,105,38,27,30,42,15,54,19,20,19,38,295,0,295
20221,A,골목상권,3110187,제기동역 6번,4444,2136,2308,285,1185,864,592,614,904,145,506,452,325,309,399,140,679,412,267,305,505,2930,0,2930
20221,A,골목상권,3110188,용두동신동아아파트,4502,2200,2302,561,736,722,691,696,1096,298,334,371,364,339,494,263,402,351,327,357,602,2161,0,2161
20221,A,골목상권,3110189,제기동역 1번,2213,1105,1108,256,464,355,326,341,471,128,251,197,165,161,203,128,213,158,161,180,268,1104,0,1104
20221,A,골목상권,3110190,고대앞사거리,2383,1269,1114,279,647,326,256,306,569,136,373,188,142,164,266,143,274,138,114,142,303,1415,0,1415
20221,A,골목상권,3110191,고려대역 6번,1199,659,540,65,340,159,132,154,349,32,199,87,85,86,170,33,141,72,47,68,179,843,0,843
20221,A,골목상권,3110192,동의보감타워,605,345,260,16,98,143,73,94,181,8,49,79,46,61,102,8,49,64,27,33,79,481,0,481
20221,A,골목상권,3110193,고려대역 4번,1342,699,643,81,364,205,131,167,394,41,183,122,78,91,184,40,181,83,53,76,210,875,0,875
20221,A,골목상권,3110194,홍파초등학교,1726,898,828,117,213,233,217,271,675,66,122,137,132,146,295,51,91,96,85,125,380,922,0,922
20221,A,골목상권,3110195,동대문구청,3708,1911,1797,258,717,576,418,584,1155,142,357,313,248,322,529,116,360,263,170,262,626,2226,0,2226
20221,A,골목상권,3110196,홍릉근린공원,1288,660,628,80,107,118,152,219,612,33,60,72,87,123,285,47,47,46,65,96,327,820,0,820
20221,A,골목상권,3110197,세종대왕기념관교차로,548,278,270,52,86,72,71,99,168,27,46,47,41,45,72,25,40,25,30,54,96,307,0,307
20221,A,골목상권,3110198,동대문중앙새마을금고본점,120,62,58,5,12,11,13,21,58,2,5,9,8,12,26,3,7,2,5,9,32,80,0,80
20221,A,골목상권,3110199,홍릉시장,1064,569,495,48,109,99,131,176,501,21,60,65,79,114,230,27,49,34,52,62,271,699,0,699
20221,A,골목상권,3110200,동대문경찰서,807,436,371,59,98,109,113,137,291,35,55,62,70,79,135,24,43,47,43,58,156,463,0,463
20221,A,골목상권,3110201,전농119안전센터,528,304,224,30,56,60,71,101,210,16,30,31,40,71,116,14,26,29,31,30,94,354,0,354
20221,A,골목상권,3110202,전농1동주민센터(전농시장),1418,803,615,49,104,105,165,276,719,28,55,58,98,175,389,21,49,47,67,101,330,1053,0,1053
20221,A,골목상권,3110203,떡전교사거리,1769,905,864,160,216,194,235,329,635,87,117,113,120,180,288,73,99,81,115,149,347,1013,0,1013
20221,A,골목상권,3110204,간데메공원,3492,1721,1771,510,453,584,562,519,864,267,211,286,295,261,401,243,242,298,267,258,463,1692,0,1692
20221,A,골목상권,3110205,경희대삼거리,2596,1265,1331,220,816,355,317,318,570,110,391,195,173,176,220,110,425,160,144,142,350,1683,0,1683
20221,A,골목상권,3110206,텃골근린공원,3750,1882,1868,386,589,504,551,619,1101,214,301,286,291,284,506,172,288,218,260,335,595,2011,0,2011
20221,A,골목상권,3110207,시립대앞사거리,967,498,469,58,191,168,114,166,270,29,106,89,65,91,118,29,85,79,49,75,152,576,0,576
20221,A,골목상권,3110208,시조사삼거리,841,405,436,54,251,147,82,116,191,26,127,68,43,56,85,28,124,79,39,60,106,540,0,540
20221,A,골목상권,3110209,답십리 장령당공원,668,336,332,63,93,95,81,124,212,27,55,50,49,66,89,36,38,45,32,58,123,372,0,372
20221,A,골목상권,3110210,서울시립대,3839,1978,1861,350,1058,508,426,491,1006,167,577,315,224,244,451,183,481,193,202,247,555,2186,0,2186
20221,A,골목상권,3110211,전곡마을마당공원,3550,1773,1777,333,505,403,490,645,1174,169,278,227,258,321,520,164,227,176,232,324,654,1938,0,1938
20221,A,골목상권,3110212,답십리초등학교,2112,1082,1030,224,296,242,306,362,682,127,157,134,156,183,325,97,139,108,150,179,357,1077,0,1077
20221,A,골목상권,3110213,청량초등학교,802,389,413,81,299,91,72,114,145,32,142,58,40,51,66,49,157,33,32,63,79,500,0,500
20221,A,골목상권,3110214,경희대후문,2745,1403,1342,231,1325,288,212,251,438,122,685,188,102,122,184,109,640,100,110,129,254,1930,0,1930
20221,A,골목상권,3110215,회기역 1번,2091,1008,1083,109,953,314,184,177,354,48,416,167,112,105,160,61,537,147,72,72,194,1579,0,1579
20221,A,골목상권,3110216,전농중학교,1182,593,589,114,158,156,158,223,373,56,81,89,91,118,158,58,77,67,67,105,215,589,0,589
20221,A,골목상권,3110217,자동차부품상가,575,310,265,36,93,72,79,126,169,21,53,40,47,70,79,15,40,32,32,56,90,301,0,301
20221,A,골목상권,3110218,답십리사거리,2509,1279,1230,223,321,333,311,481,840,113,178,182,168,250,388,110,143,151,143,231,452,1289,0,1289
20221,A,골목상권,3110219,삼육보건대학교,6955,3620,3335,573,2455,882,730,816,1499,291,1357,517,381,399,675,282,1098,365,349,417,824,4386,0,4386
20221,A,골목상권,3110220,외대앞역 1번,2003,1022,981,144,602,260,239,277,481,63,286,163,137,159,214,81,316,97,102,118,267,1341,0,1341
20221,A,골목상권,3110221,의릉,1028,514,514,118,220,146,157,168,219,64,105,72,88,83,102,54,115,74,69,85,117,565,0,565
20221,A,골목상권,3110222,회기역 2번,108,50,58,18,20,13,18,18,21,7,8,7,9,9,10,11,12,6,9,9,11,44,0,44
20221,A,골목상권,3110223,군자초등학교,1640,845,795,155,257,269,215,306,438,92,130,151,109,147,216,63,127,118,106,159,222,750,0,750
20221,A,골목상권,3110224,외대앞역 2번,470,255,215,19,81,53,73,83,161,11,45,36,35,46,82,8,36,17,38,37,79,321,0,321
20221,A,골목상권,3110225,촬영소사거리,1228,637,591,119,159,155,172,235,388,61,79,89,100,120,188,58,80,66,72,115,200,603,0,603
20221,A,골목상권,3110226,장안1동주민센터,11209,5639,5570,1171,1511,1793,1786,2048,2900,610,757,958,937,1023,1354,561,754,835,849,1025,1546,5867,0,5867
20221,A,골목상권,3110227,답십리공원,820,397,423,102,127,96,123,165,207,55,60,48,69,77,88,47,67,48,54,88,119,380,0,380
20221,A,골목상권,3110228,장안근린공원,5530,2789,2741,590,768,689,773,987,1723,289,410,378,411,504,797,301,358,311,362,483,926,2855,0,2855
20221,A,골목상권,3110229,장평중학교,7315,3691,3624,1121,814,1188,1237,1104,1851,612,403,603,650,529,894,509,411,585,587,575,957,3145,0,3145
20221,A,골목상권,3110230,장안현대홈타운1차아파트,3650,1811,1839,508,519,752,579,498,794,263,250,375,311,240,372,245,269,377,268,258,422,1685,0,1685
20221,A,골목상권,3110231,장안교,196,103,93,22,33,33,24,35,49,10,20,17,15,18,23,12,13,16,9,17,26,83,0,83
20221,A,골목상권,3110232,동대부고,3318,1689,1629,533,381,530,563,492,819,309,185,279,292,241,383,224,196,251,271,251,436,1455,0,1455
20221,A,골목상권,3110233,중랑역 1번,5225,2706,2519,457,790,739,640,1056,1543,225,400,401,363,570,747,232,390,338,277,486,796,2875,0,2875
20221,A,골목상권,3110234,중랑역 4번,781,366,415,69,182,172,121,116,121,34,69,69,64,66,64,35,113,103,57,50,57,494,0,494
20221,A,골목상권,3110235,세화어린이공원,1398,762,636,96,202,160,193,316,431,57,113,90,103,166,233,39,89,70,90,150,198,799,0,799
20221,A,골목상권,3110236,신묵초등학교,8221,4039,4182,1055,1175,1408,1243,1373,1967,544,572,736,623,670,894,511,603,672,620,703,1073,4017,0,4017
20221,A,골목상권,3110237,메가박스 상봉,4316,2182,2134,432,649,573,631,857,1174,210,324,315,345,457,531,222,325,258,286,400,643,2348,0,2348
20221,A,골목상권,3110238,배꽃어린이공원,1506,722,784,161,239,259,211,239,397,79,105,143,105,112,178,82,134,116,106,127,219,785,0,785
20221,A,골목상권,3110239,중랑역 2번,269,149,120,22,33,30,43,56,85,10,18,17,23,34,47,12,15,13,20,22,38,166,0,166
20221,A,골목상권,3110240,태릉시장 특화거리,1282,651,631,100,203,158,160,259,402,51,97,83,89,137,194,49,106,75,71,122,208,706,0,706
20221,A,골목상권,3110241,먹골역 5번,3184,1617,1567,289,464,533,438,589,871,142,229,289,232,311,414,147,235,244,206,278,457,1755,0,1755
20221,A,골목상권,3110242,면목5동주민센터,4233,2145,2088,516,543,614,610,801,1149,263,278,326,330,417,531,253,265,288,280,384,618,2108,0,2108
20221,A,골목상권,3110243,중랑노인종합복지관,4607,2312,2295,608,645,515,706,943,1190,298,318,266,382,493,555,310,327,249,324,450,635,2219,0,2219
20221,A,골목상권,3110244,중화역 4번,1764,911,853,168,286,253,244,335,478,101,150,131,121,169,239,67,136,122,123,166,239,847,0,847
20221,A,골목상권,3110245,KB국민은행 중화동지점,2284,1177,1107,162,310,304,319,462,727,94,150,176,182,243,332,68,160,128,137,219,395,1317,0,1317
20221,A,골목상권,3110246,월드순복음교회,2897,1468,1429,323,507,594,429,468,576,173,235,315,240,236,269,150,272,279,189,232,307,1591,0,1591
20221,A,골목상권,3110247,먹골역 1번,6018,2946,3072,595,934,956,936,977,1620,320,464,493,480,472,717,275,470,463,456,505,903,3032,0,3032
20221,A,골목상권,3110248,먹골파출소,1688,856,832,171,287,264,244,272,450,92,140,143,134,137,210,79,147,121,110,135,240,810,0,810
20221,A,골목상권,3110249,중화역 1번,6437,3168,3269,786,938,940,926,1126,1721,398,455,520,484,546,765,388,483,420,442,580,956,2908,0,2908
20221,A,골목상권,3110250,화랑대역 7번,1484,727,757,238,195,202,209,257,383,127,110,96,107,118,169,111,85,106,102,139,214,684,0,684
20221,A,골목상권,3110251,장안중학교,4087,1953,2134,504,670,593,549,725,1046,238,339,291,284,320,481,266,331,302,265,405,565,1895,0,1895
20221,A,골목상권,3110252,장안제일시장,4507,2296,2211,526,608,696,672,843,1162,258,326,375,364,431,542,268,282,321,308,412,620,2120,0,2120
20221,A,골목상권,3110253,중곡초등학교,3244,1653,1591,351,428,435,514,620,896,186,232,230,279,312,414,165,196,205,235,308,482,1666,0,1666
20221,A,골목상권,3110254,오거리공원,7059,3519,3540,810,980,924,1076,1325,1944,413,496,467,573,689,881,397,484,457,503,636,1063,3458,0,3458
20221,A,골목상권,3110255,상봉역 4번,6260,3116,3144,525,964,1045,851,1165,1710,294,469,531,439,606,777,231,495,514,412,559,933,3575,0,3575
20221,A,골목상권,3110256,면목2동체육관,7976,4015,3961,856,1125,1091,1111,1627,2166,447,553,586,603,815,1011,409,572,505,508,812,1155,3930,0,3930
20221,A,골목상권,3110257,상봉역 7번,4258,2142,2116,523,690,787,542,672,1044,273,334,416,284,344,491,250,356,371,258,328,553,2178,0,2178
20221,A,골목상권,3110258,면동초등학교,5895,2935,2960,669,882,882,935,1031,1496,341,450,456,471,538,679,328,432,426,464,493,817,3214,0,3214
20221,A,골목상권,3110259,사가정역 1번,3921,1974,1947,357,626,593,591,680,1074,193,300,329,310,356,486,164,326,264,281,324,588,2160,0,2160
20221,A,골목상권,3110260,면목역 3번,2212,1132,1080,195,347,346,344,403,577,103,181,188,199,209,252,92,166,158,145,194,325,1261,0,1261
20221,A,골목상권,3110261,사가정역 4번,4946,2476,2470,469,789,793,725,791,1379,260,390,430,362,396,638,209,399,363,363,395,741,2655,0,2655
20221,A,골목상권,3110262,상봉역 3번,4504,2164,2340,277,1088,1209,526,580,824,139,439,645,278,271,392,138,649,564,248,309,432,2768,0,2768
20221,A,골목상권,3110263,면목역 1번,7168,3506,3662,714,1169,1129,978,1281,1897,350,560,599,536,609,852,364,609,530,442,672,1045,3743,0,3743
20221,A,골목상권,3110264,면목역 2번,9709,4874,4835,968,1566,1599,1412,1777,2387,508,805,836,724,888,1113,460,761,763,688,889,1274,4953,0,4953
20221,A,골목상권,3110265,망우역 1번,1086,540,546,96,183,119,125,197,366,51,95,56,69,99,170,45,88,63,56,98,196,551,0,551
20221,A,골목상권,3110266,면목동우체국,5436,2647,2789,521,875,793,723,1070,1454,251,444,422,380,494,656,270,431,371,343,576,798,2780,0,2780
20221,A,골목상권,3110267,망우역 2번,4501,2191,2310,607,674,709,646,801,1064,329,306,371,326,387,472,278,368,338,320,414,592,2073,0,2073
20221,A,골목상권,3110268,망우3동주민센터,2681,1349,1332,246,360,374,397,491,813,104,176,205,212,266,386,142,184,169,185,225,427,1439,0,1439
20221,A,골목상권,3110269,용마문화복지센터,1559,804,755,135,287,233,190,293,421,62,145,122,106,157,212,73,142,111,84,136,209,841,0,841
20221,A,골목상권,3110270,혜원여고,1191,581,610,152,170,164,173,229,303,61,91,86,88,113,142,91,79,78,85,116,161,550,0,550
20221,A,골목상권,3110271,신내역 1번,266,136,130,30,37,41,38,53,67,15,21,22,23,22,33,15,16,19,15,31,34,125,0,125
20221,A,골목상권,3110272,신내1동주민센터,3761,1854,1907,561,482,489,606,657,966,293,261,238,321,324,417,268,221,251,285,333,549,1656,0,1656
20221,A,골목상권,3110273,장스여성병원,2243,1182,1061,175,297,302,271,429,769,99,158,168,140,228,389,76,139,134,131,201,380,1186,0,1186
20221,A,골목상권,3110274,서일대학교,6678,3374,3304,809,916,827,960,1250,1916,420,480,426,497,639,912,389,436,401,463,611,1004,3294,0,3294
20221,A,골목상권,3110275,하나은행 망우동지점,872,461,411,72,123,105,106,179,287,45,67,52,63,96,138,27,56,53,43,83,149,487,0,487
20221,A,골목상권,3110276,신내IC북측,515,282,233,60,57,79,82,96,141,35,31,47,45,54,70,25,26,32,37,42,71,256,0,256
20221,A,골목상권,3110277,러스크서울병원,3667,1844,1823,385,497,438,523,685,1139,207,250,214,266,352,555,178,247,224,257,333,584,1806,0,1806
20221,A,골목상권,3110278,망우본동주민센터,3996,2092,1904,321,467,422,517,847,1422,161,266,231,273,460,701,160,201,191,244,387,721,2334,0,2334
20221,A,골목상권,3110279,신내역 2번,38,24,14,1,2,5,6,11,13,0,1,4,5,6,8,1,1,1,1,5,5,25,0,25
20221,A,골목상권,3110280,북정마을,698,335,363,49,92,96,86,114,261,24,44,47,48,57,115,25,48,49,38,57,146,378,0,378
20221,A,골목상권,3110281,길상사,1150,534,616,161,143,126,183,207,330,89,61,52,76,101,155,72,82,74,107,106,175,486,0,486
20221,A,골목상권,3110282,국민대학교앞,748,385,363,83,255,78,62,90,180,44,134,45,36,49,77,39,121,33,26,41,103,473,0,473
20221,A,골목상권,3110283,성북초등학교앞,501,209,292,60,74,55,80,93,139,28,25,26,34,42,54,32,49,29,46,51,85,244,0,244
20221,A,골목상권,3110284,정릉북한산국립공원입구,1365,671,694,163,172,155,202,235,438,87,87,81,98,114,204,76,85,74,104,121,234,609,0,609
20221,A,골목상권,3110285,홍대부중,1968,939,1029,260,278,307,364,345,414,137,161,143,158,169,171,123,117,164,206,176,243,897,0,897
20221,A,골목상권,3110286,한성대입구역 5번,2682,1233,1449,266,448,444,425,428,671,128,215,202,208,198,282,138,233,242,217,230,389,1433,0,1433
20221,A,골목상권,3110287,정릉3동주민센터,1762,897,865,173,454,182,219,273,461,96,251,99,113,129,209,77,203,83,106,144,252,1036,0,1036
20221,A,골목상권,3110288,동구여중,1929,899,1030,230,317,375,275,321,411,117,154,181,126,139,182,113,163,194,149,182,229,889,0,889
20221,A,골목상권,3110289,북한산보국문역 2번,5242,2595,2647,623,983,594,729,819,1494,321,527,307,366,419,655,302,456,287,363,400,839,2448,0,2448
20221,A,골목상권,3110290,북한산보국문역 1번,1336,685,651,143,217,133,182,193,468,84,129,68,100,94,210,59,88,65,82,99,258,682,0,682
20221,A,골목상권,3110291,한성대입구역 3번,4460,2126,2334,443,905,662,636,681,1133,218,442,331,314,323,498,225,463,331,322,358,635,2385,0,2385
20221,A,골목상권,3110292,정릉역 2번,512,234,278,30,41,45,74,98,224,12,18,29,32,49,94,18,23,16,42,49,130,333,0,333
20221,A,골목상권,3110293,삼선중학교,2431,1113,1318,282,579,374,334,349,513,152,242,171,161,162,225,130,337,203,173,187,288,1340,0,1340
20221,A,골목상권,3110294,서경대학교,6750,3305,3445,850,1117,890,948,1130,1815,438,572,470,484,553,788,412,545,420,464,577,1027,3065,0,3065
20221,A,골목상권,3110295,정릉우체국,5017,2436,2581,654,698,783,722,729,1431,338,346,410,371,349,622,316,352,373,351,380,809,2294,0,2294
20221,A,골목상권,3110296,성신여대입구역 4번,1904,843,1061,261,414,287,276,259,407,131,157,130,137,128,160,130,257,157,139,131,247,952,0,952
20221,A,골목상권,3110297,경동고등학교,6528,3049,3479,716,1409,1082,897,979,1445,390,638,513,419,482,607,326,771,569,478,497,838,3502,0,3502
20221,A,골목상권,3110298,솔숲어린이공원,667,323,344,75,84,85,102,113,208,35,47,42,50,55,94,40,37,43,52,58,114,323,0,323
20221,A,골목상권,3110299,정릉역 1번,3311,1669,1642,372,448,422,450,514,1105,207,221,232,246,288,475,165,227,190,204,226,630,1690,0,1690
20221,A,골목상권,3110300,삼선동주민센터,4716,2015,2701,317,1584,702,551,552,1010,144,584,322,268,283,414,173,1000,380,283,269,596,3186,0,3186
20221,A,골목상권,3110301,성신여대입구역 7번,3569,1628,1941,284,881,635,480,458,831,125,352,317,247,227,360,159,529,318,233,231,471,2066,0,2066
20221,A,골목상권,3110302,보문역 8번,2058,987,1071,175,410,314,297,313,549,77,194,165,154,164,233,98,216,149,143,149,316,1187,0,1187
20221,A,골목상권,3110303,성신여대입구역 1번,3214,1224,1990,259,994,511,383,362,705,101,256,237,178,165,287,158,738,274,205,197,418,2158,0,2158
20221,A,골목상권,3110304,보문역 4번,1843,899,944,133,641,253,216,233,367,69,305,146,112,117,150,64,336,107,104,116,217,1203,0,1203
20221,A,골목상권,3110305,보문역 5번,4002,2066,1936,367,993,599,534,624,885,184,574,347,270,305,386,183,419,252,264,319,499,2282,0,2282
20221,A,골목상권,3110306,미아초등학교,1191,566,625,185,172,154,174,196,310,89,86,74,85,103,129,96,86,80,89,93,181,526,0,526
20221,A,골목상권,3110307,길음역 7번,238,122,116,38,39,47,45,30,39,17,17,20,26,21,21,21,22,27,19,9,18,121,0,121
20221,A,골목상권,3110308,길음역 8번,1009,486,523,104,121,107,143,168,366,44,59,62,79,85,157,60,62,45,64,83,209,556,0,556
20221,A,골목상권,3110309,대광초등학교,1410,725,685,112,351,201,192,218,336,51,199,112,112,102,149,61,152,89,80,116,187,825,0,825
20221,A,골목상권,3110310,길음역 10번,263,106,157,8,46,60,35,43,71,7,19,25,15,14,26,1,27,35,20,29,45,168,0,168
20221,A,골목상권,3110311,종암아이파크2차후문,1200,623,577,141,198,144,166,248,303,77,108,83,77,138,140,64,90,61,89,110,163,542,0,542
20221,A,골목상권,3110312,안암역 2번,1694,865,829,130,970,180,84,126,204,70,501,104,46,61,83,60,469,76,38,65,121,1306,0,1306
20221,A,골목상권,3110313,안암역 3번,1257,703,554,83,634,159,104,117,160,39,364,108,61,56,75,44,270,51,43,61,85,968,0,968
20221,A,골목상권,3110314,종암경찰서,1089,563,526,110,197,176,144,160,302,53,108,98,85,78,141,57,89,78,59,82,161,615,0,615
20221,A,골목상권,3110315,종암아이파크2차,3029,1467,1562,330,533,377,433,520,836,169,293,192,210,252,351,161,240,185,223,268,485,1486,0,1486
20221,A,골목상권,3110316,숭곡초등학교,4537,2252,2285,466,540,481,658,798,1594,224,281,253,355,402,737,242,259,228,303,396,857,2347,0,2347
20221,A,골목상권,3110317,종암중학교,2339,1288,1051,201,865,363,227,257,426,101,509,209,131,139,199,100,356,154,96,118,227,1588,0,1588
20221,A,골목상권,3110318,KT월곡지사,1844,946,898,219,265,319,278,270,493,132,129,161,159,144,221,87,136,158,119,126,272,884,0,884
20221,A,골목상권,3110319,종암동주민센터,3318,1529,1789,308,411,377,432,553,1237,162,191,196,218,280,482,146,220,181,214,273,755,1909,0,1909
20221,A,골목상권,3110320,KB국민은행 종암동지점,955,495,460,113,169,135,159,153,226,68,87,66,90,72,112,45,82,69,69,81,114,477,0,477
20221,A,골목상권,3110321,동덕여대,262,115,147,31,67,43,30,44,47,15,24,21,14,17,24,16,43,22,16,27,23,133,0,133
20221,A,골목상권,3110322,장위1동주민센터,3037,1398,1639,414,510,397,468,579,669,174,244,193,220,260,307,240,266,204,248,319,362,1288,0,1288
20221,A,골목상권,3110323,상월곡역 1번,2214,965,1249,195,753,264,237,277,488,102,226,138,131,147,221,93,527,126,106,130,267,1417,0,1417
20221,A,골목상권,3110324,월곡역 4번,641,331,310,25,156,78,85,97,200,15,70,47,51,59,89,10,86,31,34,38,111,481,0,481
20221,A,골목상권,3110325,장곡초등학교,3528,1736,1792,496,473,419,488,613,1039,268,253,237,228,302,448,228,220,182,260,311,591,1632,0,1632
20221,A,골목상권,3110326,장위동성당,1353,653,700,205,181,172,213,244,338,103,99,90,96,118,147,102,82,82,117,126,191,597,0,597
20221,A,골목상권,3110327,상월곡역 2번,3520,1766,1754,384,529,411,482,635,1079,199,290,224,252,308,493,185,239,187,230,327,586,1591,0,1591
20221,A,골목상권,3110328,상월곡역 3번,2257,1135,1122,173,411,363,286,372,652,93,195,207,155,180,305,80,216,156,131,192,347,1208,0,1208
20221,A,골목상권,3110329,우리은행체육관,2466,1223,1243,244,347,250,324,455,846,119,161,155,168,238,382,125,186,95,156,217,464,1219,0,1219
20221,A,골목상권,3110330,돌곶이역 1번,2041,1012,1029,245,293,330,256,332,585,124,146,170,141,172,259,121,147,160,115,160,326,928,0,928
20221,A,골목상권,3110331,돌곶이역 8번,3281,1600,1681,319,597,429,488,549,899,182,278,220,254,269,397,137,319,209,234,280,502,1801,0,1801
20221,A,골목상권,3110332,돌곶이역 3번,875,481,394,78,135,131,138,164,229,37,61,77,82,99,125,41,74,54,56,65,104,481,0,481
20221,A,골목상권,3110333,돌곶이역 5번,1338,661,677,156,225,173,190,232,362,78,100,97,98,111,177,78,125,76,92,121,185,680,0,680
20221,A,골목상권,3110334,석관중앙교회,2693,1370,1323,256,329,276,365,525,942,139,165,142,209,286,429,117,164,134,156,239,513,1359,0,1359
20221,A,골목상권,3110335,석계역 7번,4363,2191,2172,380,760,585,628,805,1205,195,387,320,313,400,576,185,373,265,315,405,629,2385,0,2385
20221,A,골목상권,3110336,석관고등학교,2302,1156,1146,237,339,272,312,458,684,120,172,155,165,229,315,117,167,117,147,229,369,1121,0,1121
20221,A,골목상권,3110337,아카데미하우스,2792,1365,1427,412,330,355,444,455,796,209,170,196,218,217,355,203,160,159,226,238,441,1196,0,1196
20221,A,골목상권,3110338,인수초등학교,2122,1050,1072,164,225,210,313,418,792,92,114,103,163,207,371,72,111,107,150,211,421,1213,0,1213
20221,A,골목상권,3110339,국립4.19민주묘지,41,20,21,2,1,5,10,8,15,0,0,1,6,5,8,2,1,4,4,3,7,20,0,20
20221,A,골목상권,3110340,인수중학교,1455,712,743,169,176,143,218,276,473,75,99,71,116,135,216,94,77,72,102,141,257,687,0,687
20221,A,골목상권,3110341,북한산우이역 2번,2221,1062,1159,246,279,265,283,416,732,123,133,144,136,194,332,123,146,121,147,222,400,988,0,988
20221,A,골목상권,3110342,국립재활원,2704,1292,1412,364,408,339,378,476,739,187,204,169,189,217,326,177,204,170,189,259,413,1187,0,1187
20221,A,골목상권,3110343,무너미어린이공원,4656,2278,2378,673,632,594,722,793,1242,341,327,305,366,383,556,332,305,289,356,410,686,1981,0,1981
20221,A,골목상권,3110344,화계중학교,1076,555,521,116,122,127,168,183,360,68,68,70,89,76,184,48,54,57,79,107,176,509,0,509
20221,A,골목상권,3110345,솔밭공원역 2번,2938,1428,1510,379,394,398,415,485,867,211,164,218,222,236,377,168,230,180,193,249,490,1405,0,1405
20221,A,골목상권,3110346,4.19민주묘지역 2번,1212,572,640,141,179,149,175,161,407,74,67,76,94,81,180,67,112,73,81,80,227,618,0,618
20221,A,골목상권,3110347,구세군강북종합사회복지관,1416,708,708,157,232,187,181,301,358,95,110,90,97,142,174,62,122,97,84,159,184,644,0,644
20221,A,골목상권,3110348,강북문화예술회관,3968,1902,2066,438,468,522,542,671,1327,227,224,288,274,319,570,211,244,234,268,352,757,1800,0,1800
20221,A,골목상권,3110349,화계역 2번,1123,536,587,145,149,155,168,198,308,82,61,84,83,94,132,63,88,71,85,104,176,511,0,511
20221,A,골목상권,3110350,가오리역 2번,2831,1390,1441,358,360,336,445,507,825,199,189,176,214,244,368,159,171,160,231,263,457,1299,0,1299
20221,A,골목상권,3110351,수유북부시장옆,2982,1427,1555,342,440,332,423,543,902,168,220,168,220,262,389,174,220,164,203,281,513,1406,0,1406
20221,A,골목상권,3110352,수유1동주민센터,4997,2467,2530,627,673,649,700,855,1493,321,355,349,360,406,676,306,318,300,340,449,817,2418,0,2418
20221,A,골목상권,3110353,수유동우체국,2210,1061,1149,200,326,293,316,373,702,111,157,158,171,177,287,89,169,135,145,196,415,1100,0,1100
20221,A,골목상권,3110354,삼각산119안전센터,421,213,208,89,43,47,95,66,81,52,24,23,41,40,33,37,19,24,54,26,48,159,0,159
20221,A,골목상권,3110355,삼양사거리역 2번,3076,1545,1531,264,361,317,388,580,1166,126,190,181,215,309,524,138,171,136,173,271,642,1654,0,1654
20221,A,골목상권,3110356,덕수교,3240,1528,1712,291,569,412,429,580,959,151,218,234,222,273,430,140,351,178,207,307,529,1631,0,1631
20221,A,골목상권,3110357,가오리역 1번,1698,837,861,171,244,176,218,349,540,85,138,90,111,176,237,86,106,86,107,173,303,809,0,809
20221,A,골목상권,3110358,인수동 우편취급국,3572,1755,1817,318,568,512,513,621,1040,157,286,267,271,324,450,161,282,245,242,297,590,1850,0,1850
20221,A,골목상권,3110359,수유시장옆,6446,3140,3306,597,1132,913,926,1070,1808,294,549,493,475,524,805,303,583,420,451,546,1003,3291,0,3291
20221,A,골목상권,3110360,수유초등학교,4037,1991,2046,433,644,583,576,673,1128,218,304,317,317,336,499,215,340,266,259,337,629,2172,0,2172
20221,A,골목상권,3110361,삼양사거리역 1번,2532,1277,1255,226,338,280,335,503,850,118,174,149,184,260,392,108,164,131,151,243,458,1292,0,1292
20221,A,골목상권,3110362,우이천 계성교,5408,2599,2809,610,786,695,790,973,1554,310,397,380,399,445,668,300,389,315,391,528,886,2541,0,2541
20221,A,골목상권,3110363,송천동주민센터,1003,485,518,37,75,74,140,170,507,17,38,34,79,85,232,20,37,40,61,85,275,669,0,669
20221,A,골목상권,3110364,미아역 8번,4359,2127,2232,398,672,564,608,768,1349,218,312,305,316,383,593,180,360,259,292,385,756,2314,0,2314
20221,A,골목상권,3110365,미아역 5번,4806,2307,2499,471,692,679,729,855,1380,245,334,338,374,401,615,226,358,341,355,454,765,2432,0,2432
20221,A,골목상권,3110366,광산사거리,2047,1045,1002,189,322,268,311,355,602,117,170,157,168,187,246,72,152,111,143,168,356,1091,0,1091
20221,A,골목상권,3110367,강북구청,1786,847,939,141,325,272,229,279,540,68,152,136,132,130,229,73,173,136,97,149,311,1041,0,1041
20221,A,골목상권,3110368,송천초등학교,3655,1831,1824,315,520,362,483,740,1235,162,288,209,255,370,547,153,232,153,228,370,688,1910,0,1910
20221,A,골목상권,3110369,성신여대운정그린캠퍼스,4517,2121,2396,353,912,595,594,734,1329,167,344,337,316,358,599,186,568,258,278,376,730,2544,0,2544
20221,A,골목상권,3110370,도봉세무서,2982,1483,1499,260,415,366,424,587,930,130,218,196,225,288,426,130,197,170,199,299,504,1495,0,1495
20221,A,골목상권,3110371,삼양입구사거리,1633,845,788,128,261,192,236,303,513,73,134,109,129,171,229,55,127,83,107,132,284,930,0,930
20221,A,골목상권,3110372,강북중학교,2880,1383,1497,195,641,423,362,529,730,94,328,222,171,262,306,101,313,201,191,267,424,1632,0,1632
20221,A,골목상권,3110373,수유역 2번,3416,1677,1739,233,645,526,521,564,927,122,276,290,289,284,416,111,369,236,232,280,511,2096,0,2096
20221,A,골목상권,3110374,송중초등학교,5698,2738,2960,539,713,687,887,1088,1784,278,374,366,446,495,779,261,339,321,441,593,1005,2617,0,2617
20221,A,골목상권,3110375,서울북부고용노동지청,2370,1186,1184,262,344,258,362,405,739,138,176,138,194,211,329,124,168,120,168,194,410,1138,0,1138
20221,A,골목상권,3110376,수송초등학교,7975,4020,3955,788,1379,1134,1216,1299,2159,431,708,594,630,685,972,357,671,540,586,614,1187,4334,0,4334
20221,A,골목상권,3110377,미아사거리역 3번,838,424,414,55,103,96,127,169,288,28,53,54,71,95,123,27,50,42,56,74,165,510,0,510
20221,A,골목상권,3110378,송중동주민센터,1802,884,918,159,325,212,237,332,537,85,150,111,127,169,242,74,175,101,110,163,295,982,0,982
20221,A,골목상권,3110379,KT&G 북부지사,961,506,455,97,127,117,136,176,308,54,67,68,77,91,149,43,60,49,59,85,159,497,0,497
20221,A,골목상권,3110380,강북문화정보도서관,2237,1067,1170,281,324,277,347,354,654,143,168,157,175,156,268,138,156,120,172,198,386,1043,0,1043
20221,A,골목상권,3110381,번동주공2단지,954,457,497,103,125,54,125,160,387,54,65,33,64,90,151,49,60,21,61,70,236,438,0,438
20221,A,골목상권,3110382,솔밭공원역 1번,811,385,426,109,112,123,116,127,224,50,49,68,60,59,99,59,63,55,56,68,125,376,0,376
20221,A,골목상권,3110383,덕성여대시반거리,650,269,381,71,166,82,89,71,171,42,38,41,37,32,79,29,128,41,52,39,92,358,0,358
20221,A,골목상권,3110384,문이교,1382,680,702,157,187,169,185,281,403,92,93,92,88,126,189,65,94,77,97,155,214,568,0,568
20221,A,골목상권,3110385,효문고등학교,1624,787,837,160,251,150,223,294,546,71,107,87,122,159,241,89,144,63,101,135,305,786,0,786
20221,A,골목상권,3110386,연산군묘,356,163,193,61,47,28,67,53,100,31,19,14,30,32,37,30,28,14,37,21,63,149,0,149
20221,A,골목상권,3110387,쌍문초등학교,5232,2511,2721,711,755,632,819,883,1432,355,387,318,413,405,633,356,368,314,406,478,799,2276,0,2276
20221,A,골목상권,3110388,도봉우체국,2642,1254,1388,315,361,353,401,445,767,163,174,185,211,189,332,152,187,168,190,256,435,1192,0,1192
20221,A,골목상권,3110389,한일병원,1166,599,567,111,166,193,153,205,338,55,83,109,83,106,163,56,83,84,70,99,175,561,0,561
20221,A,골목상권,3110390,방학초등학교,1725,823,902,239,244,215,237,342,448,125,122,101,109,155,211,114,122,114,128,187,237,746,0,746
20221,A,골목상권,3110391,샘말어린이공원,4840,2414,2426,684,675,546,703,865,1367,345,378,295,359,408,629,339,297,251,344,457,738,2152,0,2152
20221,A,골목상권,3110392,발바닥공원,139,63,76,18,25,11,15,37,33,8,12,4,7,20,12,10,13,7,8,17,21,53,0,53
20221,A,골목상권,3110393,국민은행방학지점,211,108,103,23,27,22,21,41,77,17,16,13,9,21,32,6,11,9,12,20,45,89,0,89
20221,A,골목상권,3110394,방학중학교,7163,3632,3531,836,928,803,1093,1333,2170,457,502,446,559,670,998,379,426,357,534,663,1172,3411,0,3411
20221,A,골목상권,3110395,신한은행 방학동지점,1363,676,687,119,186,168,190,261,439,59,101,96,104,121,195,60,85,72,86,140,244,687,0,687
20221,A,골목상권,3110396,쌍문역1번(쌍리단길),2037,989,1048,150,345,282,320,374,566,73,179,144,162,184,247,77,166,138,158,190,319,1149,0,1149
20221,A,골목상권,3110397,도봉산입구,7518,3786,3732,773,934,808,987,1324,2692,399,513,456,542,627,1249,374,421,352,445,697,1443,3609,0,3609
20221,A,골목상권,3110398,쌍문2동우체국,2979,1438,1541,360,432,437,431,512,807,187,209,228,210,232,372,173,223,209,221,280,435,1349,0,1349
20221,A,골목상권,3110399,창2동주민센터,8082,3876,4206,1196,1184,1023,1332,1463,1884,600,592,508,665,683,828,596,592,515,667,780,1056,3469,0,3469
20221,A,골목상권,3110400,도봉구보건소,4057,2016,2041,487,510,538,592,694,1236,260,263,286,319,324,564,227,247,252,273,370,672,1925,0,1925
20221,A,골목상권,3110401,도봉구민회관,686,346,340,66,118,103,94,114,191,35,64,64,50,54,79,31,54,39,44,60,112,338,0,338
20221,A,골목상권,3110402,도봉구 정병원,3210,1602,1608,370,438,411,414,627,950,200,232,217,224,312,417,170,206,194,190,315,533,1499,0,1499
20221,A,골목상권,3110403,방학1동주민센터,6007,3009,2998,603,796,652,806,1165,1985,304,413,352,418,602,920,299,383,300,388,563,1065,3104,0,3104
20221,A,골목상권,3110404,신창초등학교,10207,5135,5072,1266,1397,1185,1529,1900,2930,660,731,644,799,940,1361,606,666,541,730,960,1569,4828,0,4828
20221,A,골목상권,3110405,방학역 1번,6796,3454,3342,644,874,685,989,1297,2307,322,462,360,527,691,1092,322,412,325,462,606,1215,3425,0,3425
20221,A,골목상권,3110406,도봉산역 1번,1568,805,763,137,184,188,234,300,525,70,102,105,130,163,235,67,82,83,104,137,290,780,0,780
20221,A,골목상권,3110407,도봉역 2번,6463,3328,3135,574,798,720,880,1217,2274,301,424,403,472,623,1105,273,374,317,408,594,1169,3354,0,3354
20221,A,골목상권,3110408,가인초등학교,1204,553,651,112,276,287,157,183,189,55,125,140,68,84,81,57,151,147,89,99,108,649,0,649
20221,A,골목상권,3110409,창동역 2번,2744,1326,1418,308,443,371,381,532,709,158,227,195,182,243,321,150,216,176,199,289,388,1286,0,1286
20221,A,골목상권,3110410,방학역 2번,2564,1331,1233,185,429,412,405,440,693,105,179,205,223,272,347,80,250,207,182,168,346,1650,0,1650
20221,A,골목상권,3110411,도봉역 3번,1523,776,747,146,187,194,166,304,526,75,101,112,90,155,243,71,86,82,76,149,283,768,0,768
20221,A,골목상권,3110412,창동중학교,379,188,191,58,61,65,43,73,79,25,36,31,22,33,41,33,25,34,21,40,38,154,0,154
20221,A,골목상권,3110413,누원고등학교,1963,922,1041,216,353,403,287,264,440,115,143,193,148,127,196,101,210,210,139,137,244,1047,0,1047
20221,A,골목상권,3110414,장석교회,1035,532,503,172,137,78,170,187,291,88,73,47,94,92,138,84,64,31,76,95,153,465,0,465
20221,A,골목상권,3110415,수락산역 4번,5054,2558,2496,657,752,675,785,874,1311,342,400,368,391,437,620,315,352,307,394,437,691,2328,0,2328
20221,A,골목상권,3110416,노원초등학교,2453,1168,1285,392,362,286,369,453,591,181,185,146,170,210,276,211,177,140,199,243,315,920,0,920
20221,A,골목상권,3110417,월계역 3번,1007,530,477,102,190,114,125,159,317,54,103,62,78,88,145,48,87,52,47,71,172,590,0,590
20221,A,골목상권,3110418,광운대학교 남단,1447,802,645,138,354,140,188,211,416,79,228,88,100,117,190,59,126,52,88,94,226,824,0,824
20221,A,골목상권,3110419,수락산디자인거리,3030,1500,1530,330,464,354,417,589,876,174,240,187,203,288,408,156,224,167,214,301,468,1365,0,1365
20221,A,골목상권,3110420,광운대역 1번,1414,800,614,135,435,131,170,209,334,70,279,70,93,126,162,65,156,61,77,83,172,856,0,856
20221,A,골목상권,3110421,석계역 1번,1266,673,593,108,150,151,172,231,454,59,86,93,97,130,208,49,64,58,75,101,246,735,0,735
20221,A,골목상권,3110422,노원역 9번,920,439,481,148,139,98,169,176,190,70,64,43,87,83,92,78,75,55,82,93,98,354,0,354
20221,A,골목상권,3110423,석계역 2번,445,236,209,57,60,53,68,89,118,27,34,29,40,46,60,30,26,24,28,43,58,229,0,229
20221,A,골목상권,3110424,상계초등학교,2879,1452,1427,349,463,339,416,528,784,179,244,181,208,265,375,170,219,158,208,263,409,1378,0,1378
20221,A,골목상권,3110425,계상초등학교,3522,1765,1757,439,477,362,550,616,1078,220,268,220,278,309,470,219,209,142,272,307,608,1627,0,1627
20221,A,골목상권,3110426,상계2동주민센터,4097,2058,2039,370,660,510,571,761,1225,190,337,294,302,392,543,180,323,216,269,369,682,2202,0,2202
20221,A,골목상권,3110427,노원 을지대학교병원,599,297,302,100,106,66,81,106,140,48,62,32,39,54,62,52,44,34,42,52,78,216,0,216
20221,A,골목상권,3110428,상계5동주민센터,8437,4198,4239,841,1155,820,1237,1540,2844,409,633,447,627,794,1288,432,522,373,610,746,1556,4351,0,4351
20221,A,골목상권,3110429,공릉동 국수거리,4744,2311,2433,457,972,762,612,763,1178,221,430,384,352,364,560,236,542,378,260,399,618,2470,0,2470
20221,A,골목상권,3110430,중계초등학교,48,23,25,6,3,4,12,6,17,1,3,4,4,4,7,5,0,0,8,2,10,25,0,25
20221,A,골목상권,3110431,상계역,922,502,420,111,141,108,153,179,230,49,77,63,82,106,125,62,64,45,71,73,105,466,0,466
20221,A,골목상권,3110432,대진고등학교,1906,973,933,277,478,212,249,313,377,149,263,118,116,147,180,128,215,94,133,166,197,906,0,906
20221,A,골목상권,3110433,공릉역 2번,4310,2229,2081,336,1396,557,485,577,959,167,789,316,253,276,428,169,607,241,232,301,531,2643,0,2643
20221,A,골목상권,3110434,태릉입구역 4번,1598,791,807,153,320,257,190,251,427,75,133,151,103,127,202,78,187,106,87,124,225,862,0,862
20221,A,골목상권,3110435,서울과학기술대,291,149,142,35,68,30,53,42,63,20,29,14,30,25,31,15,39,16,23,17,32,146,0,146
20221,A,골목상권,3110436,상계제일중학교,1595,792,803,274,238,136,274,309,364,153,133,71,110,165,160,121,105,65,164,144,204,633,0,633
20221,A,골목상권,3110437,당고개역 2번,1655,838,817,176,181,167,238,286,607,96,91,92,124,152,283,80,90,75,114,134,324,823,0,823
20221,A,골목상권,3110438,경춘선숲길 우측,3531,1909,1622,320,1430,429,363,392,597,166,833,233,185,202,290,154,597,196,178,190,307,2292,0,2292
20221,A,골목상권,3110439,당고개역 5번,3932,1944,1988,471,484,441,590,710,1236,255,271,235,307,359,517,216,213,206,283,351,719,1835,0,1835
20221,A,골목상권,3110440,상계3동4동주민센터,1554,804,750,170,194,155,243,270,522,85,107,91,135,145,241,85,87,64,108,125,281,750,0,750
20221,A,골목상권,3110441,영신여고,2203,1063,1140,456,305,206,391,380,465,237,152,105,166,198,205,219,153,101,225,182,260,856,0,856
20221,A,골목상권,3110442,화랑대철도공원,384,98,286,70,155,33,35,38,53,21,14,12,16,17,18,49,141,21,19,21,35,234,0,234
20221,A,골목상권,3110443,수색역 1번,17,12,5,0,2,1,1,1,12,0,2,1,1,1,7,0,0,0,0,0,5,12,0,12
20221,A,골목상권,3110444,수색성당,540,254,286,67,77,87,70,89,150,31,40,40,37,44,62,36,37,47,33,45,88,219,0,219
20221,A,골목상권,3110445,덕산중학교,1685,811,874,253,248,241,245,274,424,134,127,128,122,122,178,119,121,113,123,152,246,716,0,716
20221,A,골목상권,3110446,내를건너서숲으로도서관,1879,914,965,188,204,211,269,319,688,96,98,108,138,164,310,92,106,103,131,155,378,936,0,936
20221,A,골목상권,3110447,구산초등학교,1640,764,876,233,198,215,267,260,467,113,94,110,131,119,197,120,104,105,136,141,270,758,0,758
20221,A,골목상권,3110448,상신초등학교입구,2604,1307,1297,361,386,381,387,450,639,195,201,211,197,220,283,166,185,170,190,230,356,1145,0,1145
20221,A,골목상권,3110449,증산역 3번,5119,2441,2678,640,712,641,746,844,1536,323,341,324,360,418,675,317,371,317,386,426,861,2367,0,2367
20221,A,골목상권,3110450,시립서북병원,7856,3710,4146,1148,1117,1100,1307,1283,1901,565,521,534,651,585,854,583,596,566,656,698,1047,3281,0,3281
20221,A,골목상권,3110451,증산역 4번,5413,2652,2761,616,743,728,784,926,1616,288,376,383,388,457,760,328,367,345,396,469,856,2491,0,2491
20221,A,골목상권,3110452,새절역 3번,2769,1372,1397,312,443,368,391,430,825,173,212,189,207,218,373,139,231,179,184,212,452,1375,0,1375
20221,A,골목상권,3110453,신사1동주민센터,8079,3921,4158,929,1181,1221,1241,1272,2235,478,603,628,636,590,986,451,578,593,605,682,1249,3890,0,3890
20221,A,골목상권,3110454,선정중학교,5928,2787,3141,879,835,813,1022,942,1437,440,375,416,491,456,609,439,460,397,531,486,828,2535,0,2535
20221,A,골목상권,3110455,역촌노인복지관,8159,3837,4322,1072,1099,1130,1351,1419,2088,526,528,535,673,687,888,546,571,595,678,732,1200,3763,0,3763
20221,A,골목상권,3110456,구산보건지소,8265,3920,4345,1214,1227,1124,1351,1356,1993,596,624,567,638,638,857,618,603,557,713,718,1136,3437,0,3437
20221,A,골목상권,3110457,예일여고,4310,1999,2311,536,678,584,666,751,1095,248,319,296,316,350,470,288,359,288,350,401,625,1882,0,1882
20221,A,골목상권,3110458,선일여고,5314,2507,2807,719,902,680,811,955,1247,382,444,341,383,421,536,337,458,339,428,534,711,2329,0,2329
20221,A,골목상권,3110459,응암역 2번,4917,2297,2620,705,696,633,838,804,1241,357,338,300,415,351,536,348,358,333,423,453,705,2094,0,2094
20221,A,골목상권,3110460,구산역 4번,5404,2541,2863,716,799,686,904,895,1404,345,396,344,441,403,612,371,403,342,463,492,792,2394,0,2394
20221,A,골목상권,3110461,새절역 2번,1694,796,898,162,232,276,245,258,521,88,95,150,122,121,220,74,137,126,123,137,301,880,0,880
20221,A,골목상권,3110462,갈현건영아파트,5875,2887,2988,611,885,700,810,1061,1808,322,477,376,429,487,796,289,408,324,381,574,1012,2879,0,2879
20221,A,골목상권,3110463,응암3동주민센터,2140,1021,1119,178,262,291,327,376,706,97,136,143,168,200,277,81,126,148,159,176,429,1236,0,1236
20221,A,골목상권,3110464,연신내역 5번,4286,2019,2267,481,711,653,688,705,1048,256,342,333,329,318,441,225,369,320,359,387,607,2154,0,2154
20221,A,골목상권,3110465,연신내역 7번,2656,1245,1411,296,480,442,402,368,668,143,215,236,204,158,289,153,265,206,198,210,379,1335,0,1335
20221,A,골목상권,3110466,구산역 2번,4069,1900,2169,475,592,591,634,706,1071,236,275,300,297,330,462,239,317,291,337,376,609,1938,0,1938
20221,A,골목상권,3110467,은평요양병원,1312,624,688,112,308,236,160,160,336,65,114,122,87,77,159,47,194,114,73,83,177,776,0,776
20221,A,골목상권,3110468,응암역 3번,11333,5296,6037,1474,1594,1704,1809,1835,2917,739,775,796,906,845,1235,735,819,908,903,990,1682,5100,0,5100
20221,A,골목상권,3110469,응암정보도서관,7107,3546,3561,688,1014,816,942,1310,2337,374,519,462,493,675,1023,314,495,354,449,635,1314,3710,0,3710
20221,A,골목상권,3110470,신진과학기술고등학교,2133,984,1149,373,281,362,370,270,477,183,136,158,174,123,210,190,145,204,196,147,267,971,0,971
20221,A,골목상권,3110471,응암동우체국,4781,2356,2425,527,618,649,683,829,1475,275,330,328,364,429,630,252,288,321,319,400,845,2292,0,2292
20221,A,골목상권,3110472,연신내역 4번,5375,2529,2846,529,933,823,768,903,1419,235,444,420,369,437,624,294,489,403,399,466,795,2742,0,2742
20221,A,골목상권,3110473,구산역 1번,9318,4365,4953,1239,1299,1213,1566,1483,2518,614,617,584,780,710,1060,625,682,629,786,773,1458,4409,0,4409
20221,A,골목상권,3110474,세명컴퓨터고등학교,4640,2273,2367,470,798,665,639,814,1254,236,402,359,336,352,588,234,396,306,303,462,666,2247,0,2247
20221,A,골목상권,3110475,백련산해모로아파트,3153,1511,1642,482,409,395,538,517,812,251,199,195,269,262,335,231,210,200,269,255,477,1420,0,1420
20221,A,골목상권,3110476,역촌역 2번,1195,560,635,128,172,177,185,205,328,74,67,88,88,109,134,54,105,89,97,96,194,591,0,591
20221,A,골목상권,3110477,은평세무서,3078,1452,1626,411,404,422,497,498,846,198,202,221,232,240,359,213,202,201,265,258,487,1409,0,1409
20221,A,골목상권,3110478,응암1동주민센터,3271,1579,1692,408,412,407,538,583,923,212,218,216,258,285,390,196,194,191,280,298,533,1584,0,1584
20221,A,골목상권,3110479,연신내역 2번,3620,1760,1860,292,525,438,466,600,1299,156,275,223,241,281,584,136,250,215,225,319,715,1915,0,1915
20221,A,골목상권,3110480,연신내역 3번,3096,1481,1615,259,502,482,410,531,912,143,264,246,199,233,396,116,238,236,211,298,516,1554,0,1554
20221,A,골목상권,3110481,불광역 7번,3183,1475,1708,261,643,502,455,486,836,138,275,246,227,224,365,123,368,256,228,262,471,1750,0,1750
20221,A,골목상권,3110482,연신초등학교,1532,733,799,142,193,177,225,299,496,69,101,90,115,139,219,73,92,87,110,160,277,780,0,780
20221,A,골목상권,3110483,연천초등학교,3179,1487,1692,328,505,450,449,552,895,170,231,222,227,258,379,158,274,228,222,294,516,1585,0,1585
20221,A,골목상권,3110484,역촌역 3번,7996,3876,4120,854,1034,1173,1248,1338,2349,424,500,623,665,657,1007,430,534,550,583,681,1342,4081,0,4081
20221,A,골목상권,3110485,연신내우체국,2687,1268,1419,334,361,377,385,453,777,167,182,194,187,206,332,167,179,183,198,247,445,1231,0,1231
20221,A,골목상권,3110486,은평구청,1952,935,1017,257,278,298,361,299,459,128,131,152,184,147,193,129,147,146,177,152,266,931,0,931
20221,A,골목상권,3110487,불광역 8번,316,161,155,25,35,42,40,48,126,18,21,18,21,25,58,7,14,24,19,23,68,200,0,200
20221,A,골목상권,3110488,우리은행응암동지점,3135,1499,1636,415,423,461,480,523,833,210,212,234,243,245,355,205,211,227,237,278,478,1384,0,1384
20221,A,골목상권,3110489,불광역 3번,1305,602,703,108,222,195,156,210,414,53,110,93,79,94,173,55,112,102,77,116,241,709,0,709
20221,A,골목상권,3110490,녹번동근린공원,5043,2428,2615,526,753,699,788,811,1466,290,378,352,411,370,627,236,375,347,377,441,839,2447,0,2447
20221,A,골목상권,3110491,불광중학교,1353,688,665,145,192,144,187,247,438,89,107,79,103,115,195,56,85,65,84,132,243,651,0,651
20221,A,골목상권,3110492,하나고등학교,528,277,251,80,93,49,85,117,104,48,59,24,39,63,44,32,34,25,46,54,60,227,0,227
20221,A,골목상권,3110493,북가좌초등학교,1328,638,690,148,195,190,177,227,391,70,96,93,95,104,180,78,99,97,82,123,211,613,0,613
20221,A,골목상권,3110494,증산3교남측,814,401,413,99,117,119,109,152,218,52,58,63,52,72,104,47,59,56,57,80,114,363,0,363
20221,A,골목상권,3110495,북가좌2동주민센터,6253,3030,3223,708,895,824,1016,993,1817,377,454,415,513,475,796,331,441,409,503,518,1021,3036,0,3036
20221,A,골목상권,3110496,모래내우체국,2057,983,1074,235,300,243,293,334,652,104,151,131,140,172,285,131,149,112,153,162,367,967,0,967
20221,A,골목상권,3110497,가좌역 3번,179,99,80,4,8,16,18,34,99,2,5,10,15,14,53,2,3,6,3,20,46,135,0,135
20221,A,골목상권,3110498,증산역 1번,3463,1700,1763,330,511,511,479,578,1054,169,276,269,242,265,479,161,235,242,237,313,575,1638,0,1638
20221,A,골목상권,3110499,연가초등학교,6065,2991,3074,857,1075,761,947,998,1427,455,556,414,468,464,634,402,519,347,479,534,793,2724,0,2724
20221,A,골목상권,3110500,남가좌동현대아파트,706,348,358,167,74,131,137,87,110,86,38,65,74,38,47,81,36,66,63,49,63,247,0,247
20221,A,골목상권,3110501,연희어린이공원,1321,634,687,115,227,241,177,191,370,60,110,110,91,89,174,55,117,131,86,102,196,664,0,664
20221,A,골목상권,3110502,남가좌파출소,3811,1841,1970,457,546,499,603,578,1128,238,258,236,319,300,490,219,288,263,284,278,638,1922,0,1922
20221,A,골목상권,3110503,명지대학교교회,5025,2521,2504,537,1317,607,669,775,1120,276,670,346,322,402,505,261,647,261,347,373,615,2865,0,2865
20221,A,골목상권,3110504,명지전문대,223,112,111,32,32,17,51,39,52,17,16,9,25,22,23,15,16,8,26,17,29,99,0,99
20221,A,골목상권,3110505,홍남교남측,150,78,72,17,23,18,21,24,47,11,13,11,11,11,21,6,10,7,10,13,26,77,0,77
20221,A,골목상권,3110506,연희임광아파트,536,253,283,37,142,142,71,50,94,14,60,76,33,21,49,23,82,66,38,29,45,354,0,354
20221,A,골목상권,3110507,명지대학교,6472,3098,3374,670,1284,834,881,1006,1797,333,594,457,439,489,786,337,690,377,442,517,1011,3598,0,3598
20221,A,골목상권,3110508,서연중학교,2124,966,1158,283,292,319,358,291,581,134,144,148,155,129,256,149,148,171,203,162,325,949,0,949
20221,A,골목상권,3110509,연희대우아파트앞,3661,1854,1807,495,1020,772,456,371,547,301,494,405,246,169,239,194,526,367,210,202,308,2210,0,2210
20221,A,골목상권,3110510,홍연시장,1123,552,571,110,160,119,163,193,378,60,82,60,89,95,166,50,78,59,74,98,212,511,0,511
20221,A,골목상권,3110511,연희초등학교,5867,3147,2720,432,2347,1029,647,549,863,230,1368,571,325,268,385,202,979,458,322,281,478,3984,0,3984
20221,A,골목상권,3110512,연희지하차도,3398,1604,1794,382,563,480,524,534,915,194,272,229,265,267,377,188,291,251,259,267,538,1743,0,1743
20221,A,골목상권,3110513,연희파출소,991,455,536,166,172,149,178,127,199,81,73,72,85,50,94,85,99,77,93,77,105,489,0,489
20221,A,골목상권,3110514,서대문우체국,2037,1072,965,74,951,349,162,176,325,42,512,200,80,97,141,32,439,149,82,79,184,1583,0,1583
20221,A,골목상권,3110515,홍은중학교,2539,1226,1313,295,345,294,398,428,779,162,186,145,199,195,339,133,159,149,199,233,440,1163,0,1163
20221,A,골목상권,3110516,정원여중,1128,533,595,144,154,157,175,213,285,59,79,84,89,93,129,85,75,73,86,120,156,468,0,468
20221,A,골목상권,3110517,서대문소방서,866,397,469,125,197,104,120,139,181,60,91,48,55,65,78,65,106,56,65,74,103,430,0,430
20221,A,골목상권,3110518,서대문구청,519,233,286,58,80,66,68,95,152,30,34,38,28,43,60,28,46,28,40,52,92,242,0,242
20221,A,골목상권,3110519,서대문구보건소별관,3975,1814,2161,594,508,438,634,673,1128,260,254,211,306,329,454,334,254,227,328,344,674,1696,0,1696
20221,A,골목상권,3110520,경의중앙 신촌역,1522,719,803,83,594,230,131,167,317,38,253,147,64,84,133,45,341,83,67,83,184,1101,0,1101
20221,A,골목상권,3110521,홍제역 4번,886,416,470,86,121,123,121,158,277,43,56,64,59,73,121,43,65,59,62,85,156,490,0,490
20221,A,골목상권,3110522,홍제역 3번,1328,601,727,115,197,164,199,209,444,51,97,78,102,89,184,64,100,86,97,120,260,654,0,654
20221,A,골목상권,3110523,홍제성원아파트,522,249,273,55,82,65,80,86,154,28,37,34,44,39,67,27,45,31,36,47,87,227,0,227
20221,A,골목상권,3110524,연희세브란스병원,233,100,133,19,94,41,25,15,39,7,34,17,13,8,21,12,60,24,12,7,18,174,0,174
20221,A,골목상권,3110525,홍은종합사회복지관,578,279,299,100,54,83,96,79,166,49,26,42,46,43,73,51,28,41,50,36,93,251,0,251
20221,A,골목상권,3110526,봉원사,1199,499,700,117,395,176,123,150,238,55,122,80,57,81,104,62,273,96,66,69,134,773,0,773
20221,A,골목상권,3110527,홍제역 2번,1923,914,1009,175,285,275,250,350,588,88,147,139,123,173,244,87,138,136,127,177,344,993,0,993
20221,A,골목상권,3110528,서울여자간호대학교,1547,759,788,224,218,245,210,219,431,118,113,133,112,109,174,106,105,112,98,110,257,711,0,711
20221,A,골목상권,3110529,홍제3동주민센터,3374,1605,1769,300,427,339,471,584,1253,148,213,179,246,292,527,152,214,160,225,292,726,1765,0,1765
20221,A,골목상권,3110530,아현역 1번,247,128,119,15,32,31,29,47,93,9,13,17,15,27,47,6,19,14,14,20,46,169,0,169
20221,A,골목상권,3110531,홍지문,410,197,213,31,95,48,53,66,117,16,38,30,28,33,52,15,57,18,25,33,65,228,0,228
20221,A,골목상권,3110532,아현역 2번,2046,986,1060,174,309,223,319,386,635,79,155,117,170,206,259,95,154,106,149,180,376,1212,0,1212
20221,A,골목상권,3110533,충정로역 7번,1093,574,519,72,177,150,163,212,319,38,104,86,83,121,142,34,73,64,80,91,177,650,0,650
20221,A,골목상권,3110534,경기대학교,1614,805,809,162,297,209,196,283,467,83,149,118,108,147,200,79,148,91,88,136,267,871,0,871
20221,A,골목상권,3110535,영천시장입구,1293,597,696,103,215,152,180,214,429,46,106,79,89,111,166,57,109,73,91,103,263,726,0,726
20221,A,골목상권,3110536,돈의문센트레빌아파트입구,690,350,340,45,147,88,98,137,175,23,67,49,56,67,88,22,80,39,42,70,87,399,0,399
20221,A,골목상권,3110537,충정로현대아파트,1051,477,574,129,233,210,161,114,204,55,92,100,78,57,95,74,141,110,83,57,109,607,0,607
20221,A,골목상권,3110538,충정로역 3번,422,190,232,15,88,136,65,39,79,4,37,64,31,20,34,11,51,72,34,19,45,297,0,297
20221,A,골목상권,3110539,미근동,460,238,222,21,83,94,55,64,143,9,51,49,34,32,63,12,32,45,21,32,80,314,0,314
20221,A,골목상권,3110540,망원나들목체육관,2776,1378,1398,342,416,499,456,426,637,167,201,262,232,234,282,175,215,237,224,192,355,1320,0,1320
20221,A,골목상권,3110541,동교초등학교,4944,2304,2640,739,750,751,854,718,1132,356,349,365,418,333,483,383,401,386,436,385,649,2229,0,2229
20221,A,골목상권,3110542,마포구청역 7번,5276,2502,2774,694,875,863,860,817,1167,346,401,411,431,408,505,348,474,452,429,409,662,2483,0,2483
20221,A,골목상권,3110543,중암중학교,994,493,501,167,150,157,168,131,221,88,86,84,77,68,90,79,64,73,91,63,131,493,0,493
20221,A,골목상권,3110544,망리단길,12727,5888,6839,1364,2275,2489,1939,1754,2906,680,1041,1155,931,856,1225,684,1234,1334,1008,898,1681,6618,0,6618
20221,A,골목상권,3110545,마포구청역 1번,5110,1723,3387,259,2037,1457,614,371,372,112,453,532,277,179,170,147,1584,925,337,192,202,3987,0,3987
20221,A,골목상권,3110546,양화대교북단,2596,1249,1347,256,493,567,387,335,558,117,233,285,192,171,251,139,260,282,195,164,307,1357,0,1357
20221,A,골목상권,3110547,KB국민은행 망원동지점,2491,1171,1320,327,405,342,396,368,653,166,193,166,188,182,276,161,212,176,208,186,377,1165,0,1165
20221,A,골목상권,3110548,마포구청역 4번,2724,1252,1472,286,494,530,450,421,543,158,202,247,201,215,229,128,292,283,249,206,314,1437,0,1437
20221,A,골목상권,3110549,새터산,2629,1260,1369,351,413,439,433,361,632,180,194,206,227,173,280,171,219,233,206,188,352,1262,0,1262
20221,A,골목상권,3110550,합정역 8번,5796,2583,3213,608,1144,1237,876,753,1178,287,466,568,405,351,506,321,678,669,471,402,672,3047,0,3047
20221,A,골목상권,3110551,성서초등학교,4111,1881,2230,689,619,617,810,584,792,307,293,268,369,282,362,382,326,349,441,302,430,1840,0,1840
20221,A,골목상권,3110552,성미산체육관,2263,1073,1190,276,347,367,351,360,562,136,157,190,170,172,248,140,190,177,181,188,314,1133,0,1133
20221,A,골목상권,3110553,가좌역 2번,3390,1673,1717,374,526,557,525,530,878,207,263,295,256,266,386,167,263,262,269,264,492,1770,0,1770
20221,A,골목상권,3110554,망원역 1번,4439,1991,2448,434,801,880,726,618,980,216,326,384,337,310,418,218,475,496,389,308,562,2550,0,2550
20222,A,골목상권,3110001,이북5도청사,1020,466,554,160,142,94,160,194,270,85,64,44,68,84,121,75,78,50,92,110,149,401,0,401
20222,A,골목상권,3110002,독립문역 1번,629,309,320,79,57,59,78,91,265,39,29,30,45,51,115,40,28,29,33,40,150,343,0,343
20222,A,골목상권,3110003,세검정초등학교,3212,1505,1707,603,399,372,551,533,754,285,203,179,256,234,348,318,196,193,295,299,406,1270,0,1270
20222,A,골목상권,3110004,대신고등학교,471,221,250,57,61,47,69,77,160,30,34,24,33,33,67,27,27,23,36,44,93,244,0,244
20222,A,골목상권,3110005,세검정,2153,1044,1109,356,294,250,346,374,533,205,153,119,152,173,242,151,141,131,194,201,291,878,0,878
20222,A,골목상권,3110006,부암동주민센터,687,319,368,64,70,75,94,129,255,36,38,32,45,59,109,28,32,43,49,70,146,384,0,384
20222,A,골목상권,3110007,사직공원(한국사회과학도서관),1927,882,1045,267,268,257,315,325,495,131,127,132,148,139,205,136,141,125,167,186,290,885,0,885
20222,A,골목상권,3110008,배화여자대학교(박노수미술관),4595,2051,2544,714,563,656,846,716,1100,347,255,317,360,329,443,367,308,339,486,387,657,2045,0,2045
20222,A,골목상권,3110009,자하문터널,1602,770,832,216,209,237,305,277,358,123,110,122,138,119,158,93,99,115,167,158,200,713,0,713
20222,A,골목상권,3110010,평창동서측,3134,1408,1726,428,389,369,499,549,900,208,189,160,216,244,391,220,200,209,283,305,509,1417,0,1417
20222,A,골목상권,3110011,청운초등학교,431,215,216,74,68,46,63,90,90,44,42,15,30,42,42,30,26,31,33,48,48,164,0,164
20222,A,골목상권,3110012,성곡미술관,1928,873,1055,272,287,267,291,375,436,130,134,117,124,178,190,142,153,150,167,197,246,847,0,847
20222,A,골목상권,3110013,체부동홍종문가옥,374,179,195,46,49,70,53,57,99,26,25,29,27,26,46,20,24,41,26,31,53,198,0,198
20222,A,골목상권,3110014,경복고등학교,931,429,502,136,113,93,162,161,266,76,58,37,73,75,110,60,55,56,89,86,156,464,0,464
20222,A,골목상권,3110015,청와대사랑채,589,279,310,98,82,91,103,94,121,54,38,37,52,41,57,44,44,54,51,53,64,254,0,254
20222,A,골목상권,3110016,평창동동측,2075,986,1089,259,311,233,268,353,651,136,164,104,126,155,301,123,147,129,142,198,350,901,0,901
20222,A,골목상권,3110017,정독도서관,731,353,378,103,88,101,115,129,195,56,42,49,57,63,86,47,46,52,58,66,109,321,0,321
20222,A,골목상권,3110018,중앙고등학교,2795,1324,1471,371,339,398,509,431,747,201,164,190,233,208,328,170,175,208,276,223,419,1295,0,1295
20222,A,골목상권,3110019,창덕궁,243,143,100,6,20,32,37,35,113,4,16,16,25,24,58,2,4,16,12,11,55,159,0,159
20222,A,골목상권,3110020,서울국제고등학교,3990,2018,1972,430,1169,468,478,512,933,201,634,281,233,258,411,229,535,187,245,254,522,2299,0,2299
20222,A,골목상권,3110021,성균관대학교,1915,930,985,180,725,240,208,213,349,89,353,129,102,98,159,91,372,111,106,115,190,1229,0,1229
20222,A,골목상권,3110022,경신고등학교,1552,707,845,265,368,196,278,184,261,128,168,88,130,78,115,137,200,108,148,106,146,784,0,784
20222,A,골목상권,3110023,서울대병원,554,258,296,32,178,108,51,59,126,18,90,50,24,25,51,14,88,58,27,34,75,365,0,365
20222,A,골목상권,3110024,혜회동주민센터,1257,561,696,118,273,155,183,179,349,59,118,81,81,81,141,59,155,74,102,98,208,800,0,800
20222,A,골목상권,3110025,충신시장옆,479,262,217,37,76,76,71,85,134,25,46,44,40,41,66,12,30,32,31,44,68,264,0,264
20222,A,골목상권,3110026,종로5가역 4번,108,53,55,3,14,14,9,30,38,0,8,5,4,14,22,3,6,9,5,16,16,62,0,62
20222,A,골목상권,3110027,혜화역 1번,2669,1220,1449,245,549,407,376,387,705,112,251,190,187,188,292,133,298,217,189,199,413,1450,0,1450
20222,A,골목상권,3110028,이화달팽이길,3909,1998,1911,354,716,514,461,763,1101,179,360,284,254,403,518,175,356,230,207,360,583,2181,0,2181
20222,A,골목상권,3110029,동대문역 1번,5260,2757,2503,487,788,561,683,1174,1567,266,435,329,364,619,744,221,353,232,319,555,823,2569,0,2569
20222,A,골목상권,3110030,동대문역 3번,179,92,87,9,20,16,24,42,68,3,10,11,11,27,30,6,10,5,13,15,38,116,0,116
20222,A,골목상권,3110031,창신역 1번,486,236,250,44,76,61,54,97,154,21,38,27,29,47,74,23,38,34,25,50,80,266,0,266
20222,A,골목상권,3110032,수족관거리,27,14,13,1,0,5,3,4,14,1,0,3,2,3,5,0,0,2,1,1,9,16,0,16
20222,A,골목상권,3110033,창신역 4번,2007,979,1028,161,254,239,291,408,654,75,140,133,155,195,281,86,114,106,136,213,373,1077,0,1077
20222,A,골목상권,3110034,창신1동주민센터,348,200,148,3,5,15,44,74,207,1,1,8,26,41,123,2,4,7,18,33,84,308,0,308
20222,A,골목상권,3110035,동묘앞역 2번,3468,1809,1659,223,472,433,479,765,1096,124,221,254,272,411,527,99,251,179,207,354,569,2014,0,2014
20222,A,골목상권,3110036,동묘앞역 3번,386,213,173,9,208,80,20,29,40,2,106,48,13,18,26,7,102,32,7,11,14,342,0,342
20222,A,골목상권,3110037,신설동역 12번,1535,772,763,117,221,205,191,318,483,60,120,113,94,163,222,57,101,92,97,155,261,807,0,807
20222,A,골목상권,3110038,경향신문사,12,9,3,2,1,2,1,3,3,2,1,2,0,3,1,0,0,0,1,0,2,7,0,7
20222,A,골목상권,3110039,회현역 1번,87,53,34,5,8,6,17,13,38,5,3,5,10,11,19,0,5,1,7,2,19,51,0,51
20222,A,골목상권,3110040,중구회현체육센터(정화예술대남산캠퍼스),906,428,478,76,126,93,131,146,334,35,66,51,68,72,136,41,60,42,63,74,198,482,0,482
20222,A,골목상권,3110041,남산케이블카,701,351,350,76,100,115,106,102,202,40,53,64,60,47,87,36,47,51,46,55,115,439,0,439
20222,A,골목상권,3110042,남산골공원옆,965,470,495,83,200,166,134,130,252,39,87,87,76,66,115,44,113,79,58,64,137,532,0,532
20222,A,골목상권,3110043,충무초등학교,2208,1145,1063,215,814,310,218,238,413,108,440,169,115,138,175,107,374,141,103,100,238,1458,0,1458
20222,A,골목상권,3110044,관성묘,231,109,122,26,45,39,38,31,52,13,21,20,21,14,20,13,24,19,17,17,32,130,0,130
20222,A,골목상권,3110045,동대문역사문화공원역 5번,910,473,437,65,129,119,109,163,325,37,68,71,64,86,147,28,61,48,45,77,178,528,0,528
20222,A,골목상권,3110046,버티고개,3660,1824,1836,336,598,605,547,607,967,184,309,337,276,280,438,152,289,268,271,327,529,1656,0,1656
20222,A,골목상권,3110047,다산성곽길,2754,1296,1458,266,406,379,405,467,831,130,208,190,190,233,345,136,198,189,215,234,486,1360,0,1360
20222,A,골목상권,3110048,장충동주민센터,2453,1191,1262,251,455,421,343,368,615,129,230,209,179,174,270,122,225,212,164,194,345,1262,0,1262
20222,A,골목상권,3110049,장충단 고개,1958,913,1045,236,397,330,292,282,421,128,183,167,136,126,173,108,214,163,156,156,248,988,0,988
20222,A,골목상권,3110050,약수역 7번,769,365,404,73,136,107,113,105,235,40,73,50,53,50,99,33,63,57,60,55,136,396,0,396
20222,A,골목상권,3110051,한양공고앞 교차로,1222,640,582,78,160,158,149,240,437,41,88,90,80,130,211,37,72,68,69,110,226,710,0,710
20222,A,골목상권,3110052,장충초등학교,1688,851,837,176,283,251,213,306,459,91,127,145,113,155,220,85,156,106,100,151,239,876,0,876
20222,A,골목상권,3110053,청구역 1번,2634,1310,1324,209,418,383,371,524,729,100,209,204,210,270,317,109,209,179,161,254,412,1498,0,1498
20222,A,골목상권,3110054,청구역 3번,1988,951,1037,192,442,382,278,282,412,102,204,188,136,138,183,90,238,194,142,144,229,1121,0,1121
20222,A,골목상권,3110055,황학동벼룩시장,302,150,152,10,70,74,29,48,71,4,30,36,17,27,36,6,40,38,12,21,35,224,0,224
20222,A,골목상권,3110056,신당역 3번,5008,2455,2553,460,796,620,682,998,1452,257,358,316,365,525,634,203,438,304,317,473,818,2699,0,2699
20222,A,골목상권,3110057,황학코아루아파트,1743,729,1014,92,567,495,202,187,200,48,179,210,95,102,95,44,388,285,107,85,105,1288,0,1288
20222,A,골목상권,3110058,성심여자고등학교,3736,1777,1959,420,585,504,551,633,1043,188,289,265,285,297,453,232,296,239,266,336,590,1972,0,1972
20222,A,골목상권,3110059,새남터성지,1785,831,954,172,180,210,259,321,643,84,92,122,131,156,246,88,88,88,128,165,397,953,0,953
20222,A,골목상권,3110060,효창공원앞역 6번,3491,1660,1831,375,602,610,540,528,836,195,291,303,253,265,353,180,311,307,287,263,483,1728,0,1728
20222,A,골목상권,3110061,효창동주민센터,3871,1838,2033,506,622,631,559,613,940,263,288,321,267,292,407,243,334,310,292,321,533,1764,0,1764
20222,A,골목상권,3110062,한강로동땡땡거리(은행나무길),1263,664,599,77,154,159,175,207,491,45,77,103,103,121,215,32,77,56,72,86,276,734,0,734
20222,A,골목상권,3110063,효창공원앞역 5번,2934,1472,1462,250,514,641,358,415,756,120,244,355,202,221,330,130,270,286,156,194,426,1651,0,1651
20222,A,골목상권,3110064,효창공원앞역 2번,2998,1377,1621,391,601,542,473,426,565,190,240,282,220,207,238,201,361,260,253,219,327,1454,0,1454
20222,A,골목상권,3110065,남정초등학교,155,72,83,25,28,27,23,18,34,14,14,11,13,5,15,11,14,16,10,13,19,85,0,85
20222,A,골목상권,3110066,서울역 15번,2709,1373,1336,244,423,409,379,524,730,125,218,236,195,266,333,119,205,173,184,258,397,1541,0,1541
20222,A,골목상권,3110067,배문고등학교,7697,3889,3808,806,1439,1229,1132,1338,1753,426,718,711,581,667,786,380,721,518,551,671,967,3893,0,3893
20222,A,골목상권,3110068,남영역 1번,3437,1616,1821,265,719,765,463,442,783,132,276,403,240,222,343,133,443,362,223,220,440,2038,0,2038
20222,A,골목상권,3110069,숙대입구,5535,2202,3333,426,1478,865,734,685,1347,200,410,420,351,308,513,226,1068,445,383,377,834,3446,0,3446
20222,A,골목상권,3110070,용산세무서,105,49,56,18,12,13,16,15,31,6,7,6,9,7,14,12,5,7,7,8,17,43,0,43
20222,A,골목상권,3110071,한강미주맨션아파트,534,241,293,104,54,60,88,88,140,47,29,29,37,46,53,57,25,31,51,42,87,179,0,179
20222,A,골목상권,3110072,열정도,124,91,33,1,8,12,16,23,64,0,8,8,11,22,42,1,0,4,5,1,22,97,0,97
20222,A,골목상권,3110073,삼각지역 3번,478,226,252,17,93,114,65,46,143,13,47,55,36,25,50,4,46,59,29,21,93,364,0,364
20222,A,골목상권,3110074,서울역 12번,3273,2153,1120,170,345,395,468,761,1134,94,158,220,320,582,779,76,187,175,148,179,355,2493,0,2493
20222,A,골목상권,3110075,숙대입구역 1번,3263,1729,1534,243,483,457,463,590,1027,120,248,236,245,346,534,123,235,221,218,244,493,2033,0,2033
20222,A,골목상권,3110076,삼각지역 14번,18,12,6,0,0,1,1,5,11,0,0,1,1,4,6,0,0,0,0,1,5,15,0,15
20222,A,골목상권,3110077,삼광초등학교,1233,595,638,150,159,157,209,198,360,80,77,82,99,104,153,70,82,75,110,94,207,618,0,618
20222,A,골목상권,3110078,이촌동점보아파트,465,217,248,91,61,36,76,88,113,46,33,10,34,38,56,45,28,26,42,50,57,146,0,146
20222,A,골목상권,3110079,후암동주민센터,10480,5031,5449,1365,1572,1771,1716,1654,2402,719,773,912,818,785,1024,646,799,859,898,869,1378,5148,0,5148
20222,A,골목상권,3110080,해방촌예술마을,4131,2028,2103,438,606,664,626,610,1187,242,302,356,326,284,518,196,304,308,300,326,669,2097,0,2097
20222,A,골목상권,3110081,해방촌 남동측,3336,1544,1792,243,528,533,442,506,1084,111,269,255,227,218,464,132,259,278,215,288,620,1950,0,1950
20222,A,골목상권,3110082,용산구청,978,464,514,70,161,210,132,136,269,37,80,106,68,56,117,33,81,104,64,80,152,564,0,564
20222,A,골목상권,3110083,서빙고역 1번,727,358,369,121,82,149,134,92,149,64,37,73,69,51,64,57,45,76,65,41,85,350,0,350
20222,A,골목상권,3110084,경리단길북측,3620,1629,1991,271,528,624,560,524,1113,126,270,314,265,230,424,145,258,310,295,294,689,2154,0,2154
20222,A,골목상권,3110085,경리단길남측,2745,1282,1463,306,460,513,430,370,666,157,218,254,204,177,272,149,242,259,226,193,394,1508,0,1508
20222,A,골목상권,3110086,이태원역 북측,1103,533,570,152,174,191,171,135,280,80,92,90,82,59,130,72,82,101,89,76,150,549,0,549
20222,A,골목상권,3110087,이태원엔틱가구거리,1686,743,943,85,222,211,223,273,672,49,114,131,105,126,218,36,108,80,118,147,454,1150,0,1150
20222,A,골목상권,3110088,오산고등학교,1727,850,877,209,265,258,280,308,407,106,138,136,136,163,171,103,127,122,144,145,236,813,0,813
20222,A,골목상권,3110089,서빙고동주민센터,2539,1233,1306,264,329,348,385,434,779,145,164,194,194,211,325,119,165,154,191,223,454,1322,0,1322
20222,A,골목상권,3110090,한국폴리텍대학서울정수캠퍼스,1963,915,1048,185,298,331,303,331,515,90,144,179,122,167,213,95,154,152,181,164,302,1109,0,1109
20222,A,골목상권,3110091,리움미술관,153,75,78,14,18,35,17,16,53,7,9,21,6,8,24,7,9,14,11,8,29,82,0,82
20222,A,골목상권,3110092,NH농협은행 보광동지점,3527,1743,1784,312,586,534,497,633,965,178,344,277,260,287,397,134,242,257,237,346,568,1848,0,1848
20222,A,골목상권,3110093,우사단길,6035,3127,2908,490,956,1123,925,930,1611,269,534,654,505,489,676,221,422,469,420,441,935,3613,0,3613
20222,A,골목상권,3110094,오산중학교,358,183,175,26,63,49,46,71,103,13,25,35,23,40,47,13,38,14,23,31,56,201,0,201
20222,A,골목상권,3110095,한강진역 3번,2566,1144,1422,196,227,483,452,380,828,108,100,223,230,180,303,88,127,260,222,200,525,1717,0,1717
20222,A,골목상권,3110096,한남힐사이드아파트,972,437,535,118,126,205,148,149,226,64,56,86,77,65,89,54,70,119,71,84,137,454,0,454
20222,A,골목상권,3110097,한남초등학교,226,100,126,26,25,73,33,24,45,12,12,31,16,10,19,14,13,42,17,14,26,131,0,131
20222,A,골목상권,3110098,서울독일학교,219,104,115,29,35,30,30,39,56,16,12,18,18,17,23,13,23,12,12,22,33,117,0,117
20222,A,골목상권,3110099,유엔빌리지길,1823,895,928,312,201,329,273,313,395,162,105,151,132,156,189,150,96,178,141,157,206,835,0,835
20222,A,골목상권,3110100,옥수동우편취급국,107,55,52,16,20,15,12,22,22,11,11,8,6,10,9,5,9,7,6,12,13,43,0,43
20222,A,골목상권,3110101,옥정중학교,662,281,381,79,104,155,123,87,114,38,31,78,50,39,45,41,73,77,73,48,69,378,0,378
20222,A,골목상권,3110102,옥수역 6번,813,385,428,89,131,121,144,101,227,48,55,55,79,56,92,41,76,66,65,45,135,455,0,455
20222,A,골목상권,3110103,옥수터널,409,196,213,36,69,69,58,65,112,16,40,39,31,32,38,20,29,30,27,33,74,215,0,215
20222,A,골목상권,3110104,신금호역 4번,2904,1414,1490,368,407,346,473,507,803,183,203,194,242,249,343,185,204,152,231,258,460,1334,0,1334
20222,A,골목상권,3110105,금동어린이공원,2845,1380,1465,307,395,382,396,486,879,171,214,194,193,237,371,136,181,188,203,249,508,1398,0,1398
20222,A,골목상권,3110106,금북초등학교,919,458,461,118,141,125,119,149,267,68,81,61,54,71,123,50,60,64,65,78,144,407,0,407
20222,A,골목상권,3110107,금호사거리,224,105,119,17,21,30,30,41,85,11,8,15,16,20,35,6,13,15,14,21,50,132,0,132
20222,A,골목상권,3110108,성동구립금호도서관,3,1,2,0,0,0,1,0,2,0,0,0,0,0,1,0,0,0,1,0,1,1,0,1
20222,A,골목상권,3110109,금호삼성래미안아파트,451,226,225,32,73,63,60,75,148,12,39,38,32,36,69,20,34,25,28,39,79,242,0,242
20222,A,골목상권,3110110,상왕십리역 6번,1988,928,1060,156,429,336,277,316,474,77,174,164,148,166,199,79,255,172,129,150,275,1159,0,1159
20222,A,골목상권,3110111,대현산장미원,1418,713,705,162,168,174,255,221,438,83,85,108,125,113,199,79,83,66,130,108,239,617,0,617
20222,A,골목상권,3110112,행당역 2번,2689,1292,1397,308,519,374,390,453,645,159,260,182,189,209,293,149,259,192,201,244,352,1348,0,1348
20222,A,골목상권,3110113,응봉산,1424,710,714,195,186,183,207,276,377,104,103,88,113,136,166,91,83,95,94,140,211,633,0,633
20222,A,골목상권,3110114,왕십리파출소,826,402,424,109,133,126,124,147,187,55,64,60,68,77,78,54,69,66,56,70,109,372,0,372
20222,A,골목상권,3110115,상왕십리역 3번,2063,1044,1019,183,471,355,259,363,432,111,229,199,119,193,193,72,242,156,140,170,239,1116,0,1116
20222,A,골목상권,3110116,청계천박물관,1932,982,950,198,284,218,257,404,571,106,156,118,130,215,257,92,128,100,127,189,314,948,0,948
20222,A,골목상권,3110117,성동구보건소,1595,818,777,175,257,239,205,281,438,101,136,126,114,137,204,74,121,113,91,144,234,795,0,795
20222,A,골목상권,3110118,왕십리역 9번,1097,581,516,86,156,149,131,227,348,41,91,91,62,130,166,45,65,58,69,97,182,694,0,694
20222,A,골목상권,3110119,마장지하차도,284,141,143,34,35,30,43,50,92,17,19,13,25,25,42,17,16,17,18,25,50,147,0,147
20222,A,골목상권,3110120,서울숲카페거리,839,412,427,93,134,149,140,130,193,48,75,68,71,65,85,45,59,81,69,65,108,432,0,432
20222,A,골목상권,3110121,한양대역 4번,934,555,379,73,527,104,50,68,112,34,337,73,30,36,45,39,190,31,20,32,67,771,0,771
20222,A,골목상권,3110122,마장역 2번,846,429,417,123,128,120,136,139,200,59,64,70,69,71,96,64,64,50,67,68,104,365,0,365
20222,A,골목상권,3110123,마장역 3번,2776,1384,1392,249,521,356,337,456,857,129,248,192,176,242,397,120,273,164,161,214,460,1611,0,1611
20222,A,골목상권,3110124,뚝섬역교차로,856,476,380,64,167,124,113,152,236,32,94,74,56,93,127,32,73,50,57,59,109,512,0,512
20222,A,골목상권,3110125,사근동살곶이상점가,4343,2239,2104,383,1637,473,417,490,943,163,917,290,234,227,408,220,720,183,183,263,535,2833,0,2833
20222,A,골목상권,3110126,서울숲역 1번,607,293,314,54,117,114,83,85,154,37,57,60,38,36,65,17,60,54,45,49,89,316,0,316
20222,A,골목상권,3110127,성수1가1동주민센터,980,487,493,51,232,258,142,141,156,22,112,123,64,93,73,29,120,135,78,48,83,715,0,715
20222,A,골목상권,3110128,성원중학교,7452,3995,3457,721,1190,1027,1034,1613,1867,369,669,590,551,904,912,352,521,437,483,709,955,4002,0,4002
20222,A,골목상권,3110129,성원어린이공원,1602,788,814,189,261,296,263,244,349,89,134,136,136,129,164,100,127,160,127,115,185,833,0,833
20222,A,골목상권,3110130,답십리역 6번,1188,587,601,102,197,115,169,224,381,45,101,62,85,120,174,57,96,53,84,104,207,627,0,627
20222,A,골목상권,3110131,성수동카페거리,2618,1405,1213,228,551,480,298,449,612,120,270,277,160,249,329,108,281,203,138,200,283,1526,0,1526
20222,A,골목상권,3110132,성수2가3동주민센터,2091,1066,1025,146,425,453,281,295,491,76,198,235,141,178,238,70,227,218,140,117,253,1318,0,1318
20222,A,골목상권,3110133,서울교통공사,1855,944,911,202,218,254,291,350,540,100,109,125,163,187,260,102,109,129,128,163,280,977,0,977
20222,A,골목상권,3110134,성수119안전센터,5535,2971,2564,521,757,834,786,1121,1516,264,434,458,424,643,748,257,323,376,362,478,768,2888,0,2888
20222,A,골목상권,3110135,성동세무서,1157,628,529,106,212,207,170,190,272,63,113,110,98,105,139,43,99,97,72,85,133,657,0,657
20222,A,골목상권,3110136,경수초등학교,2505,1300,1205,297,332,401,360,427,688,150,169,210,198,218,355,147,163,191,162,209,333,1203,0,1203
20222,A,골목상권,3110137,성수초등학교,1611,857,754,174,321,372,232,235,277,85,136,208,142,132,154,89,185,164,90,103,123,920,0,920
20222,A,골목상권,3110138,송정체육공원,3513,1886,1627,337,616,510,451,667,932,175,319,290,250,387,465,162,297,220,201,280,467,1973,0,1973
20222,A,골목상권,3110139,자양4동주민센터,5303,2677,2626,418,780,779,746,969,1611,195,393,432,400,520,737,223,387,347,346,449,874,3040,0,3040
20222,A,골목상권,3110140,건대입구역 6번,4954,2481,2473,392,805,723,682,859,1493,194,380,395,375,464,673,198,425,328,307,395,820,2848,0,2848
20222,A,골목상권,3110141,건대입구역 1번,3062,1462,1600,149,1224,590,307,287,505,77,523,322,170,138,232,72,701,268,137,149,273,2208,0,2208
20222,A,골목상권,3110142,화양사거리,6199,2984,3215,274,2946,1266,546,509,658,136,1264,701,314,269,300,138,1682,565,232,240,358,4850,0,4850
20222,A,골목상권,3110143,뚝섬유원지역 1번,116,59,57,18,15,11,17,25,30,8,8,5,8,14,16,10,7,6,9,11,14,49,0,49
20222,A,골목상권,3110144,어린이대공원역 4번,2130,1033,1097,83,898,326,196,239,388,38,405,167,109,142,172,45,493,159,87,97,216,1732,0,1732
20222,A,골목상권,3110145,장안초등학교,551,270,281,48,152,75,62,82,132,22,80,40,32,39,57,26,72,35,30,43,75,308,0,308
20222,A,골목상권,3110146,신자초등학교,3818,1938,1880,471,567,591,552,665,972,247,304,308,283,333,463,224,263,283,269,332,509,1853,0,1853
20222,A,골목상권,3110147,능동우편취급국,6260,3171,3089,617,1355,1161,849,968,1310,329,698,616,443,474,611,288,657,545,406,494,699,3407,0,3407
20222,A,골목상권,3110148,어린이대공원역 3번,1537,769,768,82,602,244,154,166,289,36,298,129,90,90,126,46,304,115,64,76,163,1068,0,1068
20222,A,골목상권,3110149,세종대학교,1055,490,565,96,301,204,131,143,180,45,141,100,65,61,78,51,160,104,66,82,102,598,0,598
20222,A,골목상권,3110150,중곡1동 마을마당,6333,3133,3200,631,1107,1244,863,974,1514,333,560,625,445,487,683,298,547,619,418,487,831,3330,0,3330
20222,A,골목상권,3110151,자양한강도서관,4732,2306,2426,538,763,774,752,799,1106,288,380,378,385,375,500,250,383,396,367,424,606,2312,0,2312
20222,A,골목상권,3110152,중곡어린이공원,2023,1029,994,243,293,326,308,360,493,134,138,179,165,181,232,109,155,147,143,179,261,996,0,996
20222,A,골목상권,3110153,중곡1동주민센터,2573,1221,1352,233,437,546,368,370,619,122,180,279,186,173,281,111,257,267,182,197,338,1412,0,1412
20222,A,골목상권,3110154,광진정말공원,4366,2121,2245,482,727,672,640,775,1070,268,364,336,319,371,463,214,363,336,321,404,607,2148,0,2148
20222,A,골목상권,3110155,광진구청,4200,2072,2128,487,926,626,615,675,871,256,463,336,292,323,402,231,463,290,323,352,469,2111,0,2111
20222,A,골목상권,3110156,군자역 5번,6239,2862,3377,602,1308,1363,923,747,1296,304,561,616,472,343,566,298,747,747,451,404,730,3544,0,3544
20222,A,골목상권,3110157,자양동우체국,5774,2858,2916,823,890,889,971,994,1207,423,481,445,481,481,547,400,409,444,490,513,660,2602,0,2602
20222,A,골목상권,3110158,중곡3동주민센터,6729,3352,3377,651,1043,1054,958,1201,1822,355,494,573,488,609,833,296,549,481,470,592,989,3649,0,3649
20222,A,골목상권,3110159,구의역 4번,8894,4239,4655,857,1714,1470,1232,1443,2178,396,798,739,633,701,972,461,916,731,599,742,1206,4855,0,4855
20222,A,골목상권,3110160,광진경찰서,1893,905,988,232,351,336,341,297,336,126,172,161,164,140,142,106,179,175,177,157,194,944,0,944
20222,A,골목상권,3110161,중곡역 3번,4891,2419,2472,495,811,834,667,826,1258,256,411,434,348,385,585,239,400,400,319,441,673,2469,0,2469
20222,A,골목상권,3110162,군자역 4번,3729,1750,1979,523,643,667,572,540,784,249,301,321,277,249,353,274,342,346,295,291,431,1665,0,1665
20222,A,골목상권,3110163,성자초등학교,2923,1365,1558,424,454,503,484,449,609,212,201,241,236,210,265,212,253,262,248,239,344,1278,0,1278
20222,A,골목상권,3110164,아차산역 5번,3398,1584,1814,369,642,816,451,437,683,203,275,359,227,202,318,166,367,457,224,235,365,1755,0,1755
20222,A,골목상권,3110165,국립정신건강센터,4189,2027,2162,474,747,667,548,778,975,236,371,346,264,364,446,238,376,321,284,414,529,1913,0,1913
20222,A,골목상권,3110166,구의1동주민센터,6101,2891,3210,473,1390,1160,867,897,1314,232,640,585,429,426,579,241,750,575,438,471,735,3508,0,3508
20222,A,골목상권,3110167,용마초등학교,6882,3267,3615,958,1127,1201,1019,1097,1480,497,530,585,489,506,660,461,597,616,530,591,820,3155,0,3155
20222,A,골목상권,3110168,대원고등학교,2583,1265,1318,359,456,392,366,495,515,191,225,200,168,239,242,168,231,192,198,256,273,1104,0,1104
20222,A,골목상권,3110169,성동초등학교,2609,1307,1302,238,529,579,311,420,532,130,252,325,153,194,253,108,277,254,158,226,279,1360,0,1360
20222,A,골목상권,3110170,동대부여고,6237,3026,3211,541,1276,1256,896,892,1376,242,616,672,454,440,602,299,660,584,442,452,774,3367,0,3367
20222,A,골목상권,3110171,중곡4동주민센터,2409,1145,1264,245,327,310,355,457,715,116,163,153,192,207,314,129,164,157,163,250,401,1190,0,1190
20222,A,골목상권,3110172,광진초등학교,4010,1933,2077,565,547,588,631,668,1011,295,261,293,321,322,441,270,286,295,310,346,570,1960,0,1960
20222,A,골목상권,3110173,구남초등학교,1410,654,756,149,272,254,170,236,329,76,126,130,73,108,141,73,146,124,97,128,188,716,0,716
20222,A,골목상권,3110174,아차산역 1번,4692,2250,2442,592,655,690,669,787,1299,304,326,333,334,360,593,288,329,357,335,427,706,2047,0,2047
20222,A,골목상권,3110175,푸른동산공원,5000,2357,2643,644,917,882,792,753,1012,318,416,441,380,347,455,326,501,441,412,406,557,2478,0,2478
20222,A,골목상권,3110176,해오름공원,6118,3036,3082,644,932,843,864,1122,1713,350,484,440,449,562,751,294,448,403,415,560,962,2913,0,2913
20222,A,골목상권,3110177,동의초등학교,1551,751,800,249,202,171,257,250,422,119,106,92,128,122,184,130,96,79,129,128,238,661,0,661
20222,A,골목상권,3110178,장로회신학대학교,1132,552,580,142,168,162,157,161,342,74,83,81,78,76,160,68,85,81,79,85,182,559,0,559
20222,A,골목상권,3110179,광나루역 1번,1086,525,561,130,153,133,191,184,295,69,81,63,88,89,135,61,72,70,103,95,160,580,0,580
20222,A,골목상권,3110180,광진정보도서관,1307,630,677,171,209,215,205,212,295,91,104,105,94,91,145,80,105,110,111,121,150,618,0,618
20222,A,골목상권,3110181,신설동역 9번,1395,634,761,63,494,338,167,141,192,30,179,149,93,80,103,33,315,189,74,61,89,1033,0,1033
20222,A,골목상권,3110182,용두희망어린이공원,1036,614,422,95,398,158,112,107,166,51,261,103,59,62,78,44,137,55,53,45,88,700,0,700
20222,A,골목상권,3110183,한국의류시험연구원,556,324,232,38,84,55,69,101,209,20,44,31,46,67,116,18,40,24,23,34,93,350,0,350
20222,A,골목상권,3110184,용두사거리,218,115,103,19,32,38,37,30,62,10,15,22,23,17,28,9,17,16,14,13,34,135,0,135
20222,A,골목상권,3110185,용두초등학교,431,244,187,37,62,50,65,81,136,21,40,33,38,48,64,16,22,17,27,33,72,249,0,249
20222,A,골목상권,3110186,종암초등학교,423,258,165,31,159,57,47,49,80,16,105,38,27,30,42,15,54,19,20,19,38,295,0,295
20222,A,골목상권,3110187,제기동역 6번,4444,2136,2308,285,1185,864,592,614,904,145,506,452,325,309,399,140,679,412,267,305,505,2930,0,2930
20222,A,골목상권,3110188,용두동신동아아파트,4502,2200,2302,561,736,722,691,696,1096,298,334,371,364,339,494,263,402,351,327,357,602,2161,0,2161
20222,A,골목상권,3110189,제기동역 1번,2213,1105,1108,256,464,355,326,341,471,128,251,197,165,161,203,128,213,158,161,180,268,1104,0,1104
20222,A,골목상권,3110190,고대앞사거리,2383,1269,1114,279,647,326,256,306,569,136,373,188,142,164,266,143,274,138,114,142,303,1415,0,1415
20222,A,골목상권,3110191,고려대역 6번,1199,659,540,65,340,159,132,154,349,32,199,87,85,86,170,33,141,72,47,68,179,843,0,843
20222,A,골목상권,3110192,동의보감타워,605,345,260,16,98,143,73,94,181,8,49,79,46,61,102,8,49,64,27,33,79,481,0,481
20222,A,골목상권,3110193,고려대역 4번,1342,699,643,81,364,205,131,167,394,41,183,122,78,91,184,40,181,83,53,76,210,875,0,875
20222,A,골목상권,3110194,홍파초등학교,1726,898,828,117,213,233,217,271,675,66,122,137,132,146,295,51,91,96,85,125,380,922,0,922
20222,A,골목상권,3110195,동대문구청,3708,1911,1797,258,717,576,418,584,1155,142,357,313,248,322,529,116,360,263,170,262,626,2226,0,2226
20222,A,골목상권,3110196,홍릉근린공원,1288,660,628,80,107,118,152,219,612,33,60,72,87,123,285,47,47,46,65,96,327,820,0,820
20222,A,골목상권,3110197,세종대왕기념관교차로,548,278,270,52,86,72,71,99,168,27,46,47,41,45,72,25,40,25,30,54,96,307,0,307
20222,A,골목상권,3110198,동대문중앙새마을금고본점,120,62,58,5,12,11,13,21,58,2,5,9,8,12,26,3,7,2,5,9,32,80,0,80
20222,A,골목상권,3110199,홍릉시장,1064,569,495,48,109,99,131,176,501,21,60,65,79,114,230,27,49,34,52,62,271,699,0,699
20222,A,골목상권,3110200,동대문경찰서,807,436,371,59,98,109,113,137,291,35,55,62,70,79,135,24,43,47,43,58,156,463,0,463
20222,A,골목상권,3110201,전농119안전센터,528,304,224,30,56,60,71,101,210,16,30,31,40,71,116,14,26,29,31,30,94,354,0,354
20222,A,골목상권,3110202,전농1동주민센터(전농시장),1418,803,615,49,104,105,165,276,719,28,55,58,98,175,389,21,49,47,67,101,330,1053,0,1053
20222,A,골목상권,3110203,떡전교사거리,1769,905,864,160,216,194,235,329,635,87,117,113,120,180,288,73,99,81,115,149,347,1013,0,1013
20222,A,골목상권,3110204,간데메공원,3492,1721,1771,510,453,584,562,519,864,267,211,286,295,261,401,243,242,298,267,258,463,1692,0,1692
20222,A,골목상권,3110205,경희대삼거리,2596,1265,1331,220,816,355,317,318,570,110,391,195,173,176,220,110,425,160,144,142,350,1683,0,1683
20222,A,골목상권,3110206,텃골근린공원,3750,1882,1868,386,589,504,551,619,1101,214,301,286,291,284,506,172,288,218,260,335,595,2011,0,2011
20222,A,골목상권,3110207,시립대앞사거리,967,498,469,58,191,168,114,166,270,29,106,89,65,91,118,29,85,79,49,75,152,576,0,576
20222,A,골목상권,3110208,시조사삼거리,841,405,436,54,251,147,82,116,191,26,127,68,43,56,85,28,124,79,39,60,106,540,0,540
20222,A,골목상권,3110209,답십리 장령당공원,668,336,332,63,93,95,81,124,212,27,55,50,49,66,89,36,38,45,32,58,123,372,0,372
20222,A,골목상권,3110210,서울시립대,3839,1978,1861,350,1058,508,426,491,1006,167,577,315,224,244,451,183,481,193,202,247,555,2186,0,2186
20222,A,골목상권,3110211,전곡마을마당공원,3550,1773,1777,333,505,403,490,645,1174,169,278,227,258,321,520,164,227,176,232,324,654,1938,0,1938
20222,A,골목상권,3110212,답십리초등학교,2112,1082,1030,224,296,242,306,362,682,127,157,134,156,183,325,97,139,108,150,179,357,1077,0,1077
20222,A,골목상권,3110213,청량초등학교,802,389,413,81,299,91,72,114,145,32,142,58,40,51,66,49,157,33,32,63,79,500,0,500
20222,A,골목상권,3110214,경희대후문,2745,1403,1342,231,1325,288,212,251,438,122,685,188,102,122,184,109,640,100,110,129,254,1930,0,1930
20222,A,골목상권,3110215,회기역 1번,2091,1008,1083,109,953,314,184,177,354,48,416,167,112,105,160,61,537,147,72,72,194,1579,0,1579
20222,A,골목상권,3110216,전농중학교,1182,593,589,114,158,156,158,223,373,56,81,89,91,118,158,58,77,67,67,105,215,589,0,589
20222,A,골목상권,3110217,자동차부품상가,575,310,265,36,93,72,79,126,169,21,53,40,47,70,79,15,40,32,32,56,90,301,0,301
20222,A,골목상권,3110218,답십리사거리,2509,1279,1230,223,321,333,311,481,840,113,178,182,168,250,388,110,143,151,143,231,452,1289,0,1289
20222,A,골목상권,3110219,삼육보건대학교,6955,3620,3335,573,2455,882,730,816,1499,291,1357,517,381,399,675,282,1098,365,349,417,824,4386,0,4386
20222,A,골목상권,3110220,외대앞역 1번,2003,1022,981,144,602,260,239,277,481,63,286,163,137,159,214,81,316,97,102,118,267,1341,0,1341
20222,A,골목상권,3110221,의릉,1028,514,514,118,220,146,157,168,219,64,105,72,88,83,102,54,115,74,69,85,117,565,0,565
20222,A,골목상권,3110222,회기역 2번,108,50,58,18,20,13,18,18,21,7,8,7,9,9,10,11,12,6,9,9,11,44,0,44
20222,A,골목상권,3110223,군자초등학교,1640,845,795,155,257,269,215,306,438,92,130,151,109,147,216,63,127,118,106,159,222,750,0,750
20222,A,골목상권,3110224,외대앞역 2번,470,255,215,19,81,53,73,83,161,11,45,36,35,46,82,8,36,17,38,37,79,321,0,321
20222,A,골목상권,3110225,촬영소사거리,1228,637,591,119,159,155,172,235,388,61,79,89,100,120,188,58,80,66,72,115,200,603,0,603
20222,A,골목상권,3110226,장안1동주민센터,11209,5639,5570,1171,1511,1793,1786,2048,2900,610,757,958,937,1023,1354,561,754,835,849,1025,1546,5867,0,5867
20222,A,골목상권,3110227,답십리공원,820,397,423,102,127,96,123,165,207,55,60,48,69,77,88,47,67,48,54,88,119,380,0,380
20222,A,골목상권,3110228,장안근린공원,5530,2789,2741,590,768,689,773,987,1723,289,410,378,411,504,797,301,358,311,362,483,926,2855,0,2855
20222,A,골목상권,3110229,장평중학교,7315,3691,3624,1121,814,1188,1237,1104,1851,612,403,603,650,529,894,509,411,585,587,575,957,3145,0,3145
20222,A,골목상권,3110230,장안현대홈타운1차아파트,3650,1811,1839,508,519,752,579,498,794,263,250,375,311,240,372,245,269,377,268,258,422,1685,0,1685
20222,A,골목상권,3110231,장안교,196,103,93,22,33,33,24,35,49,10,20,17,15,18,23,12,13,16,9,17,26,83,0,83
20222,A,골목상권,3110232,동대부고,3318,1689,1629,533,381,530,563,492,819,309,185,279,292,241,383,224,196,251,271,251,436,1455,0,1455
20222,A,골목상권,3110233,중랑역 1번,5225,2706,2519,457,790,739,640,1056,1543,225,400,401,363,570,747,232,390,338,277,486,796,2875,0,2875
20222,A,골목상권,3110234,중랑역 4번,781,366,415,69,182,172,121,116,121,34,69,69,64,66,64,35,113,103,57,50,57,494,0,494
20222,A,골목상권,3110235,세화어린이공원,1398,762,636,96,202,160,193,316,431,57,113,90,103,166,233,39,89,70,90,150,198,799,0,799
20222,A,골목상권,3110236,신묵초등학교,8221,4039,4182,1055,1175,1408,1243,1373,1967,544,572,736,623,670,894,511,603,672,620,703,1073,4017,0,4017
20222,A,골목상권,3110237,메가박스 상봉,4316,2182,2134,432,649,573,631,857,1174,210,324,315,345,457,531,222,325,258,286,400,643,2348,0,2348
20222,A,골목상권,3110238,배꽃어린이공원,1506,722,784,161,239,259,211,239,397,79,105,143,105,112,178,82,134,116,106,127,219,785,0,785
20222,A,골목상권,3110239,중랑역 2번,269,149,120,22,33,30,43,56,85,10,18,17,23,34,47,12,15,13,20,22,38,166,0,166
20222,A,골목상권,3110240,태릉시장 특화거리,1282,651,631,100,203,158,160,259,402,51,97,83,89,137,194,49,106,75,71,122,208,706,0,706
20222,A,골목상권,3110241,먹골역 5번,3184,1617,1567,289,464,533,438,589,871,142,229,289,232,311,414,147,235,244,206,278,457,1755,0,1755
20222,A,골목상권,3110242,면목5동주민센터,4233,2145,2088,516,543,614,610,801,1149,263,278,326,330,417,531,253,265,288,280,384,618,2108,0,2108
20222,A,골목상권,3110243,중랑노인종합복지관,4607,2312,2295,608,645,515,706,943,1190,298,318,266,382,493,555,310,327,249,324,450,635,2219,0,2219
20222,A,골목상권,3110244,중화역 4번,1764,911,853,168,286,253,244,335,478,101,150,131,121,169,239,67,136,122,123,166,239,847,0,847
20222,A,골목상권,3110245,KB국민은행 중화동지점,2284,1177,1107,162,310,304,319,462,727,94,150,176,182,243,332,68,160,128,137,219,395,1317,0,1317
20222,A,골목상권,3110246,월드순복음교회,2897,1468,1429,323,507,594,429,468,576,173,235,315,240,236,269,150,272,279,189,232,307,1591,0,1591
20222,A,골목상권,3110247,먹골역 1번,6018,2946,3072,595,934,956,936,977,1620,320,464,493,480,472,717,275,470,463,456,505,903,3032,0,3032
20222,A,골목상권,3110248,먹골파출소,1688,856,832,171,287,264,244,272,450,92,140,143,134,137,210,79,147,121,110,135,240,810,0,810
20222,A,골목상권,3110249,중화역 1번,6437,3168,3269,786,938,940,926,1126,1721,398,455,520,484,546,765,388,483,420,442,580,956,2908,0,2908
20222,A,골목상권,3110250,화랑대역 7번,1484,727,757,238,195,202,209,257,383,127,110,96,107,118,169,111,85,106,102,139,214,684,0,684
20222,A,골목상권,3110251,장안중학교,4087,1953,2134,504,670,593,549,725,1046,238,339,291,284,320,481,266,331,302,265,405,565,1895,0,1895
20222,A,골목상권,3110252,장안제일시장,4507,2296,2211,526,608,696,672,843,1162,258,326,375,364,431,542,268,282,321,308,412,620,2120,0,2120
20222,A,골목상권,3110253,중곡초등학교,3244,1653,1591,351,428,435,514,620,896,186,232,230,279,312,414,165,196,205,235,308,482,1666,0,1666
20222,A,골목상권,3110254,오거리공원,7059,3519,3540,810,980,924,1076,1325,1944,413,496,467,573,689,881,397,484,457,503,636,1063,3458,0,3458
20222,A,골목상권,3110255,상봉역 4번,6260,3116,3144,525,964,1045,851,1165,1710,294,469,531,439,606,777,231,495,514,412,559,933,3575,0,3575
20222,A,골목상권,3110256,면목2동체육관,7976,4015,3961,856,1125,1091,1111,1627,2166,447,553,586,603,815,1011,409,572,505,508,812,1155,3930,0,3930
20222,A,골목상권,3110257,상봉역 7번,4258,2142,2116,523,690,787,542,672,1044,273,334,416,284,344,491,250,356,371,258,328,553,2178,0,2178
20222,A,골목상권,3110258,면동초등학교,5895,2935,2960,669,882,882,935,1031,1496,341,450,456,471,538,679,328,432,426,464,493,817,3214,0,3214
20222,A,골목상권,3110259,사가정역 1번,3921,1974,1947,357,626,593,591,680,1074,193,300,329,310,356,486,164,326,264,281,324,588,2160,0,2160
20222,A,골목상권,3110260,면목역 3번,2212,1132,1080,195,347,346,344,403,577,103,181,188,199,209,252,92,166,158,145,194,325,1261,0,1261
20222,A,골목상권,3110261,사가정역 4번,4946,2476,2470,469,789,793,725,791,1379,260,390,430,362,396,638,209,399,363,363,395,741,2655,0,2655
20222,A,골목상권,3110262,상봉역 3번,4504,2164,2340,277,1088,1209,526,580,824,139,439,645,278,271,392,138,649,564,248,309,432,2768,0,2768
20222,A,골목상권,3110263,면목역 1번,7168,3506,3662,714,1169,1129,978,1281,1897,350,560,599,536,609,852,364,609,530,442,672,1045,3743,0,3743
20222,A,골목상권,3110264,면목역 2번,9709,4874,4835,968,1566,1599,1412,1777,2387,508,805,836,724,888,1113,460,761,763,688,889,1274,4953,0,4953
20222,A,골목상권,3110265,망우역 1번,1086,540,546,96,183,119,125,197,366,51,95,56,69,99,170,45,88,63,56,98,196,551,0,551
20222,A,골목상권,3110266,면목동우체국,5436,2647,2789,521,875,793,723,1070,1454,251,444,422,380,494,656,270,431,371,343,576,798,2780,0,2780
20222,A,골목상권,3110267,망우역 2번,4501,2191,2310,607,674,709,646,801,1064,329,306,371,326,387,472,278,368,338,320,414,592,2073,0,2073
20222,A,골목상권,3110268,망우3동주민센터,2681,1349,1332,246,360,374,397,491,813,104,176,205,212,266,386,142,184,169,185,225,427,1439,0,1439
20222,A,골목상권,3110269,용마문화복지센터,1559,804,755,135,287,233,190,293,421,62,145,122,106,157,212,73,142,111,84,136,209,841,0,841
20222,A,골목상권,3110270,혜원여고,1191,581,610,152,170,164,173,229,303,61,91,86,88,113,142,91,79,78,85,116,161,550,0,550
20222,A,골목상권,3110271,신내역 1번,266,136,130,30,37,41,38,53,67,15,21,22,23,22,33,15,16,19,15,31,34,125,0,125
20222,A,골목상권,3110272,신내1동주민센터,3761,1854,1907,561,482,489,606,657,966,293,261,238,321,324,417,268,221,251,285,333,549,1656,0,1656
20222,A,골목상권,3110273,장스여성병원,2243,1182,1061,175,297,302,271,429,769,99,158,168,140,228,389,76,139,134,131,201,380,1186,0,1186
20222,A,골목상권,3110274,서일대학교,6678,3374,3304,809,916,827,960,1250,1916,420,480,426,497,639,912,389,436,401,463,611,1004,3294,0,3294
20222,A,골목상권,3110275,하나은행 망우동지점,872,461,411,72,123,105,106,179,287,45,67,52,63,96,138,27,56,53,43,83,149,487,0,487
20222,A,골목상권,3110276,신내IC북측,515,282,233,60,57,79,82,96,141,35,31,47,45,54,70,25,26,32,37,42,71,256,0,256
20222,A,골목상권,3110277,러스크서울병원,3667,1844,1823,385,497,438,523,685,1139,207,250,214,266,352,555,178,247,224,257,333,584,1806,0,1806
20222,A,골목상권,3110278,망우본동주민센터,3996,2092,1904,321,467,422,517,847,1422,161,266,231,273,460,701,160,201,191,244,387,721,2334,0,2334
20222,A,골목상권,3110279,신내역 2번,38,24,14,1,2,5,6,11,13,0,1,4,5,6,8,1,1,1,1,5,5,25,0,25
20222,A,골목상권,3110280,북정마을,698,335,363,49,92,96,86,114,261,24,44,47,48,57,115,25,48,49,38,57,146,378,0,378
20222,A,골목상권,3110281,길상사,1150,534,616,161,143,126,183,207,330,89,61,52,76,101,155,72,82,74,107,106,175,486,0,486
20222,A,골목상권,3110282,국민대학교앞,748,385,363,83,255,78,62,90,180,44,134,45,36,49,77,39,121,33,26,41,103,473,0,473
20222,A,골목상권,3110283,성북초등학교앞,501,209,292,60,74,55,80,93,139,28,25,26,34,42,54,32,49,29,46,51,85,244,0,244
20222,A,골목상권,3110284,정릉북한산국립공원입구,1365,671,694,163,172,155,202,235,438,87,87,81,98,114,204,76,85,74,104,121,234,609,0,609
20222,A,골목상권,3110285,홍대부중,1968,939,1029,260,278,307,364,345,414,137,161,143,158,169,171,123,117,164,206,176,243,897,0,897
20222,A,골목상권,3110286,한성대입구역 5번,2682,1233,1449,266,448,444,425,428,671,128,215,202,208,198,282,138,233,242,217,230,389,1433,0,1433
20222,A,골목상권,3110287,정릉3동주민센터,1762,897,865,173,454,182,219,273,461,96,251,99,113,129,209,77,203,83,106,144,252,1036,0,1036
20222,A,골목상권,3110288,동구여중,1929,899,1030,230,317,375,275,321,411,117,154,181,126,139,182,113,163,194,149,182,229,889,0,889
20222,A,골목상권,3110289,북한산보국문역 2번,5242,2595,2647,623,983,594,729,819,1494,321,527,307,366,419,655,302,456,287,363,400,839,2448,0,2448
20222,A,골목상권,3110290,북한산보국문역 1번,1336,685,651,143,217,133,182,193,468,84,129,68,100,94,210,59,88,65,82,99,258,682,0,682
20222,A,골목상권,3110291,한성대입구역 3번,4460,2126,2334,443,905,662,636,681,1133,218,442,331,314,323,498,225,463,331,322,358,635,2385,0,2385
20222,A,골목상권,3110292,정릉역 2번,512,234,278,30,41,45,74,98,224,12,18,29,32,49,94,18,23,16,42,49,130,333,0,333
20222,A,골목상권,3110293,삼선중학교,2431,1113,1318,282,579,374,334,349,513,152,242,171,161,162,225,130,337,203,173,187,288,1340,0,1340
20222,A,골목상권,3110294,서경대학교,6750,3305,3445,850,1117,890,948,1130,1815,438,572,470,484,553,788,412,545,420,464,577,1027,3065,0,3065
20222,A,골목상권,3110295,정릉우체국,5017,2436,2581,654,698,783,722,729,1431,338,346,410,371,349,622,316,352,373,351,380,809,2294,0,2294
20222,A,골목상권,3110296,성신여대입구역 4번,1904,843,1061,261,414,287,276,259,407,131,157,130,137,128,160,130,257,157,139,131,247,952,0,952
20222,A,골목상권,3110297,경동고등학교,6528,3049,3479,716,1409,1082,897,979,1445,390,638,513,419,482,607,326,771,569,478,497,838,3502,0,3502
20222,A,골목상권,3110298,솔숲어린이공원,667,323,344,75,84,85,102,113,208,35,47,42,50,55,94,40,37,43,52,58,114,323,0,323
20222,A,골목상권,3110299,정릉역 1번,3311,1669,1642,372,448,422,450,514,1105,207,221,232,246,288,475,165,227,190,204,226,630,1690,0,1690
20222,A,골목상권,3110300,삼선동주민센터,4716,2015,2701,317,1584,702,551,552,1010,144,584,322,268,283,414,173,1000,380,283,269,596,3186,0,3186
20222,A,골목상권,3110301,성신여대입구역 7번,3569,1628,1941,284,881,635,480,458,831,125,352,317,247,227,360,159,529,318,233,231,471,2066,0,2066
20222,A,골목상권,3110302,보문역 8번,2058,987,1071,175,410,314,297,313,549,77,194,165,154,164,233,98,216,149,143,149,316,1187,0,1187
20222,A,골목상권,3110303,성신여대입구역 1번,3214,1224,1990,259,994,511,383,362,705,101,256,237,178,165,287,158,738,274,205,197,418,2158,0,2158
20222,A,골목상권,3110304,보문역 4번,1843,899,944,133,641,253,216,233,367,69,305,146,112,117,150,64,336,107,104,116,217,1203,0,1203
20222,A,골목상권,3110305,보문역 5번,4002,2066,1936,367,993,599,534,624,885,184,574,347,270,305,386,183,419,252,264,319,499,2282,0,2282
20222,A,골목상권,3110306,미아초등학교,1191,566,625,185,172,154,174,196,310,89,86,74,85,103,129,96,86,80,89,93,181,526,0,526
20222,A,골목상권,3110307,길음역 7번,238,122,116,38,39,47,45,30,39,17,17,20,26,21,21,21,22,27,19,9,18,121,0,121
20222,A,골목상권,3110308,길음역 8번,1009,486,523,104,121,107,143,168,366,44,59,62,79,85,157,60,62,45,64,83,209,556,0,556
20222,A,골목상권,3110309,대광초등학교,1410,725,685,112,351,201,192,218,336,51,199,112,112,102,149,61,152,89,80,116,187,825,0,825
20222,A,골목상권,3110310,길음역 10번,263,106,157,8,46,60,35,43,71,7,19,25,15,14,26,1,27,35,20,29,45,168,0,168
20222,A,골목상권,3110311,종암아이파크2차후문,1200,623,577,141,198,144,166,248,303,77,108,83,77,138,140,64,90,61,89,110,163,542,0,542
20222,A,골목상권,3110312,안암역 2번,1694,865,829,130,970,180,84,126,204,70,501,104,46,61,83,60,469,76,38,65,121,1306,0,1306
20222,A,골목상권,3110313,안암역 3번,1257,703,554,83,634,159,104,117,160,39,364,108,61,56,75,44,270,51,43,61,85,968,0,968
20222,A,골목상권,3110314,종암경찰서,1089,563,526,110,197,176,144,160,302,53,108,98,85,78,141,57,89,78,59,82,161,615,0,615
20222,A,골목상권,3110315,종암아이파크2차,3029,1467,1562,330,533,377,433,520,836,169,293,192,210,252,351,161,240,185,223,268,485,1486,0,1486
20222,A,골목상권,3110316,숭곡초등학교,4537,2252,2285,466,540,481,658,798,1594,224,281,253,355,402,737,242,259,228,303,396,857,2347,0,2347
20222,A,골목상권,3110317,종암중학교,2339,1288,1051,201,865,363,227,257,426,101,509,209,131,139,199,100,356,154,96,118,227,1588,0,1588
20222,A,골목상권,3110318,KT월곡지사,1844,946,898,219,265,319,278,270,493,132,129,161,159,144,221,87,136,158,119,126,272,884,0,884
20222,A,골목상권,3110319,종암동주민센터,3318,1529,1789,308,411,377,432,553,1237,162,191,196,218,280,482,146,220,181,214,273,755,1909,0,1909
20222,A,골목상권,3110320,KB국민은행 종암동지점,955,495,460,113,169,135,159,153,226,68,87,66,90,72,112,45,82,69,69,81,114,477,0,477
20222,A,골목상권,3110321,동덕여대,262,115,147,31,67,43,30,44,47,15,24,21,14,17,24,16,43,22,16,27,23,133,0,133
20222,A,골목상권,3110322,장위1동주민센터,3037,1398,1639,414,510,397,468,579,669,174,244,193,220,260,307,240,266,204,248,319,362,1288,0,1288
20222,A,골목상권,3110323,상월곡역 1번,2214,965,1249,195,753,264,237,277,488,102,226,138,131,147,221,93,527,126,106,130,267,1417,0,1417
20222,A,골목상권,3110324,월곡역 4번,641,331,310,25,156,78,85,97,200,15,70,47,51,59,89,10,86,31,34,38,111,481,0,481
20222,A,골목상권,3110325,장곡초등학교,3528,1736,1792,496,473,419,488,613,1039,268,253,237,228,302,448,228,220,182,260,311,591,1632,0,1632
20222,A,골목상권,3110326,장위동성당,1353,653,700,205,181,172,213,244,338,103,99,90,96,118,147,102,82,82,117,126,191,597,0,597
20222,A,골목상권,3110327,상월곡역 2번,3520,1766,1754,384,529,411,482,635,1079,199,290,224,252,308,493,185,239,187,230,327,586,1591,0,1591
20222,A,골목상권,3110328,상월곡역 3번,2257,1135,1122,173,411,363,286,372,652,93,195,207,155,180,305,80,216,156,131,192,347,1208,0,1208
20222,A,골목상권,3110329,우리은행체육관,2466,1223,1243,244,347,250,324,455,846,119,161,155,168,238,382,125,186,95,156,217,464,1219,0,1219
20222,A,골목상권,3110330,돌곶이역 1번,2041,1012,1029,245,293,330,256,332,585,124,146,170,141,172,259,121,147,160,115,160,326,928,0,928
20222,A,골목상권,3110331,돌곶이역 8번,3281,1600,1681,319,597,429,488,549,899,182,278,220,254,269,397,137,319,209,234,280,502,1801,0,1801
20222,A,골목상권,3110332,돌곶이역 3번,875,481,394,78,135,131,138,164,229,37,61,77,82,99,125,41,74,54,56,65,104,481,0,481
20222,A,골목상권,3110333,돌곶이역 5번,1338,661,677,156,225,173,190,232,362,78,100,97,98,111,177,78,125,76,92,121,185,680,0,680
20222,A,골목상권,3110334,석관중앙교회,2693,1370,1323,256,329,276,365,525,942,139,165,142,209,286,429,117,164,134,156,239,513,1359,0,1359
20222,A,골목상권,3110335,석계역 7번,4363,2191,2172,380,760,585,628,805,1205,195,387,320,313,400,576,185,373,265,315,405,629,2385,0,2385
20222,A,골목상권,3110336,석관고등학교,2302,1156,1146,237,339,272,312,458,684,120,172,155,165,229,315,117,167,117,147,229,369,1121,0,1121
20222,A,골목상권,3110337,아카데미하우스,2792,1365,1427,412,330,355,444,455,796,209,170,196,218,217,355,203,160,159,226,238,441,1196,0,1196
20222,A,골목상권,3110338,인수초등학교,2122,1050,1072,164,225,210,313,418,792,92,114,103,163,207,371,72,111,107,150,211,421,1213,0,1213
20222,A,골목상권,3110339,국립4.19민주묘지,41,20,21,2,1,5,10,8,15,0,0,1,6,5,8,2,1,4,4,3,7,20,0,20
20222,A,골목상권,3110340,인수중학교,1455,712,743,169,176,143,218,276,473,75,99,71,116,135,216,94,77,72,102,141,257,687,0,687
20222,A,골목상권,3110341,북한산우이역 2번,2221,1062,1159,246,279,265,283,416,732,123,133,144,136,194,332,123,146,121,147,222,400,988,0,988
20222,A,골목상권,3110342,국립재활원,2704,1292,1412,364,408,339,378,476,739,187,204,169,189,217,326,177,204,170,189,259,413,1187,0,1187
20222,A,골목상권,3110343,무너미어린이공원,4656,2278,2378,673,632,594,722,793,1242,341,327,305,366,383,556,332,305,289,356,410,686,1981,0,1981
20222,A,골목상권,3110344,화계중학교,1076,555,521,116,122,127,168,183,360,68,68,70,89,76,184,48,54,57,79,107,176,509,0,509
20222,A,골목상권,3110345,솔밭공원역 2번,2938,1428,1510,379,394,398,415,485,867,211,164,218,222,236,377,168,230,180,193,249,490,1405,0,1405
20222,A,골목상권,3110346,4.19민주묘지역 2번,1212,572,640,141,179,149,175,161,407,74,67,76,94,81,180,67,112,73,81,80,227,618,0,618
20222,A,골목상권,3110347,구세군강북종합사회복지관,1416,708,708,157,232,187,181,301,358,95,110,90,97,142,174,62,122,97,84,159,184,644,0,644
20222,A,골목상권,3110348,강북문화예술회관,3968,1902,2066,438,468,522,542,671,1327,227,224,288,274,319,570,211,244,234,268,352,757,1800,0,1800
20222,A,골목상권,3110349,화계역 2번,1123,536,587,145,149,155,168,198,308,82,61,84,83,94,132,63,88,71,85,104,176,511,0,511
20222,A,골목상권,3110350,가오리역 2번,2831,1390,1441,358,360,336,445,507,825,199,189,176,214,244,368,159,171,160,231,263,457,1299,0,1299
20222,A,골목상권,3110351,수유북부시장옆,2982,1427,1555,342,440,332,423,543,902,168,220,168,220,262,389,174,220,164,203,281,513,1406,0,1406
20222,A,골목상권,3110352,수유1동주민센터,4997,2467,2530,627,673,649,700,855,1493,321,355,349,360,406,676,306,318,300,340,449,817,2418,0,2418
20222,A,골목상권,3110353,수유동우체국,2210,1061,1149,200,326,293,316,373,702,111,157,158,171,177,287,89,169,135,145,196,415,1100,0,1100
20222,A,골목상권,3110354,삼각산119안전센터,421,213,208,89,43,47,95,66,81,52,24,23,41,40,33,37,19,24,54,26,48,159,0,159
20222,A,골목상권,3110355,삼양사거리역 2번,3076,1545,1531,264,361,317,388,580,1166,126,190,181,215,309,524,138,171,136,173,271,642,1654,0,1654
20222,A,골목상권,3110356,덕수교,3240,1528,1712,291,569,412,429,580,959,151,218,234,222,273,430,140,351,178,207,307,529,1631,0,1631
20222,A,골목상권,3110357,가오리역 1번,1698,837,861,171,244,176,218,349,540,85,138,90,111,176,237,86,106,86,107,173,303,809,0,809
20222,A,골목상권,3110358,인수동 우편취급국,3572,1755,1817,318,568,512,513,621,1040,157,286,267,271,324,450,161,282,245,242,297,590,1850,0,1850
20222,A,골목상권,3110359,수유시장옆,6446,3140,3306,597,1132,913,926,1070,1808,294,549,493,475,524,805,303,583,420,451,546,1003,3291,0,3291
20222,A,골목상권,3110360,수유초등학교,4037,1991,2046,433,644,583,576,673,1128,218,304,317,317,336,499,215,340,266,259,337,629,2172,0,2172
20222,A,골목상권,3110361,삼양사거리역 1번,2532,1277,1255,226,338,280,335,503,850,118,174,149,184,260,392,108,164,131,151,243,458,1292,0,1292
20222,A,골목상권,3110362,우이천 계성교,5408,2599,2809,610,786,695,790,973,1554,310,397,380,399,445,668,300,389,315,391,528,886,2541,0,2541
20222,A,골목상권,3110363,송천동주민센터,1003,485,518,37,75,74,140,170,507,17,38,34,79,85,232,20,37,40,61,85,275,669,0,669
20222,A,골목상권,3110364,미아역 8번,4359,2127,2232,398,672,564,608,768,1349,218,312,305,316,383,593,180,360,259,292,385,756,2314,0,2314
20222,A,골목상권,3110365,미아역 5번,4806,2307,2499,471,692,679,729,855,1380,245,334,338,374,401,615,226,358,341,355,454,765,2432,0,2432
20222,A,골목상권,3110366,광산사거리,2047,1045,1002,189,322,268,311,355,602,117,170,157,168,187,246,72,152,111,143,168,356,1091,0,1091
20222,A,골목상권,3110367,강북구청,1786,847,939,141,325,272,229,279,540,68,152,136,132,130,229,73,173,136,97,149,311,1041,0,1041
20222,A,골목상권,3110368,송천초등학교,3655,1831,1824,315,520,362,483,740,1235,162,288,209,255,370,547,153,232,153,228,370,688,1910,0,1910
20222,A,골목상권,3110369,성신여대운정그린캠퍼스,4517,2121,2396,353,912,595,594,734,1329,167,344,337,316,358,599,186,568,258,278,376,730,2544,0,2544
20222,A,골목상권,3110370,도봉세무서,2982,1483,1499,260,415,366,424,587,930,130,218,196,225,288,426,130,197,170,199,299,504,1495,0,1495
20222,A,골목상권,3110371,삼양입구사거리,1633,845,788,128,261,192,236,303,513,73,134,109,129,171,229,55,127,83,107,132,284,930,0,930
20222,A,골목상권,3110372,강북중학교,2880,1383,1497,195,641,423,362,529,730,94,328,222,171,262,306,101,313,201,191,267,424,1632,0,1632
20222,A,골목상권,3110373,수유역 2번,3416,1677,1739,233,645,526,521,564,927,122,276,290,289,284,416,111,369,236,232,280,511,2096,0,2096
20222,A,골목상권,3110374,송중초등학교,5698,2738,2960,539,713,687,887,1088,1784,278,374,366,446,495,779,261,339,321,441,593,1005,2617,0,2617
20222,A,골목상권,3110375,서울북부고용노동지청,2370,1186,1184,262,344,258,362,405,739,138,176,138,194,211,329,124,168,120,168,194,410,1138,0,1138
20222,A,골목상권,3110376,수송초등학교,7975,4020,3955,788,1379,1134,1216,1299,2159,431,708,594,630,685,972,357,671,540,586,614,1187,4334,0,4334
20222,A,골목상권,3110377,미아사거리역 3번,838,424,414,55,103,96,127,169,288,28,53,54,71,95,123,27,50,42,56,74,165,510,0,510
20222,A,골목상권,3110378,송중동주민센터,1802,884,918,159,325,212,237,332,537,85,150,111,127,169,242,74,175,101,110,163,295,982,0,982
20222,A,골목상권,3110379,KT&G 북부지사,961,506,455,97,127,117,136,176,308,54,67,68,77,91,149,43,60,49,59,85,159,497,0,497
20222,A,골목상권,3110380,강북문화정보도서관,2237,1067,1170,281,324,277,347,354,654,143,168,157,175,156,268,138,156,120,172,198,386,1043,0,1043
20222,A,골목상권,3110381,번동주공2단지,954,457,497,103,125,54,125,160,387,54,65,33,64,90,151,49,60,21,61,70,236,438,0,438
20222,A,골목상권,3110382,솔밭공원역 1번,811,385,426,109,112,123,116,127,224,50,49,68,60,59,99,59,63,55,56,68,125,376,0,376
20222,A,골목상권,3110383,덕성여대시반거리,650,269,381,71,166,82,89,71,171,42,38,41,37,32,79,29,128,41,52,39,92,358,0,358
20222,A,골목상권,3110384,문이교,1382,680,702,157,187,169,185,281,403,92,93,92,88,126,189,65,94,77,97,155,214,568,0,568
20222,A,골목상권,3110385,효문고등학교,1624,787,837,160,251,150,223,294,546,71,107,87,122,159,241,89,144,63,101,135,305,786,0,786
20222,A,골목상권,3110386,연산군묘,356,163,193,61,47,28,67,53,100,31,19,14,30,32,37,30,28,14,37,21,63,149,0,149
20222,A,골목상권,3110387,쌍문초등학교,5232,2511,2721,711,755,632,819,883,1432,355,387,318,413,405,633,356,368,314,406,478,799,2276,0,2276
20222,A,골목상권,3110388,도봉우체국,2642,1254,1388,315,361,353,401,445,767,163,174,185,211,189,332,152,187,168,190,256,435,1192,0,1192
20222,A,골목상권,3110389,한일병원,1166,599,567,111,166,193,153,205,338,55,83,109,83,106,163,56,83,84,70,99,175,561,0,561
20222,A,골목상권,3110390,방학초등학교,1725,823,902,239,244,215,237,342,448,125,122,101,109,155,211,114,122,114,128,187,237,746,0,746
20222,A,골목상권,3110391,샘말어린이공원,4840,2414,2426,684,675,546,703,865,1367,345,378,295,359,408,629,339,297,251,344,457,738,2152,0,2152
20222,A,골목상권,3110392,발바닥공원,139,63,76,18,25,11,15,37,33,8,12,4,7,20,12,10,13,7,8,17,21,53,0,53
20222,A,골목상권,3110393,국민은행방학지점,211,108,103,23,27,22,21,41,77,17,16,13,9,21,32,6,11,9,12,20,45,89,0,89
20222,A,골목상권,3110394,방학중학교,7163,3632,3531,836,928,803,1093,1333,2170,457,502,446,559,670,998,379,426,357,534,663,1172,3411,0,3411
20222,A,골목상권,3110395,신한은행 방학동지점,1363,676,687,119,186,168,190,261,439,59,101,96,104,121,195,60,85,72,86,140,244,687,0,687
20222,A,골목상권,3110396,쌍문역1번(쌍리단길),2037,989,1048,150,345,282,320,374,566,73,179,144,162,184,247,77,166,138,158,190,319,1149,0,1149
20222,A,골목상권,3110397,도봉산입구,7518,3786,3732,773,934,808,987,1324,2692,399,513,456,542,627,1249,374,421,352,445,697,1443,3609,0,3609
20222,A,골목상권,3110398,쌍문2동우체국,2979,1438,1541,360,432,437,431,512,807,187,209,228,210,232,372,173,223,209,221,280,435,1349,0,1349
20222,A,골목상권,3110399,창2동주민센터,8082,3876,4206,1196,1184,1023,1332,1463,1884,600,592,508,665,683,828,596,592,515,667,780,1056,3469,0,3469
20222,A,골목상권,3110400,도봉구보건소,4057,2016,2041,487,510,538,592,694,1236,260,263,286,319,324,564,227,247,252,273,370,672,1925,0,1925
20222,A,골목상권,3110401,도봉구민회관,686,346,340,66,118,103,94,114,191,35,64,64,50,54,79,31,54,39,44,60,112,338,0,338
20222,A,골목상권,3110402,도봉구 정병원,3210,1602,1608,370,438,411,414,627,950,200,232,217,224,312,417,170,206,194,190,315,533,1499,0,1499
20222,A,골목상권,3110403,방학1동주민센터,6007,3009,2998,603,796,652,806,1165,1985,304,413,352,418,602,920,299,383,300,388,563,1065,3104,0,3104
20222,A,골목상권,3110404,신창초등학교,10207,5135,5072,1266,1397,1185,1529,1900,2930,660,731,644,799,940,1361,606,666,541,730,960,1569,4828,0,4828
20222,A,골목상권,3110405,방학역 1번,6796,3454,3342,644,874,685,989,1297,2307,322,462,360,527,691,1092,322,412,325,462,606,1215,3425,0,3425
20222,A,골목상권,3110406,도봉산역 1번,1568,805,763,137,184,188,234,300,525,70,102,105,130,163,235,67,82,83,104,137,290,780,0,780
20222,A,골목상권,3110407,도봉역 2번,6463,3328,3135,574,798,720,880,1217,2274,301,424,403,472,623,1105,273,374,317,408,594,1169,3354,0,3354
20222,A,골목상권,3110408,가인초등학교,1204,553,651,112,276,287,157,183,189,55,125,140,68,84,81,57,151,147,89,99,108,649,0,649
20222,A,골목상권,3110409,창동역 2번,2744,1326,1418,308,443,371,381,532,709,158,227,195,182,243,321,150,216,176,199,289,388,1286,0,1286
20222,A,골목상권,3110410,방학역 2번,2564,1331,1233,185,429,412,405,440,693,105,179,205,223,272,347,80,250,207,182,168,346,1650,0,1650
20222,A,골목상권,3110411,도봉역 3번,1523,776,747,146,187,194,166,304,526,75,101,112,90,155,243,71,86,82,76,149,283,768,0,768
20222,A,골목상권,3110412,창동중학교,379,188,191,58,61,65,43,73,79,25,36,31,22,33,41,33,25,34,21,40,38,154,0,154
20222,A,골목상권,3110413,누원고등학교,1963,922,1041,216,353,403,287,264,440,115,143,193,148,127,196,101,210,210,139,137,244,1047,0,1047
20222,A,골목상권,3110414,장석교회,1035,532,503,172,137,78,170,187,291,88,73,47,94,92,138,84,64,31,76,95,153,465,0,465
20222,A,골목상권,3110415,수락산역 4번,5054,2558,2496,657,752,675,785,874,1311,342,400,368,391,437,620,315,352,307,394,437,691,2328,0,2328
20222,A,골목상권,3110416,노원초등학교,2453,1168,1285,392,362,286,369,453,591,181,185,146,170,210,276,211,177,140,199,243,315,920,0,920
20222,A,골목상권,3110417,월계역 3번,1007,530,477,102,190,114,125,159,317,54,103,62,78,88,145,48,87,52,47,71,172,590,0,590
20222,A,골목상권,3110418,광운대학교 남단,1447,802,645,138,354,140,188,211,416,79,228,88,100,117,190,59,126,52,88,94,226,824,0,824
20222,A,골목상권,3110419,수락산디자인거리,3030,1500,1530,330,464,354,417,589,876,174,240,187,203,288,408,156,224,167,214,301,468,1365,0,1365
20222,A,골목상권,3110420,광운대역 1번,1414,800,614,135,435,131,170,209,334,70,279,70,93,126,162,65,156,61,77,83,172,856,0,856
20222,A,골목상권,3110421,석계역 1번,1266,673,593,108,150,151,172,231,454,59,86,93,97,130,208,49,64,58,75,101,246,735,0,735
20222,A,골목상권,3110422,노원역 9번,920,439,481,148,139,98,169,176,190,70,64,43,87,83,92,78,75,55,82,93,98,354,0,354
20222,A,골목상권,3110423,석계역 2번,445,236,209,57,60,53,68,89,118,27,34,29,40,46,60,30,26,24,28,43,58,229,0,229
20222,A,골목상권,3110424,상계초등학교,2879,1452,1427,349,463,339,416,528,784,179,244,181,208,265,375,170,219,158,208,263,409,1378,0,1378
20222,A,골목상권,3110425,계상초등학교,3522,1765,1757,439,477,362,550,616,1078,220,268,220,278,309,470,219,209,142,272,307,608,1627,0,1627
20222,A,골목상권,3110426,상계2동주민센터,4097,2058,2039,370,660,510,571,761,1225,190,337,294,302,392,543,180,323,216,269,369,682,2202,0,2202
20222,A,골목상권,3110427,노원 을지대학교병원,599,297,302,100,106,66,81,106,140,48,62,32,39,54,62,52,44,34,42,52,78,216,0,216
20222,A,골목상권,3110428,상계5동주민센터,8437,4198,4239,841,1155,820,1237,1540,2844,409,633,447,627,794,1288,432,522,373,610,746,1556,4351,0,4351
20222,A,골목상권,3110429,공릉동 국수거리,4744,2311,2433,457,972,762,612,763,1178,221,430,384,352,364,560,236,542,378,260,399,618,2470,0,2470
20222,A,골목상권,3110430,중계초등학교,48,23,25,6,3,4,12,6,17,1,3,4,4,4,7,5,0,0,8,2,10,25,0,25
20222,A,골목상권,3110431,상계역,922,502,420,111,141,108,153,179,230,49,77,63,82,106,125,62,64,45,71,73,105,466,0,466
20222,A,골목상권,3110432,대진고등학교,1906,973,933,277,478,212,249,313,377,149,263,118,116,147,180,128,215,94,133,166,197,906,0,906
20222,A,골목상권,3110433,공릉역 2번,4310,2229,2081,336,1396,557,485,577,959,167,789,316,253,276,428,169,607,241,232,301,531,2643,0,2643
20222,A,골목상권,3110434,태릉입구역 4번,1598,791,807,153,320,257,190,251,427,75,133,151,103,127,202,78,187,106,87,124,225,862,0,862
20222,A,골목상권,3110435,서울과학기술대,291,149,142,35,68,30,53,42,63,20,29,14,30,25,31,15,39,16,23,17,32,146,0,146
20222,A,골목상권,3110436,상계제일중학교,1595,792,803,274,238,136,274,309,364,153,133,71,110,165,160,121,105,65,164,144,204,633,0,633
20222,A,골목상권,3110437,당고개역 2번,1655,838,817,176,181,167,238,286,607,96,91,92,124,152,283,80,90,75,114,134,324,823,0,823
20222,A,골목상권,3110438,경춘선숲길 우측,3531,1909,1622,320,1430,429,363,392,597,166,833,233,185,202,290,154,597,196,178,190,307,2292,0,2292
20222,A,골목상권,3110439,당고개역 5번,3932,1944,1988,471,484,441,590,710,1236,255,271,235,307,359,517,216,213,206,283,351,719,1835,0,1835
20222,A,골목상권,3110440,상계3동4동주민센터,1554,804,750,170,194,155,243,270,522,85,107,91,135,145,241,85,87,64,108,125,281,750,0,750
20222,A,골목상권,3110441,영신여고,2203,1063,1140,456,305,206,391,380,465,237,152,105,166,198,205,219,153,101,225,182,260,856,0,856
20222,A,골목상권,3110442,화랑대철도공원,384,98,286,70,155,33,35,38,53,21,14,12,16,17,18,49,141,21,19,21,35,234,0,234
20222,A,골목상권,3110443,수색역 1번,17,12,5,0,2,1,1,1,12,0,2,1,1,1,7,0,0,0,0,0,5,12,0,12
20222,A,골목상권,3110444,수색성당,540,254,286,67,77,87,70,89,150,31,40,40,37,44,62,36,37,47,33,45,88,219,0,219
20222,A,골목상권,3110445,덕산중학교,1685,811,874,253,248,241,245,274,424,134,127,128,122,122,178,119,121,113,123,152,246,716,0,716
20222,A,골목상권,3110446,내를건너서숲으로도서관,1879,914,965,188,204,211,269,319,688,96,98,108,138,164,310,92,106,103,131,155,378,936,0,936
20222,A,골목상권,3110447,구산초등학교,1640,764,876,233,198,215,267,260,467,113,94,110,131,119,197,120,104,105,136,141,270,758,0,758
20222,A,골목상권,3110448,상신초등학교입구,2604,1307,1297,361,386,381,387,450,639,195,201,211,197,220,283,166,185,170,190,230,356,1145,0,1145
20222,A,골목상권,3110449,증산역 3번,5119,2441,2678,640,712,641,746,844,1536,323,341,324,360,418,675,317,371,317,386,426,861,2367,0,2367
20222,A,골목상권,3110450,시립서북병원,7856,3710,4146,1148,1117,1100,1307,1283,1901,565,521,534,651,585,854,583,596,566,656,698,1047,3281,0,3281
20222,A,골목상권,3110451,증산역 4번,5413,2652,2761,616,743,728,784,926,1616,288,376,383,388,457,760,328,367,345,396,469,856,2491,0,2491
20222,A,골목상권,3110452,새절역 3번,2769,1372,1397,312,443,368,391,430,825,173,212,189,207,218,373,139,231,179,184,212,452,1375,0,1375
20222,A,골목상권,3110453,신사1동주민센터,8079,3921,4158,929,1181,1221,1241,1272,2235,478,603,628,636,590,986,451,578,593,605,682,1249,3890,0,3890
20222,A,골목상권,3110454,선정중학교,5928,2787,3141,879,835,813,1022,942,1437,440,375,416,491,456,609,439,460,397,531,486,828,2535,0,2535
20222,A,골목상권,3110455,역촌노인복지관,8159,3837,4322,1072,1099,1130,1351,1419,2088,526,528,535,673,687,888,546,571,595,678,732,1200,3763,0,3763
20222,A,골목상권,3110456,구산보건지소,8265,3920,4345,1214,1227,1124,1351,1356,1993,596,624,567,638,638,857,618,603,557,713,718,1136,3437,0,3437
20222,A,골목상권,3110457,예일여고,4310,1999,2311,536,678,584,666,751,1095,248,319,296,316,350,470,288,359,288,350,401,625,1882,0,1882
20222,A,골목상권,3110458,선일여고,5314,2507,2807,719,902,680,811,955,1247,382,444,341,383,421,536,337,458,339,428,534,711,2329,0,2329
20222,A,골목상권,3110459,응암역 2번,4917,2297,2620,705,696,633,838,804,1241,357,338,300,415,351,536,348,358,333,423,453,705,2094,0,2094
20222,A,골목상권,3110460,구산역 4번,5404,2541,2863,716,799,686,904,895,1404,345,396,344,441,403,612,371,403,342,463,492,792,2394,0,2394
20222,A,골목상권,3110461,새절역 2번,1694,796,898,162,232,276,245,258,521,88,95,150,122,121,220,74,137,126,123,137,301,880,0,880
20222,A,골목상권,3110462,갈현건영아파트,5875,2887,2988,611,885,700,810,1061,1808,322,477,376,429,487,796,289,408,324,381,574,1012,2879,0,2879
20222,A,골목상권,3110463,응암3동주민센터,2140,1021,1119,178,262,291,327,376,706,97,136,143,168,200,277,81,126,148,159,176,429,1236,0,1236
20222,A,골목상권,3110464,연신내역 5번,4286,2019,2267,481,711,653,688,705,1048,256,342,333,329,318,441,225,369,320,359,387,607,2154,0,2154
20222,A,골목상권,3110465,연신내역 7번,2656,1245,1411,296,480,442,402,368,668,143,215,236,204,158,289,153,265,206,198,210,379,1335,0,1335
20222,A,골목상권,3110466,구산역 2번,4069,1900,2169,475,592,591,634,706,1071,236,275,300,297,330,462,239,317,291,337,376,609,1938,0,1938
20222,A,골목상권,3110467,은평요양병원,1312,624,688,112,308,236,160,160,336,65,114,122,87,77,159,47,194,114,73,83,177,776,0,776
20222,A,골목상권,3110468,응암역 3번,11333,5296,6037,1474,1594,1704,1809,1835,2917,739,775,796,906,845,1235,735,819,908,903,990,1682,5100,0,5100
20222,A,골목상권,3110469,응암정보도서관,7107,3546,3561,688,1014,816,942,1310,2337,374,519,462,493,675,1023,314,495,354,449,635,1314,3710,0,3710
20222,A,골목상권,3110470,신진과학기술고등학교,2133,984,1149,373,281,362,370,270,477,183,136,158,174,123,210,190,145,204,196,147,267,971,0,971
20222,A,골목상권,3110471,응암동우체국,4781,2356,2425,527,618,649,683,829,1475,275,330,328,364,429,630,252,288,321,319,400,845,2292,0,2292
20222,A,골목상권,3110472,연신내역 4번,5375,2529,2846,529,933,823,768,903,1419,235,444,420,369,437,624,294,489,403,399,466,795,2742,0,2742
20222,A,골목상권,3110473,구산역 1번,9318,4365,4953,1239,1299,1213,1566,1483,2518,614,617,584,780,710,1060,625,682,629,786,773,1458,4409,0,4409
20222,A,골목상권,3110474,세명컴퓨터고등학교,4640,2273,2367,470,798,665,639,814,1254,236,402,359,336,352,588,234,396,306,303,462,666,2247,0,2247
20222,A,골목상권,3110475,백련산해모로아파트,3153,1511,1642,482,409,395,538,517,812,251,199,195,269,262,335,231,210,200,269,255,477,1420,0,1420
20222,A,골목상권,3110476,역촌역 2번,1195,560,635,128,172,177,185,205,328,74,67,88,88,109,134,54,105,89,97,96,194,591,0,591
20222,A,골목상권,3110477,은평세무서,3078,1452,1626,411,404,422,497,498,846,198,202,221,232,240,359,213,202,201,265,258,487,1409,0,1409
20222,A,골목상권,3110478,응암1동주민센터,3271,1579,1692,408,412,407,538,583,923,212,218,216,258,285,390,196,194,191,280,298,533,1584,0,1584
20222,A,골목상권,3110479,연신내역 2번,3620,1760,1860,292,525,438,466,600,1299,156,275,223,241,281,584,136,250,215,225,319,715,1915,0,1915
20222,A,골목상권,3110480,연신내역 3번,3096,1481,1615,259,502,482,410,531,912,143,264,246,199,233,396,116,238,236,211,298,516,1554,0,1554
20222,A,골목상권,3110481,불광역 7번,3183,1475,1708,261,643,502,455,486,836,138,275,246,227,224,365,123,368,256,228,262,471,1750,0,1750
20222,A,골목상권,3110482,연신초등학교,1532,733,799,142,193,177,225,299,496,69,101,90,115,139,219,73,92,87,110,160,277,780,0,780
20222,A,골목상권,3110483,연천초등학교,3179,1487,1692,328,505,450,449,552,895,170,231,222,227,258,379,158,274,228,222,294,516,1585,0,1585
20222,A,골목상권,3110484,역촌역 3번,7996,3876,4120,854,1034,1173,1248,1338,2349,424,500,623,665,657,1007,430,534,550,583,681,1342,4081,0,4081
20222,A,골목상권,3110485,연신내우체국,2687,1268,1419,334,361,377,385,453,777,167,182,194,187,206,332,167,179,183,198,247,445,1231,0,1231
20222,A,골목상권,3110486,은평구청,1952,935,1017,257,278,298,361,299,459,128,131,152,184,147,193,129,147,146,177,152,266,931,0,931
20222,A,골목상권,3110487,불광역 8번,316,161,155,25,35,42,40,48,126,18,21,18,21,25,58,7,14,24,19,23,68,200,0,200
20222,A,골목상권,3110488,우리은행응암동지점,3135,1499,1636,415,423,461,480,523,833,210,212,234,243,245,355,205,211,227,237,278,478,1384,0,1384
20222,A,골목상권,3110489,불광역 3번,1305,602,703,108,222,195,156,210,414,53,110,93,79,94,173,55,112,102,77,116,241,709,0,709
20222,A,골목상권,3110490,녹번동근린공원,5043,2428,2615,526,753,699,788,811,1466,290,378,352,411,370,627,236,375,347,377,441,839,2447,0,2447
20222,A,골목상권,3110491,불광중학교,1353,688,665,145,192,144,187,247,438,89,107,79,103,115,195,56,85,65,84,132,243,651,0,651
20222,A,골목상권,3110492,하나고등학교,528,277,251,80,93,49,85,117,104,48,59,24,39,63,44,32,34,25,46,54,60,227,0,227
20222,A,골목상권,3110493,북가좌초등학교,1328,638,690,148,195,190,177,227,391,70,96,93,95,104,180,78,99,97,82,123,211,613,0,613
20222,A,골목상권,3110494,증산3교남측,814,401,413,99,117,119,109,152,218,52,58,63,52,72,104,47,59,56,57,80,114,363,0,363
20222,A,골목상권,3110495,북가좌2동주민센터,6253,3030,3223,708,895,824,1016,993,1817,377,454,415,513,475,796,331,441,409,503,518,1021,3036,0,3036
20222,A,골목상권,3110496,모래내우체국,2057,983,1074,235,300,243,293,334,652,104,151,131,140,172,285,131,149,112,153,162,367,967,0,967
20222,A,골목상권,3110497,가좌역 3번,179,99,80,4,8,16,18,34,99,2,5,10,15,14,53,2,3,6,3,20,46,135,0,135
20222,A,골목상권,3110498,증산역 1번,3463,1700,1763,330,511,511,479,578,1054,169,276,269,242,265,479,161,235,242,237,313,575,1638,0,1638
20222,A,골목상권,3110499,연가초등학교,6065,2991,3074,857,1075,761,947,998,1427,455,556,414,468,464,634,402,519,347,479,534,793,2724,0,2724
20222,A,골목상권,3110500,남가좌동현대아파트,706,348,358,167,74,131,137,87,110,86,38,65,74,38,47,81,36,66,63,49,63,247,0,247
20222,A,골목상권,3110501,연희어린이공원,1321,634,687,115,227,241,177,191,370,60,110,110,91,89,174,55,117,131,86,102,196,664,0,664
20222,A,골목상권,3110502,남가좌파출소,3811,1841,1970,457,546,499,603,578,1128,238,258,236,319,300,490,219,288,263,284,278,638,1922,0,1922
20222,A,골목상권,3110503,명지대학교교회,5025,2521,2504,537,1317,607,669,775,1120,276,670,346,322,402,505,261,647,261,347,373,615,2865,0,2865
20222,A,골목상권,3110504,명지전문대,223,112,111,32,32,17,51,39,52,17,16,9,25,22,23,15,16,8,26,17,29,99,0,99
20222,A,골목상권,3110505,홍남교남측,150,78,72,17,23,18,21,24,47,11,13,11,11,11,21,6,10,7,10,13,26,77,0,77
20222,A,골목상권,3110506,연희임광아파트,536,253,283,37,142,142,71,50,94,14,60,76,33,21,49,23,82,66,38,29,45,354,0,354
20222,A,골목상권,3110507,명지대학교,6472,3098,3374,670,1284,834,881,1006,1797,333,594,457,439,489,786,337,690,377,442,517,1011,3598,0,3598
20222,A,골목상권,3110508,서연중학교,2124,966,1158,283,292,319,358,291,581,134,144,148,155,129,256,149,148,171,203,162,325,949,0,949
20222,A,골목상권,3110509,연희대우아파트앞,3661,1854,1807,495,1020,772,456,371,547,301,494,405,246,169,239,194,526,367,210,202,308,2210,0,2210
20222,A,골목상권,3110510,홍연시장,1123,552,571,110,160,119,163,193,378,60,82,60,89,95,166,50,78,59,74,98,212,511,0,511
20222,A,골목상권,3110511,연희초등학교,5867,3147,2720,432,2347,1029,647,549,863,230,1368,571,325,268,385,202,979,458,322,281,478,3984,0,3984
20222,A,골목상권,3110512,연희지하차도,3398,1604,1794,382,563,480,524,534,915,194,272,229,265,267,377,188,291,251,259,267,538,1743,0,1743
20222,A,골목상권,3110513,연희파출소,991,455,536,166,172,149,178,127,199,81,73,72,85,50,94,85,99,77,93,77,105,489,0,489
20222,A,골목상권,3110514,서대문우체국,2037,1072,965,74,951,349,162,176,325,42,512,200,80,97,141,32,439,149,82,79,184,1583,0,1583
20222,A,골목상권,3110515,홍은중학교,2539,1226,1313,295,345,294,398,428,779,162,186,145,199,195,339,133,159,149,199,233,440,1163,0,1163
20222,A,골목상권,3110516,정원여중,1128,533,595,144,154,157,175,213,285,59,79,84,89,93,129,85,75,73,86,120,156,468,0,468
20222,A,골목상권,3110517,서대문소방서,866,397,469,125,197,104,120,139,181,60,91,48,55,65,78,65,106,56,65,74,103,430,0,430
20222,A,골목상권,3110518,서대문구청,519,233,286,58,80,66,68,95,152,30,34,38,28,43,60,28,46,28,40,52,92,242,0,242
20222,A,골목상권,3110519,서대문구보건소별관,3975,1814,2161,594,508,438,634,673,1128,260,254,211,306,329,454,334,254,227,328,344,674,1696,0,1696
20222,A,골목상권,3110520,경의중앙 신촌역,1522,719,803,83,594,230,131,167,317,38,253,147,64,84,133,45,341,83,67,83,184,1101,0,1101
20222,A,골목상권,3110521,홍제역 4번,886,416,470,86,121,123,121,158,277,43,56,64,59,73,121,43,65,59,62,85,156,490,0,490
20222,A,골목상권,3110522,홍제역 3번,1328,601,727,115,197,164,199,209,444,51,97,78,102,89,184,64,100,86,97,120,260,654,0,654
20222,A,골목상권,3110523,홍제성원아파트,522,249,273,55,82,65,80,86,154,28,37,34,44,39,67,27,45,31,36,47,87,227,0,227
20222,A,골목상권,3110524,연희세브란스병원,233,100,133,19,94,41,25,15,39,7,34,17,13,8,21,12,60,24,12,7,18,174,0,174
20222,A,골목상권,3110525,홍은종합사회복지관,578,279,299,100,54,83,96,79,166,49,26,42,46,43,73,51,28,41,50,36,93,251,0,251
20222,A,골목상권,3110526,봉원사,1199,499,700,117,395,176,123,150,238,55,122,80,57,81,104,62,273,96,66,69,134,773,0,773
20222,A,골목상권,3110527,홍제역 2번,1923,914,1009,175,285,275,250,350,588,88,147,139,123,173,244,87,138,136,127,177,344,993,0,993
20222,A,골목상권,3110528,서울여자간호대학교,1547,759,788,224,218,245,210,219,431,118,113,133,112,109,174,106,105,112,98,110,257,711,0,711
20222,A,골목상권,3110529,홍제3동주민센터,3374,1605,1769,300,427,339,471,584,1253,148,213,179,246,292,527,152,214,160,225,292,726,1765,0,1765
20222,A,골목상권,3110530,아현역 1번,247,128,119,15,32,31,29,47,93,9,13,17,15,27,47,6,19,14,14,20,46,169,0,169
20222,A,골목상권,3110531,홍지문,410,197,213,31,95,48,53,66,117,16,38,30,28,33,52,15,57,18,25,33,65,228,0,228
20222,A,골목상권,3110532,아현역 2번,2046,986,1060,174,309,223,319,386,635,79,155,117,170,206,259,95,154,106,149,180,376,1212,0,1212
20222,A,골목상권,3110533,충정로역 7번,1093,574,519,72,177,150,163,212,319,38,104,86,83,121,142,34,73,64,80,91,177,650,0,650
20222,A,골목상권,3110534,경기대학교,1614,805,809,162,297,209,196,283,467,83,149,118,108,147,200,79,148,91,88,136,267,871,0,871
20222,A,골목상권,3110535,영천시장입구,1293,597,696,103,215,152,180,214,429,46,106,79,89,111,166,57,109,73,91,103,263,726,0,726
20222,A,골목상권,3110536,돈의문센트레빌아파트입구,690,350,340,45,147,88,98,137,175,23,67,49,56,67,88,22,80,39,42,70,87,399,0,399
20222,A,골목상권,3110537,충정로현대아파트,1051,477,574,129,233,210,161,114,204,55,92,100,78,57,95,74,141,110,83,57,109,607,0,607
20222,A,골목상권,3110538,충정로역 3번,422,190,232,15,88,136,65,39,79,4,37,64,31,20,34,11,51,72,34,19,45,297,0,297
20222,A,골목상권,3110539,미근동,460,238,222,21,83,94,55,64,143,9,51,49,34,32,63,12,32,45,21,32,80,314,0,314
20222,A,골목상권,3110540,망원나들목체육관,2776,1378,1398,342,416,499,456,426,637,167,201,262,232,234,282,175,215,237,224,192,355,1320,0,1320
20222,A,골목상권,3110541,동교초등학교,4944,2304,2640,739,750,751,854,718,1132,356,349,365,418,333,483,383,401,386,436,385,649,2229,0,2229
20222,A,골목상권,3110542,마포구청역 7번,5276,2502,2774,694,875,863,860,817,1167,346,401,411,431,408,505,348,474,452,429,409,662,2483,0,2483
20222,A,골목상권,3110543,중암중학교,994,493,501,167,150,157,168,131,221,88,86,84,77,68,90,79,64,73,91,63,131,493,0,493
20222,A,골목상권,3110544,망리단길,12727,5888,6839,1364,2275,2489,1939,1754,2906,680,1041,1155,931,856,1225,684,1234,1334,1008,898,1681,6618,0,6618
20222,A,골목상권,3110545,마포구청역 1번,5110,1723,3387,259,2037,1457,614,371,372,112,453,532,277,179,170,147,1584,925,337,192,202,3987,0,3987
20222,A,골목상권,3110546,양화대교북단,2596,1249,1347,256,493,567,387,335,558,117,233,285,192,171,251,139,260,282,195,164,307,1357,0,1357
20222,A,골목상권,3110547,KB국민은행 망원동지점,2491,1171,1320,327,405,342,396,368,653,166,193,166,188,182,276,161,212,176,208,186,377,1165,0,1165
20222,A,골목상권,3110548,마포구청역 4번,2724,1252,1472,286,494,530,450,421,543,158,202,247,201,215,229,128,292,283,249,206,314,1437,0,1437
20222,A,골목상권,3110549,새터산,2629,1260,1369,351,413,439,433,361,632,180,194,206,227,173,280,171,219,233,206,188,352,1262,0,1262
20222,A,골목상권,3110550,합정역 8번,5796,2583,3213,608,1144,1237,876,753,1178,287,466,568,405,351,506,321,678,669,471,402,672,3047,0,3047
20222,A,골목상권,3110551,성서초등학교,4111,1881,2230,689,619,617,810,584,792,307,293,268,369,282,362,382,326,349,441,302,430,1840,0,1840
20222,A,골목상권,3110552,성미산체육관,2263,1073,1190,276,347,367,351,360,562,136,157,190,170,172,248,140,190,177,181,188,314,1133,0,1133
20222,A,골목상권,3110553,가좌역 2번,3390,1673,1717,374,526,557,525,530,878,207,263,295,256,266,386,167,263,262,269,264,492,1770,0,1770
20222,A,골목상권,3110554,망원역 1번,4439,1991,2448,434,801,880,726,618,980,216,326,384,337,310,418,218,475,496,389,308,562,2550,0,2550
20222,A,골목상권,3110555,홍익지구대,255,117,138,25,50,53,41,36,50,16,18,22,20,19,22,9,32,31,21,17,28,130,0,130
20222,A,골목상권,3110556,절두산순교성지,969,458,511,71,177,201,140,134,246,31,85,105,71,59,107,40,92,96,69,75,139,540,0,540
20222,A,골목상권,3110557,홍대부속여중고앞,3220,1462,1758,348,580,640,630,438,584,170,255,301,297,194,245,178,325,339,333,244,339,1775,0,1775
20222,A,골목상권,3110558,경성고등학교,8597,4089,4508,941,1502,1610,1376,1226,1942,473,719,805,697,554,841,468,783,805,679,672,1101,4349,0,4349
20222,A,골목상권,3110559,성산중학교,2482,1154,1328,207,503,550,349,325,548,105,230,283,166,148,222,102,273,267,183,177,326,1347,0,1347
20222,A,골목상권,3110560,마포FM,1546,739,807,139,347,293,230,208,329,67,162,139,120,102,149,72,185,154,110,106,180,874,0,874
20222,A,골목상권,3110561,상수역 4번,2175,1036,1139,127,546,510,280,269,443,59,260,258,150,121,188,68,286,252,130,148,255,1379,0,1379
20222,A,골목상권,3110562,연트럴파크(연남동주민센터),2902,1360,1542,293,585,596,470,362,596,161,296,282,217,161,243,132,289,314,253,201,353,1601,0,1601
20222,A,골목상권,3110563,상수역 3번,713,342,371,54,209,150,95,71,134,27,98,74,49,36,58,27,111,76,46,35,76,453,0,453
20222,A,골목상권,3110564,홍대입구역 3번,571,250,321,38,161,125,84,58,105,18,58,66,39,28,41,20,103,59,45,30,64,398,0,398
20222,A,골목상권,3110565,홍익대,1544,779,765,93,628,276,160,170,217,45,341,144,85,78,86,48,287,132,75,92,131,1065,0,1065
20222,A,골목상권,3110566,경의선책거리,1846,859,987,117,493,430,246,223,337,64,209,217,123,101,145,53,284,213,123,122,192,1223,0,1223
20222,A,골목상권,3110567,광흥창역 6번,298,144,154,17,82,62,43,24,70,8,38,25,24,15,34,9,44,37,19,9,36,202,0,202
20222,A,골목상권,3110568,광흥창역 1번,329,175,154,62,56,43,54,51,63,38,30,25,23,31,28,24,26,18,31,20,35,150,0,150
20222,A,골목상권,3110569,홍대땡땡거리,1907,914,993,99,606,377,247,227,351,55,291,184,123,115,146,44,315,193,124,112,205,1348,0,1348
20222,A,골목상권,3110570,KB국민은행 서강지점,501,246,255,68,54,100,96,71,112,31,31,46,48,34,56,37,23,54,48,37,56,255,0,255
20222,A,골목상권,3110571,신수동주민센터,2323,1130,1193,270,350,338,339,381,645,144,177,179,164,193,273,126,173,159,175,188,372,1172,0,1172
20222,A,골목상권,3110572,서강대역 1번,2848,1525,1323,180,953,438,362,333,582,100,562,256,182,181,244,80,391,182,180,152,338,1946,0,1946
20222,A,골목상권,3110573,신촌역 6번,191,93,98,12,62,41,23,15,38,6,31,22,8,10,16,6,31,19,15,5,22,143,0,143
20222,A,골목상권,3110574,서강대학교,174,96,78,14,56,25,31,22,26,6,31,15,19,14,11,8,25,10,12,8,15,107,0,107
20222,A,골목상권,3110575,대흥동주민센터,2613,1296,1317,146,598,379,365,360,765,80,287,220,198,184,327,66,311,159,167,176,438,1876,0,1876
20222,A,골목상권,3110576,대흥역 3번,1118,567,551,144,140,179,170,158,327,74,83,93,93,78,146,70,57,86,77,80,181,592,0,592
20222,A,골목상권,3110577,용강동주민센터,946,441,505,137,107,111,178,163,250,67,51,54,84,79,106,70,56,57,94,84,144,472,0,472
20222,A,골목상권,3110578,대흥역 2번,2721,1346,1375,253,497,343,365,476,787,132,243,191,186,252,342,121,254,152,179,224,445,1618,0,1618
20222,A,골목상권,3110579,마포역 4번,791,415,376,56,155,178,125,106,171,32,81,98,75,56,73,24,74,80,50,50,98,469,0,469
20222,A,골목상권,3110580,양원초등학교,1267,634,633,68,347,195,130,175,352,39,175,105,75,92,148,29,172,90,55,83,204,824,0,824
20222,A,골목상권,3110581,염리초등학교,292,143,149,94,16,44,82,24,32,52,7,18,41,14,11,42,9,26,41,10,21,99,0,99
20222,A,골목상권,3110582,이대역 5번,1393,675,718,71,451,188,153,184,346,31,197,104,79,102,162,40,254,84,74,82,184,1021,0,1021
20222,A,골목상권,3110583,공덕래미안3차아파트,174,80,94,17,47,34,25,13,38,11,14,20,11,9,15,6,33,14,14,4,23,111,0,111
20222,A,골목상권,3110584,아현역 4번,57,25,32,0,13,7,7,8,22,0,6,3,2,4,10,0,7,4,5,4,12,39,0,39
20222,A,골목상권,3110585,마포경찰서,222,104,118,48,21,88,34,15,16,26,5,39,21,5,8,22,16,49,13,10,8,93,0,93
20222,A,골목상권,3110586,서울서부지방법원,1520,734,786,62,354,387,216,210,291,32,130,183,120,130,139,30,224,204,96,80,152,1165,0,1165
20222,A,골목상권,3110587,공덕동주민센터,3405,1419,1986,211,899,615,438,440,802,104,252,274,220,226,343,107,647,341,218,214,459,2427,0,2427
20222,A,골목상권,3110588,한겨레신문사,2908,1378,1530,276,596,481,423,480,652,148,250,257,201,226,296,128,346,224,222,254,356,1569,0,1569
20222,A,골목상권,3110589,애오개역 3번,1726,853,873,145,270,269,219,303,520,76,148,147,120,144,218,69,122,122,99,159,302,847,0,847
20222,A,골목상권,3110590,만리재,2315,1133,1182,209,386,272,363,456,629,107,199,155,183,231,258,102,187,117,180,225,371,1212,0,1212
20222,A,골목상권,3110591,충정로역 6번,2292,1187,1105,197,343,261,284,452,755,103,206,147,156,228,347,94,137,114,128,224,408,1150,0,1150
20222,A,골목상권,3110592,서울금융고등학교,1209,611,598,144,178,125,163,242,357,83,91,73,83,121,160,61,87,52,80,121,197,565,0,565
20222,A,골목상권,3110593,신월3동주민센터,6488,3555,2933,562,746,737,936,1367,2140,301,369,415,568,811,1091,261,377,322,368,556,1049,3863,0,3863
20222,A,골목상권,3110594,신월중학교,3348,1641,1707,635,423,435,552,554,749,337,212,218,270,261,343,298,211,217,282,293,406,1263,0,1263
20222,A,골목상권,3110595,메디힐병원,5754,2863,2891,625,831,780,803,1041,1674,325,424,420,404,494,796,300,407,360,399,547,878,2719,0,2719
20222,A,골목상권,3110596,서서울호수공원,3474,1713,1761,457,476,482,527,636,896,241,236,236,281,312,407,216,240,246,246,324,489,1587,0,1587
20222,A,골목상권,3110597,신월1동주민센터,6200,3206,2994,634,800,781,899,1218,1868,325,424,440,474,626,917,309,376,341,425,592,951,3070,0,3070
20222,A,골목상권,3110598,신월문화체육센터,3093,1486,1607,348,407,353,447,539,999,173,215,188,231,255,424,175,192,165,216,284,575,1385,0,1385
20222,A,골목상권,3110599,신월1파출소,4226,2151,2075,482,590,540,607,791,1216,262,299,295,310,414,571,220,291,245,297,377,645,1946,0,1946
20222,A,골목상권,3110600,신월7동주민센터,4497,2204,2293,409,615,483,616,839,1535,212,312,260,326,435,659,197,303,223,290,404,876,2225,0,2225
20222,A,골목상권,3110601,신월1동우편취급국,6643,3416,3227,792,851,967,1020,1198,1815,395,461,522,541,633,864,397,390,445,479,565,951,3198,0,3198
20222,A,골목상권,3110602,신월시영아파트중문,1306,643,663,117,179,126,177,271,436,59,85,71,86,141,201,58,94,55,91,130,235,632,0,632
20222,A,골목상권,3110603,지향초등학교,311,147,164,49,37,26,41,62,96,17,20,17,20,28,45,32,17,9,21,34,51,133,0,133
20222,A,골목상권,3110604,신월4동주민센터,6868,3400,3468,1210,811,953,1178,979,1737,616,426,475,608,473,802,594,385,478,570,506,935,2626,0,2626
20222,A,골목상권,3110605,목동센트럴아이파크앞,1240,600,640,191,142,163,204,191,349,88,75,87,100,98,152,103,67,76,104,93,197,531,0,531
20222,A,골목상권,3110606,신한은행 신월동지점,7176,3489,3687,1056,901,894,1113,1224,1988,554,462,440,568,582,883,502,439,454,545,642,1105,2708,0,2708
20222,A,골목상권,3110607,금빛새마을금고본점,805,399,406,84,102,111,107,122,279,37,50,62,55,67,128,47,52,49,52,55,151,389,0,389
20222,A,골목상권,3110608,신월2동주민센터,8507,4178,4329,1213,1102,1150,1304,1385,2353,616,554,590,656,681,1081,597,548,560,648,704,1272,3561,0,3561
20222,A,골목상권,3110609,신정네거리역 2번,2450,1172,1278,335,347,317,401,398,652,172,158,166,186,197,293,163,189,151,215,201,359,1086,0,1086
20222,A,골목상권,3110610,계남근린공원,2915,1486,1429,298,413,321,416,540,927,165,236,178,226,255,426,133,177,143,190,285,501,1428,0,1428
20222,A,골목상권,3110611,신정역 1번,4648,2313,2335,607,673,720,770,710,1168,323,342,389,394,335,530,284,331,331,376,375,638,2098,0,2098
20222,A,골목상권,3110612,신정역 5번,8225,4076,4149,934,1249,1118,1252,1386,2286,511,615,615,615,677,1043,423,634,503,637,709,1243,4006,0,4006
20222,A,골목상권,3110613,신정네거리역 4번,532,254,278,84,66,56,89,99,138,44,29,27,38,56,60,40,37,29,51,43,78,254,0,254
20222,A,골목상권,3110614,목동로데오거리,2286,1100,1186,294,318,345,350,355,624,136,156,175,176,177,280,158,162,170,174,178,344,1053,0,1053
20222,A,골목상권,3110615,신서초등학교,1026,492,534,241,127,105,211,160,182,129,60,42,103,83,75,112,67,63,108,77,107,385,0,385
20222,A,골목상권,3110616,양목초등학교,838,392,446,146,133,120,150,133,156,67,72,58,71,59,65,79,61,62,79,74,91,361,0,361
20222,A,골목상권,3110617,등촌역 4번,2327,1050,1277,253,355,398,343,361,617,127,155,201,174,151,242,126,200,197,169,210,375,1192,0,1192
20222,A,골목상권,3110618,강서고등학교,6274,3044,3230,901,1108,884,957,1163,1261,471,605,436,428,546,558,430,503,448,529,617,703,2696,0,2696
20222,A,골목상권,3110619,목4동주민센터,1379,674,705,168,216,222,200,218,355,92,112,120,95,92,163,76,104,102,105,126,192,633,0,633
20222,A,골목상권,3110620,목동보건지소,8547,4144,4403,1507,1348,1135,1428,1495,1634,789,698,568,621,750,718,718,650,567,807,745,916,3458,0,3458
20222,A,골목상권,3110621,목동역 5번,719,330,389,150,95,69,148,121,136,76,38,31,61,61,63,74,57,38,87,60,73,253,0,253
20222,A,골목상권,3110622,달마을공원,4026,1925,2101,421,705,870,570,614,846,198,343,454,267,292,371,223,362,416,303,322,475,1886,0,1886
20222,A,골목상권,3110623,갈산공원,150,82,68,27,11,38,24,17,33,16,9,22,11,6,18,11,2,16,13,11,15,64,0,64
20222,A,골목상권,3110624,목동문화체육센터,2324,1127,1197,316,405,305,348,448,502,163,214,157,167,201,225,153,191,148,181,247,277,922,0,922
20222,A,골목상권,3110625,신정2동주민센터,3327,1639,1688,695,457,266,627,637,645,352,234,120,274,355,304,343,223,146,353,282,341,1261,0,1261
20222,A,골목상권,3110626,양화초등학교,6335,2999,3336,661,1125,1359,922,902,1366,347,491,697,473,390,601,314,634,662,449,512,765,3118,0,3118
20222,A,골목상권,3110627,신정롯데캐슬아파트,2466,1196,1270,410,329,294,438,439,556,211,165,155,208,217,240,199,164,139,230,222,316,1036,0,1036
20222,A,골목상권,3110628,신목동역,1350,676,674,184,242,297,216,184,227,95,121,151,104,102,103,89,121,146,112,82,124,706,0,706
20222,A,골목상권,3110629,송정역 4번,906,445,461,50,173,166,117,137,263,21,82,82,63,68,129,29,91,84,54,69,134,529,0,529
20222,A,골목상권,3110630,공항시장역 1번,6024,3004,3020,535,1176,936,796,982,1599,269,536,530,428,499,742,266,640,406,368,483,857,3565,0,3565
20222,A,골목상권,3110631,방화초등학교,3946,1951,1995,570,509,590,597,655,1025,307,262,303,306,322,451,263,247,287,291,333,574,1654,0,1654
20222,A,골목상권,3110632,방화역 3번,1526,765,761,180,223,207,208,251,457,97,110,109,101,127,221,83,113,98,107,124,236,723,0,723
20222,A,골목상권,3110633,개화산역 1번,440,226,214,51,74,83,53,71,108,30,35,48,29,35,49,21,39,35,24,36,59,228,0,228
20222,A,골목상권,3110634,송정역 3번,8279,4321,3958,983,1333,1556,1270,1258,1879,509,703,880,689,654,886,474,630,676,581,604,993,4417,0,4417
20222,A,골목상권,3110635,공항시장역 3번,2782,1394,1388,311,350,402,337,492,890,149,185,229,183,248,400,162,165,173,154,244,490,1395,0,1395
20222,A,골목상권,3110636,방화역 2번,1260,652,608,188,135,201,217,179,340,95,77,110,113,90,167,93,58,91,104,89,173,563,0,563
20222,A,골목상권,3110637,송정역 2번,1964,986,978,181,362,355,245,316,505,98,166,201,125,160,236,83,196,154,120,156,269,1002,0,1002
20222,A,골목상권,3110638,신방화역 2번,5721,2872,2849,708,857,920,853,918,1465,370,439,500,436,456,671,338,418,420,417,462,794,2781,0,2781
20222,A,골목상권,3110639,신방화역 8번,2885,1456,1429,286,397,389,375,519,919,139,196,218,218,251,434,147,201,171,157,268,485,1435,0,1435
20222,A,골목상권,3110640,방화역 1번,2733,1406,1327,303,431,556,433,432,578,158,205,280,237,257,269,145,226,276,196,175,309,1575,0,1575
20222,A,골목상권,3110641,공항고등학교,1562,790,772,248,195,268,239,239,373,131,97,135,123,126,178,117,98,133,116,113,195,651,0,651
20222,A,골목상권,3110642,정곡초등학교,794,400,394,154,80,105,143,110,202,71,40,56,74,53,106,83,40,49,69,57,96,329,0,329
20222,A,골목상권,3110643,강서구다솔마을,2293,1188,1105,262,285,304,423,413,606,133,135,174,238,223,285,129,150,130,185,190,321,1152,0,1152
20222,A,골목상권,3110644,신광명마을,840,427,413,91,97,114,126,153,259,48,59,61,63,85,111,43,38,53,63,68,148,407,0,407
20222,A,골목상권,3110645,우장산역 4번,7383,3439,3944,1546,1066,882,1418,1141,1330,725,489,417,656,571,581,821,577,465,762,570,749,2826,0,2826
20222,A,골목상권,3110646,푸른들청소년도서관,8329,4014,4315,952,1324,1305,1163,1358,2227,479,621,676,561,655,1022,473,703,629,602,703,1205,3861,0,3861
20222,A,골목상권,3110647,화곡역 5번,8626,4178,4448,1030,1340,1584,1334,1282,2056,513,639,813,695,577,941,517,701,771,639,705,1115,4116,0,4116
20222,A,골목상권,3110648,양천향교역 7번,4060,1692,2368,92,1659,1484,491,232,102,38,432,745,283,143,51,54,1227,739,208,89,51,3656,0,3656
20222,A,골목상권,3110649,우장산역 1번,3347,1549,1798,724,488,399,664,535,537,320,222,201,296,268,242,404,266,198,368,267,295,1242,0,1242
20222,A,골목상권,3110650,우장산힐스테이트,894,418,476,207,102,93,180,124,188,94,49,41,86,64,84,113,53,52,94,60,104,310,0,310
20222,A,골목상권,3110651,화원중학교,6123,2977,3146,780,933,1090,932,928,1460,391,433,591,483,425,654,389,500,499,449,503,806,2783,0,2783
20222,A,골목상권,3110652,양천향교역 2번,2053,1005,1048,173,473,595,235,248,329,91,185,324,136,113,156,82,288,271,99,135,173,1193,0,1193
20222,A,골목상권,3110653,화곡역 2번,3058,1463,1595,309,437,530,441,471,870,160,213,277,222,205,386,149,224,253,219,266,484,1528,0,1528
20222,A,골목상권,3110654,까치산역 4번,12391,6055,6336,1346,1992,2316,1804,1945,2988,679,962,1229,933,916,1336,667,1030,1087,871,1029,1652,5977,0,5977
20222,A,골목상권,3110655,발산역 5번,1014,498,516,146,151,204,169,145,199,84,70,112,78,70,84,62,81,92,91,75,115,479,0,479
20222,A,골목상권,3110656,까치산역 3번,9500,4758,4742,604,2182,2327,1315,1117,1955,297,919,1304,754,554,930,307,1263,1023,561,563,1025,5966,0,5966
20222,A,골목상권,3110657,양천향교역 5번,1567,719,848,74,464,486,189,152,202,30,151,275,104,66,93,44,313,211,85,86,109,1125,0,1125
20222,A,골목상권,3110658,화곡초등학교,3078,1583,1495,274,694,638,491,381,600,152,349,374,265,189,254,122,345,264,226,192,346,1821,0,1821
20222,A,골목상권,3110659,화곡역 4번,18476,8997,9479,2694,2923,3202,3047,2753,3857,1350,1380,1745,1543,1286,1693,1344,1543,1457,1504,1467,2164,8411,0,8411
20222,A,골목상권,3110660,등촌3동주민센터,1701,847,854,177,270,246,210,252,546,89,145,141,101,128,243,88,125,105,109,124,303,968,0,968
20222,A,골목상권,3110661,강서새말어린이공원,1446,723,723,208,183,224,268,220,343,103,92,123,143,104,158,105,91,101,125,116,185,660,0,660
20222,A,골목상권,3110662,까치산역 1번,12580,6012,6568,1535,1934,2078,2051,1874,3108,758,936,1087,1034,847,1350,777,998,991,1017,1027,1758,5837,0,5837
20222,A,골목상권,3110663,우장산롯데캐슬아파트앞,1499,735,764,177,228,243,236,275,340,90,124,115,119,130,157,87,104,128,117,145,183,642,0,642
20222,A,골목상권,3110664,강서구청옆,524,263,261,79,64,99,96,65,121,45,34,52,55,26,51,34,30,47,41,39,70,240,0,240
20222,A,골목상권,3110665,곰달래도서관,5173,2531,2642,577,667,825,815,777,1512,288,345,439,413,366,680,289,322,386,402,411,832,2504,0,2504
20222,A,골목상권,3110666,KC대학교,1817,938,879,209,235,268,263,313,529,112,132,154,142,165,233,97,103,114,121,148,296,861,0,861
20222,A,골목상권,3110667,가양역 10번,640,283,357,55,88,124,81,74,218,23,36,57,40,42,85,32,52,67,41,32,133,380,0,380
20222,A,골목상권,3110668,화곡2동주민센터,8784,4211,4573,1346,1222,1419,1524,1334,1939,681,598,733,757,595,847,665,624,686,767,739,1092,3863,0,3863
20222,A,골목상권,3110669,화곡보람2차아파트,786,365,421,109,163,141,132,115,126,54,76,65,66,51,53,55,87,76,66,64,73,371,0,371
20222,A,골목상권,3110670,신곡초등학교,7458,3647,3811,1131,1055,1106,1264,1246,1656,555,548,571,646,605,722,576,507,535,618,641,934,3183,0,3183
20222,A,골목상권,3110671,등촌1동주민센터,7501,3677,3824,968,1416,1790,1079,943,1305,553,619,921,536,467,581,415,797,869,543,476,724,3888,0,3888
20222,A,골목상권,3110672,백석중학교,3381,1662,1719,509,534,536,530,540,732,272,269,277,267,255,322,237,265,259,263,285,410,1424,0,1424
20222,A,골목상권,3110673,뜸부기어린이공원,4156,2076,2080,356,582,729,564,676,1249,182,320,409,293,325,547,174,262,320,271,351,702,2099,0,2099
20222,A,골목상권,3110674,강서구청가양동별관,161,77,84,13,15,24,27,42,40,4,9,13,15,18,18,9,6,11,12,24,22,124,0,124
20222,A,골목상권,3110675,화곡4동주민센터,7710,3731,3979,948,1166,1355,1172,1217,1852,495,563,697,614,564,798,453,603,658,558,653,1054,3535,0,3535
20222,A,골목상권,3110676,등촌역 7번,3305,1564,1741,398,618,677,496,499,617,211,282,330,240,230,271,187,336,347,256,269,346,1562,0,1562
20222,A,골목상권,3110677,등촌역 1번,1606,739,867,169,355,459,226,180,217,84,139,219,111,89,97,85,216,240,115,91,120,889,0,889
20222,A,골목상권,3110678,염창무학아파트,1231,596,635,172,226,328,180,133,192,87,96,170,88,56,99,85,130,158,92,77,93,610,0,610
20222,A,골목상권,3110679,염창역 2번,979,437,542,72,258,293,137,93,126,35,84,131,75,49,63,37,174,162,62,44,63,667,0,667
20222,A,골목상권,3110680,온수역 5번(온수산업단지),1748,845,903,213,196,281,305,243,510,125,92,134,156,111,227,88,104,147,149,132,283,761,0,761
20222,A,골목상권,3110681,온수역 1번,170,98,72,18,22,39,18,25,48,15,13,19,12,13,26,3,9,20,6,12,22,84,0,84
20222,A,골목상권,3110682,온수역 8번,1048,508,540,141,145,141,179,143,299,79,79,69,86,63,132,62,66,72,93,80,167,433,0,433
20222,A,골목상권,3110683,오류고등학교,1694,833,861,289,240,228,241,307,389,146,129,114,126,144,174,143,111,114,115,163,215,646,0,646
20222,A,골목상권,3110684,서울공연예술고등학교,1389,675,714,172,198,187,230,240,362,87,113,96,106,107,166,85,85,91,124,133,196,602,0,602
20222,A,골목상권,3110685,금강수목원아파트,200,93,107,29,31,30,24,39,47,13,15,12,12,20,21,16,16,18,12,19,26,82,0,82
20222,A,골목상권,3110686,수궁동주민센터,4521,2180,2341,596,611,597,716,769,1232,298,310,312,345,368,547,298,301,285,371,401,685,2114,0,2114
20222,A,골목상권,3110687,"천왕역 3번(오류2동주민센터, 서울오류남초등학교)",542,248,294,59,65,52,87,89,190,27,27,30,41,42,81,32,38,22,46,47,109,244,0,244
20222,A,골목상권,3110688,오류지구대,2781,1363,1418,343,405,409,414,466,744,184,193,210,215,218,343,159,212,199,199,248,401,1254,0,1254
20222,A,골목상권,3110689,오류동역 3번,3158,1607,1551,339,487,415,428,538,951,171,238,226,224,293,455,168,249,189,204,245,496,1637,0,1637
20222,A,골목상권,3110690,오류2동버들시장,4903,2427,2476,599,595,675,742,773,1519,331,301,363,408,382,642,268,294,312,334,391,877,2555,0,2555
20222,A,골목상권,3110691,개봉중학교,2937,1486,1451,377,395,342,445,533,845,190,215,188,226,275,392,187,180,154,219,258,453,1362,0,1362
20222,A,골목상권,3110692,큰굴다리,2116,1104,1012,243,316,279,292,346,640,127,162,160,152,176,327,116,154,119,140,170,313,1025,0,1025
20222,A,골목상권,3110693,오류동역 4번,719,396,323,21,229,178,121,81,89,13,107,102,66,59,49,8,122,76,55,22,40,599,0,599
20222,A,골목상권,3110694,세곡초등학교,6947,3467,3480,799,967,835,1017,1261,2068,404,532,430,507,626,968,395,435,405,510,635,1100,3369,0,3369
20222,A,골목상권,3110695,개봉1동주민센터,5545,2838,2707,512,696,613,744,1039,1941,263,354,343,411,555,912,249,342,270,333,484,1029,2950,0,2950
20222,A,골목상권,3110696,오류동역 1번,3491,1771,1720,372,482,474,489,632,1042,192,268,258,256,313,484,180,214,216,233,319,558,1590,0,1590
20222,A,골목상권,3110697,개봉3동주민센터,2994,1499,1495,378,440,391,472,541,772,193,230,203,262,269,342,185,210,188,210,272,430,1313,0,1313
20222,A,골목상권,3110698,개웅초등학교(개웅중학교),6704,3253,3451,817,930,831,1036,1200,1890,411,480,426,521,559,856,406,450,405,515,641,1034,2850,0,2850
20222,A,골목상권,3110699,덕의초등학교,1608,802,806,206,214,186,258,286,458,111,122,97,130,139,203,95,92,89,128,147,255,759,0,759
20222,A,골목상권,3110700,고척초등학교,3399,1727,1672,455,448,433,535,588,940,230,237,254,279,301,426,225,211,179,256,287,514,1605,0,1605
20222,A,골목상권,3110701,고척동성당,1217,551,666,159,210,192,160,187,309,72,88,89,79,82,141,87,122,103,81,105,168,570,0,570
20222,A,골목상권,3110702,개봉초등학교,2513,1202,1311,339,285,411,362,407,709,175,146,217,165,189,310,164,139,194,197,218,399,1101,0,1101
20222,A,골목상권,3110703,개봉역,2006,993,1013,219,252,390,322,291,532,102,118,202,169,150,252,117,134,188,153,141,280,966,0,966
20222,A,골목상권,3110704,고척중학교,94,68,26,2,40,21,14,10,7,2,26,16,9,9,6,0,14,5,5,1,1,87,0,87
20222,A,골목상권,3110705,고산초등학교,565,281,284,87,131,99,99,76,73,51,68,48,55,26,33,36,63,51,44,50,40,287,0,287
20222,A,골목상권,3110706,그라운드 고척,697,364,333,64,109,89,128,90,217,33,55,47,74,56,99,31,54,42,54,34,118,408,0,408
20222,A,골목상권,3110707,구로창업지원센터,2099,1112,987,230,280,242,299,358,690,107,156,143,174,196,336,123,124,99,125,162,354,1038,0,1038
20222,A,골목상권,3110708,화원어린이공원,1295,677,618,121,206,171,208,228,361,70,104,95,129,122,157,51,102,76,79,106,204,765,0,765
20222,A,골목상권,3110709,구로119안전센터,2634,1347,1287,225,329,327,341,548,864,109,171,178,201,285,403,116,158,149,140,263,461,1413,0,1413
20222,A,골목상권,3110710,남구로역 3번,5266,2723,2543,372,723,535,666,1057,1913,208,401,322,359,550,883,164,322,213,307,507,1030,3012,0,3012
20222,A,골목상권,3110711,구로초등학교,3893,1922,1971,396,516,439,558,712,1272,184,261,237,285,399,556,212,255,202,273,313,716,2056,0,2056
20222,A,골목상권,3110712,남구로역 5번,5072,2530,2542,493,624,511,736,986,1722,252,393,287,362,491,745,241,231,224,374,495,977,2382,0,2382
20222,A,골목상권,3110713,구로보건소,7091,3499,3592,759,1080,1119,951,1222,1960,349,535,579,482,631,923,410,545,540,469,591,1037,3672,0,3672
20222,A,골목상권,3110714,구로4동주민센터,4147,2075,2072,404,446,398,594,813,1492,209,236,222,302,422,684,195,210,176,292,391,808,2250,0,2250
20222,A,골목상권,3110715,구로구민회관,867,453,414,78,90,83,130,157,329,40,52,42,77,95,147,38,38,41,53,62,182,460,0,460
20222,A,골목상권,3110716,구로나눔길,823,391,432,91,93,101,117,158,263,45,43,49,53,94,107,46,50,52,64,64,156,434,0,434
20222,A,골목상권,3110717,남구로역 2번,7311,3740,3571,574,860,769,1048,1456,2604,302,448,404,586,822,1178,272,412,365,462,634,1426,4187,0,4187
20222,A,골목상권,3110718,한국SGI본부,2665,1232,1433,162,853,599,281,308,462,86,297,313,144,168,224,76,556,286,137,140,238,1911,0,1911
20222,A,골목상권,3110719,영서중학교,551,256,295,79,62,66,84,85,175,39,28,34,40,41,74,40,34,32,44,44,101,227,0,227
20222,A,골목상권,3110720,대림역 2번,2265,1094,1171,194,247,256,303,441,824,104,119,141,146,206,378,90,128,115,157,235,446,1199,0,1199
20222,A,골목상권,3110721,가리봉파출소,2548,1332,1216,152,535,514,346,442,559,83,270,288,190,233,268,69,265,226,156,209,291,1654,0,1654
20222,A,골목상권,3110722,G타워,3828,2250,1578,75,1391,1333,479,252,298,44,701,862,316,167,160,31,690,471,163,85,138,3378,0,3378
20222,A,골목상권,3110723,가산디지털단지역 1번 출입구,816,430,386,47,167,116,108,139,239,21,88,66,60,83,112,26,79,50,48,56,127,540,0,540
20222,A,골목상권,3110724,금천구립가산도서관,2946,1774,1172,147,771,814,368,382,464,66,438,553,238,232,247,81,333,261,130,150,217,2068,0,2068
20222,A,골목상권,3110725,가산동주민센터,1908,1045,863,27,767,462,220,241,191,12,317,288,143,174,111,15,450,174,77,67,80,1752,0,1752
20222,A,골목상권,3110726,금천철쭉어린이공원(금하마을),1686,867,819,176,259,186,251,332,482,91,131,118,130,173,224,85,128,68,121,159,258,884,0,884
20222,A,골목상권,3110727,독산역 1번 출입구,1229,660,569,97,323,294,156,142,217,49,141,179,96,76,119,48,182,115,60,66,98,771,0,771
20222,A,골목상권,3110728,두산초등학교,1546,848,698,98,495,372,203,174,204,48,228,236,127,108,101,50,267,136,76,66,103,1123,0,1123
20222,A,골목상권,3110729,가산동우체국,2913,1707,1206,101,934,685,341,358,494,51,462,444,233,241,276,50,472,241,108,117,218,2268,0,2268
20222,A,골목상권,3110730,서울축산농협 독산역지점(독산파출소),2867,1548,1319,234,590,707,392,402,542,119,298,418,226,217,270,115,292,289,166,185,272,1728,0,1728
20222,A,골목상권,3110731,금천구청역 1번 출입구,1017,517,500,73,241,203,146,138,216,36,100,115,84,73,109,37,141,88,62,65,107,662,0,662
20222,A,골목상권,3110732,가산초등학교(세일중학교),2840,1518,1322,178,776,610,310,399,567,85,363,366,182,230,292,93,413,244,128,169,275,1961,0,1961
20222,A,골목상권,3110733,금천어울림복지센터,445,193,252,25,120,138,44,36,82,10,43,67,18,18,37,15,77,71,26,18,45,309,0,309
20222,A,골목상권,3110734,금천파출소,347,184,163,21,50,56,43,62,115,8,21,35,30,43,47,13,29,21,13,19,68,210,0,210
20222,A,골목상권,3110735,말미고개,5369,2731,2638,641,871,824,709,952,1372,336,445,453,367,483,647,305,426,371,342,469,725,2688,0,2688
20222,A,골목상권,3110736,독산119안전센터,4727,2350,2377,515,679,691,645,950,1247,258,308,380,339,473,592,257,371,311,306,477,655,2240,0,2240
20222,A,골목상권,3110737,금천세무서,2720,1425,1295,252,487,456,347,470,708,140,267,255,181,233,349,112,220,201,166,237,359,1467,0,1467
20222,A,골목상권,3110738,문성초등학교,3498,1770,1728,292,464,433,474,711,1124,147,229,249,240,397,508,145,235,184,234,314,616,2045,0,2045
20222,A,골목상권,3110739,시흥3동 우편취급국,320,165,155,31,58,28,46,71,86,17,28,15,22,39,44,14,30,13,24,32,42,129,0,129
20222,A,골목상권,3110740,금천해태공원,5321,2680,2641,515,825,615,721,1038,1607,269,425,350,377,507,752,246,400,265,344,531,855,2696,0,2696
20222,A,골목상권,3110741,독산2동주민센터,3680,1858,1822,389,562,502,525,722,980,204,293,271,250,375,465,185,269,231,275,347,515,1857,0,1857
20222,A,골목상권,3110742,KT금천빌딩(금천구시설관리공단),213,115,98,15,31,33,27,44,63,10,16,19,14,23,33,5,15,14,13,21,30,125,0,125
20222,A,골목상권,3110743,시흥초등학교(시흥1동우체국),4293,2157,2136,493,566,495,606,836,1297,254,308,268,318,417,592,239,258,227,288,419,705,2100,0,2100
20222,A,골목상권,3110744,독산동성당,8260,4130,4130,831,1135,983,1116,1753,2442,406,595,546,544,901,1138,425,540,437,572,852,1304,4148,0,4148
20222,A,골목상권,3110745,독산동정훈단지,2946,1485,1461,304,437,338,417,646,804,154,225,194,213,336,363,150,212,144,204,310,441,1509,0,1509
20222,A,골목상권,3110746,금천금빛공원(은행나무사거리서측),1702,825,877,156,317,224,216,303,486,81,150,122,106,139,227,75,167,102,110,164,259,882,0,882
20222,A,골목상권,3110747,석수역 1번 출입구,1006,498,508,81,130,134,129,176,356,35,71,71,69,87,165,46,59,63,60,89,191,442,0,442
20222,A,골목상권,3110748,백산초등학교,1914,979,935,202,269,224,291,351,577,107,144,125,153,184,266,95,125,99,138,167,311,978,0,978
20222,A,골목상권,3110749,금산초등학교(금천고등학교),4810,2405,2405,607,611,628,712,823,1429,312,324,333,369,404,663,295,287,295,343,419,766,2009,0,2009
20222,A,골목상권,3110750,시흥4동주민센터(서울신흥초등학교),4694,2332,2362,496,537,554,653,919,1535,235,273,295,351,460,718,261,264,259,302,459,817,2417,0,2417
20222,A,골목상권,3110751,난곡중학교,5590,2805,2785,496,898,735,756,1133,1572,261,449,402,406,560,727,235,449,333,350,573,845,2857,0,2857
20222,A,골목상권,3110752,한울중학교,6433,3165,3268,817,857,923,893,1195,1748,443,442,477,434,558,811,374,415,446,459,637,937,2845,0,2845
20222,A,골목상권,3110753,시흥동 은행나무사거리,7026,3515,3511,785,927,789,1013,1320,2192,401,500,434,519,667,994,384,427,355,494,653,1198,3427,0,3427
20222,A,골목상권,3110754,삼성산자연공원(서울금천초등학교),5343,2632,2711,606,720,686,777,1038,1516,301,382,357,397,524,671,305,338,329,380,514,845,2625,0,2625
20222,A,골목상권,3110755,동일여자고등학교,1401,705,696,172,173,133,215,243,465,91,87,76,115,133,203,81,86,57,100,110,262,643,0,643
20222,A,골목상권,3110756,문래중학교,2569,1239,1330,353,452,823,489,225,227,184,181,410,254,105,105,169,271,413,235,120,122,1406,0,1406
20222,A,골목상권,3110757,양평역 2번,2162,1136,1026,125,531,660,302,270,274,70,228,372,171,170,125,55,303,288,131,100,149,1565,0,1565
20222,A,골목상권,3110758,문래소공원,1450,678,772,249,213,449,255,135,149,123,82,216,128,62,67,126,131,233,127,73,82,686,0,686
20222,A,골목상권,3110759,문래예술촌(문래창작촌),1245,671,574,156,162,261,208,141,317,76,85,137,134,88,151,80,77,124,74,53,166,744,0,744
20222,A,골목상권,3110760,선유도역 6번,1108,566,542,116,212,309,164,106,201,48,97,173,92,62,94,68,115,136,72,44,107,600,0,600
20222,A,골목상권,3110761,문래동남성맨션,22,13,9,1,1,1,1,4,14,1,0,1,0,2,9,0,1,0,1,2,5,14,0,14
20222,A,골목상권,3110762,선유도역 1번,11098,5486,5612,1285,2133,3005,1509,1360,1806,673,930,1572,768,709,834,612,1203,1433,741,651,972,5787,0,5787
20222,A,골목상권,3110763,영등포구청역 2번,1266,627,639,131,251,282,165,178,259,77,103,146,86,87,128,54,148,136,79,91,131,702,0,702
20222,A,골목상권,3110764,문래역 3번,83,43,40,2,35,23,7,11,5,1,16,15,2,7,2,1,19,8,5,4,3,68,0,68
20222,A,골목상권,3110765,문래동사거리,116,61,55,7,7,14,18,14,56,2,5,8,14,9,23,5,2,6,4,5,33,58,0,58
20222,A,골목상권,3110766,대림역 5번,2307,1143,1164,204,295,259,326,472,751,114,151,139,180,237,322,90,144,120,146,235,429,1295,0,1295
20222,A,골목상권,3110767,도림동주민센터,891,462,429,51,103,131,127,169,310,28,55,72,78,85,144,23,48,59,49,84,166,623,0,623
20222,A,골목상권,3110768,도림2동유수지내체육시설,1300,638,662,68,316,381,192,149,194,41,120,196,100,83,98,27,196,185,92,66,96,873,0,873
20222,A,골목상권,3110769,대림차이나타운(대림역 12번),673,328,345,63,59,73,100,110,268,35,39,37,44,64,109,28,20,36,56,46,159,397,0,397
20222,A,골목상권,3110770,영등포구청역 6번,1935,974,961,126,417,375,228,292,497,58,198,213,119,168,218,68,219,162,109,124,279,1223,0,1223
20222,A,골목상권,3110771,대림역 11번,693,339,354,42,60,61,116,133,281,20,35,30,60,75,119,22,25,31,56,58,162,476,0,476
20222,A,골목상권,3110772,신우어린이공원,1225,627,598,156,166,160,204,219,320,82,86,93,99,116,151,74,80,67,105,103,169,568,0,568
20222,A,골목상권,3110773,당산역 13번,151,80,71,11,36,35,27,20,22,3,23,18,15,12,9,8,13,17,12,8,13,111,0,111
20222,A,골목상권,3110774,당산반도유보라팰리스아파트,1317,623,694,91,414,376,154,118,164,43,165,202,78,58,77,48,249,174,76,60,87,935,0,935
20222,A,골목상권,3110775,대동초등학교,768,384,384,69,92,70,89,174,274,40,49,44,47,84,120,29,43,26,42,90,154,402,0,402
20222,A,골목상권,3110776,도신초등학교,3337,1712,1625,383,495,347,452,681,979,191,271,197,226,359,468,192,224,150,226,322,511,1527,0,1527
20222,A,골목상권,3110777,구로세무서,124,92,32,1,4,6,14,29,70,1,3,3,14,25,46,0,1,3,0,4,24,110,0,110
20222,A,골목상권,3110778,구로디지털단지역 4번,4030,2009,2021,316,668,458,487,731,1370,157,364,265,252,354,617,159,304,193,235,377,753,2361,0,2361
20222,A,골목상권,3110779,대림갑을명가아파트,293,149,144,17,44,33,41,50,108,8,25,17,22,28,49,9,19,16,19,22,59,171,0,171
20222,A,골목상권,3110780,신길대성유니드아파트,3240,1649,1591,403,396,345,533,589,974,228,206,199,277,303,436,175,190,146,256,286,538,1539,0,1539
20222,A,골목상권,3110781,대림한신아파트,3339,1643,1696,325,506,334,432,646,1096,163,255,194,219,321,491,162,251,140,213,325,605,1609,0,1609
20222,A,골목상권,3110782,영등포시장역 4번,763,381,382,37,242,222,79,75,108,22,98,125,45,42,49,15,144,97,34,33,59,565,0,565
20222,A,골목상권,3110783,영등포시장역 1번,772,414,358,92,115,99,98,127,241,48,52,56,57,73,128,44,63,43,41,54,113,430,0,430
20222,A,골목상권,3110784,신대림초등학교,998,493,505,93,155,109,136,159,346,51,77,56,80,78,151,42,78,53,56,81,195,558,0,558
20222,A,골목상권,3110785,영등포푸르지오아파트,3399,1751,1648,341,447,414,508,636,1053,188,245,228,265,341,484,153,202,186,243,295,569,1778,0,1778
20222,A,골목상권,3110786,당산역 8번,2158,1090,1068,135,543,529,242,285,424,62,261,291,124,152,200,73,282,238,118,133,224,1368,0,1368
20222,A,골목상권,3110787,신길3동주민센터,3238,1630,1608,289,424,353,421,667,1084,148,218,206,230,353,475,141,206,147,191,314,609,1757,0,1757
20222,A,골목상권,3110788,영등포시장역 3번,345,191,154,40,27,58,44,52,124,25,18,36,29,33,50,15,9,22,15,19,74,170,0,170
20222,A,골목상권,3110789,대림성모병원,1685,820,865,154,274,223,236,276,522,83,121,126,112,146,232,71,153,97,124,130,290,977,0,977
20222,A,골목상권,3110790,대림1동주민센터,3364,1678,1686,249,504,389,443,633,1146,138,265,232,237,312,494,111,239,157,206,321,652,1933,0,1933
20222,A,골목상권,3110791,신풍역 3번,223,108,115,40,20,46,33,30,54,20,11,21,16,15,25,20,9,25,17,15,29,95,0,95
20222,A,골목상권,3110792,영등포역 2번,3798,1928,1870,307,555,544,480,684,1228,155,297,297,254,345,580,152,258,247,226,339,648,2228,0,2228
20222,A,골목상권,3110793,대림썬프라자,1,1,0,0,0,0,0,0,1,0,0,0,0,0,1,0,0,0,0,0,0,1,0,1
20222,A,골목상권,3110794,영동초등학교,3386,1545,1841,160,1324,1125,333,193,251,91,484,551,177,112,130,69,840,574,156,81,121,2698,0,2698
20222,A,골목상권,3110795,도림초등학교,1916,960,956,201,276,272,252,295,620,108,143,151,139,147,272,93,133,121,113,148,348,1053,0,1053
20222,A,골목상권,3110796,한림대학교한강성심병원,1264,681,583,69,352,460,142,105,136,34,163,258,78,68,80,35,189,202,64,37,56,945,0,945
20222,A,골목상권,3110797,KT대방빌딩,193,95,98,10,19,27,24,24,89,3,13,14,10,17,38,7,6,13,14,7,51,110,0,110
20222,A,골목상권,3110798,신풍역 2번,567,295,272,63,86,86,72,89,171,38,50,46,33,45,83,25,36,40,39,44,88,265,0,265
20222,A,골목상권,3110799,영등포본동주민센터,633,322,311,34,121,103,69,123,183,17,70,64,34,53,84,17,51,39,35,70,99,348,0,348
20222,A,골목상권,3110800,영등포동성당,838,509,329,19,273,316,80,58,92,6,151,214,57,34,47,13,122,102,23,24,45,680,0,680
20222,A,골목상권,3110801,신풍역 6번(신길6동공영주차장),208,107,101,23,21,21,26,39,78,13,11,10,17,21,35,10,10,11,9,18,43,108,0,108
20222,A,골목상권,3110802,신길동홍어거리,1327,672,655,123,215,181,155,252,401,65,124,108,78,123,174,58,91,73,77,129,227,742,0,742
20222,A,골목상권,3110803,신길2동우편취급국,2760,1429,1331,239,301,349,379,489,1003,129,165,184,213,267,471,110,136,165,166,222,532,1531,0,1531
20222,A,골목상권,3110804,신풍역 1번,2297,1079,1218,158,376,307,315,387,754,73,165,167,151,198,325,85,211,140,164,189,429,1383,0,1383
20222,A,골목상권,3110805,신길새마을금고신길4동지점,768,385,383,42,184,148,107,89,198,19,82,81,61,51,91,23,102,67,46,38,107,494,0,494
20222,A,골목상권,3110806,서울시립영등포장애인복지관,48,48,0,0,1,6,14,22,5,0,1,6,14,22,5,0,0,0,0,0,0,48,0,48
20222,A,골목상권,3110807,신길역 3번,2234,1178,1056,39,1104,717,191,97,86,25,489,433,126,63,42,14,615,284,65,34,44,1993,0,1993
20222,A,골목상권,3110808,신길역 1번,624,335,289,36,115,124,87,102,160,17,68,71,50,53,76,19,47,53,37,49,84,395,0,395
20222,A,골목상권,3110809,장훈고등학교,711,353,358,72,107,85,101,131,215,32,52,52,49,69,99,40,55,33,52,62,116,379,0,379
20222,A,골목상권,3110810,영신초등학교,3407,1680,1727,309,549,481,456,538,1074,157,267,277,243,261,475,152,282,204,213,277,599,1892,0,1892
20222,A,골목상권,3110811,보라매역 4번,1664,815,849,138,347,296,228,222,433,77,160,140,126,117,195,61,187,156,102,105,238,971,0,971
20222,A,골목상권,3110812,신길6동주민센터,1434,666,768,89,353,271,186,206,329,48,154,128,94,94,148,41,199,143,92,112,181,932,0,932
20222,A,골목상권,3110813,보라매역 6번,2594,1281,1313,317,551,454,347,362,563,171,236,229,189,188,268,146,315,225,158,174,295,1397,0,1397
20222,A,골목상권,3110814,서울지방병무청,3440,1751,1689,348,617,510,515,559,891,185,332,270,287,277,400,163,285,240,228,282,491,1846,0,1846
20222,A,골목상권,3110815,공군호텔,4944,2547,2397,327,1192,910,655,701,1159,160,562,531,371,395,528,167,630,379,284,306,631,3342,0,3342
20222,A,골목상권,3110816,대방역 6번,1790,932,858,107,321,335,258,274,495,52,167,202,137,153,221,55,154,133,121,121,274,1108,0,1108
20222,A,골목상권,3110817,대방역 4번,880,495,385,28,340,222,79,79,132,14,176,141,50,46,68,14,164,81,29,33,64,704,0,704
20222,A,골목상권,3110818,신대방역 3번,813,426,387,52,200,159,102,106,194,22,92,101,59,55,97,30,108,58,43,51,97,551,0,551
20222,A,골목상권,3110819,신대방역 4번,5265,2541,2724,522,940,795,741,878,1389,265,459,400,355,461,601,257,481,395,386,417,788,3065,0,3065
20222,A,골목상권,3110820,성남고등학교,4096,2066,2030,710,768,663,746,571,638,385,393,335,384,297,272,325,375,328,362,274,366,1995,0,1995
20222,A,골목상권,3110821,보라매역 2번,6050,2935,3115,714,1093,1048,937,902,1356,378,537,535,461,429,595,336,556,513,476,473,761,3036,0,3036
20222,A,골목상권,3110822,신대방삼거리역 4번(대림초등학교),5038,2417,2621,725,1036,795,801,747,934,380,506,374,389,362,406,345,530,421,412,385,528,2442,0,2442
20222,A,골목상권,3110823,신대방삼거리역 3번,3577,1670,1907,337,938,663,473,454,712,185,355,341,241,218,330,152,583,322,232,236,382,2045,0,2045
20222,A,골목상권,3110824,대방역 3번,631,306,325,84,159,123,113,71,81,39,73,66,56,35,37,45,86,57,57,36,44,391,0,391
20222,A,골목상권,3110825,신대방삼거리역 1번,9016,4292,4724,969,1841,1716,1217,1189,2084,494,816,880,617,576,909,475,1025,836,600,613,1175,4854,0,4854
20222,A,골목상권,3110826,장승배기역 4번,4283,2053,2230,311,1009,904,532,569,958,142,451,486,288,271,415,169,558,418,244,298,543,2612,0,2612
20222,A,골목상권,3110827,NH농협은행 상도동지점,2391,1140,1251,188,503,419,317,362,602,90,226,211,166,185,262,98,277,208,151,177,340,1436,0,1436
20222,A,골목상권,3110828,노량진역 6번,7081,3628,3453,470,1331,1082,886,1215,2097,244,702,634,497,628,923,226,629,448,389,587,1174,4212,0,4212
20222,A,골목상권,3110829,장승배기역 5번,3007,1526,1481,234,414,394,371,588,1006,123,230,231,191,299,452,111,184,163,180,289,554,1658,0,1658
20222,A,골목상권,3110830,상도초등학교,4133,2032,2101,484,594,651,609,629,1166,256,289,358,324,292,513,228,305,293,285,337,653,2109,0,2109
20222,A,골목상권,3110831,상도4동주민센터,2692,1297,1395,359,466,538,403,374,552,202,209,268,201,183,234,157,257,270,202,191,318,1294,0,1294
20222,A,골목상권,3110832,노량진초등학교,3280,1690,1590,228,657,493,421,475,1006,119,365,290,234,248,434,109,292,203,187,227,572,2081,0,2081
20222,A,골목상권,3110833,상도역 2번,2327,1123,1204,370,431,426,367,291,442,192,207,207,187,141,189,178,224,219,180,150,253,1121,0,1121
20222,A,골목상권,3110834,동작구자원봉사센터,1155,629,526,93,320,240,127,144,231,51,166,162,73,69,108,42,154,78,54,75,123,705,0,705
20222,A,골목상권,3110835,상도역 1번,1194,550,644,107,321,225,124,134,283,51,144,108,59,64,124,56,177,117,65,70,159,697,0,697
20222,A,골목상권,3110836,상도역 5번,9098,4469,4629,999,3070,1232,1073,983,1741,479,1604,655,535,440,756,520,1466,577,538,543,985,5244,0,5244
20222,A,골목상권,3110837,숭실대입구역 1번,4197,2006,2191,384,1330,665,459,511,848,198,631,337,224,237,379,186,699,328,235,274,469,2434,0,2434
20222,A,골목상권,3110838,상도1동주민센터앞,117,65,52,5,33,20,11,15,33,3,18,11,8,8,17,2,15,9,3,7,16,74,0,74
20222,A,골목상권,3110839,숭실대입구역 4번,1914,981,933,147,695,277,188,227,380,84,365,158,93,102,179,63,330,119,95,125,201,1183,0,1183
20222,A,골목상권,3110840,중앙대학교,2244,1118,1126,189,795,278,248,264,470,92,412,168,121,118,207,97,383,110,127,146,263,1415,0,1415
20222,A,골목상권,3110841,중대부중,2042,993,1049,160,310,239,309,355,669,84,167,126,171,177,268,76,143,113,138,178,401,1081,0,1081
20222,A,골목상권,3110842,흑리단길,511,237,274,50,85,59,60,91,166,26,37,28,30,49,67,24,48,31,30,42,99,287,0,287
20222,A,골목상권,3110843,사당5동주민센터,1683,792,891,185,302,295,278,223,400,106,136,137,142,103,168,79,166,158,136,120,232,966,0,966
20222,A,골목상권,3110844,흑석2치안센터,833,408,425,69,119,101,104,161,279,39,66,55,55,75,118,30,53,46,49,86,161,410,0,410
20222,A,골목상권,3110845,사당종합체육관,1643,802,841,214,238,223,257,273,438,123,119,119,131,131,179,91,119,104,126,142,259,722,0,722
20222,A,골목상권,3110846,남성역 1번,8998,4253,4745,823,1752,1569,1283,1244,2327,423,778,796,662,591,1003,400,974,773,621,653,1324,4850,0,4850
20222,A,골목상권,3110847,예술인마을,4610,2187,2423,408,824,920,611,709,1138,210,386,478,283,305,525,198,438,442,328,404,613,2213,0,2213
20222,A,골목상권,3110848,양지어린이공원,4871,2347,2524,425,997,925,679,684,1161,203,454,498,359,318,515,222,543,427,320,366,646,2701,0,2701
20222,A,골목상권,3110849,이수역 10번,3100,1528,1572,242,622,546,412,478,800,128,268,279,228,248,377,114,354,267,184,230,423,1849,0,1849
20222,A,골목상권,3110850,사당역 10번,8232,3880,4352,524,2114,1722,1007,989,1876,283,883,897,534,438,845,241,1231,825,473,551,1031,5113,0,5113
20222,A,골목상권,3110851,경문고등학교(동작동성당),3582,1731,1851,336,514,514,490,597,1131,193,262,278,231,286,481,143,252,236,259,311,650,1778,0,1778
20222,A,골목상권,3110852,이수역 9번,1902,903,999,130,385,352,258,268,509,75,165,170,137,126,230,55,220,182,121,142,279,1198,0,1198
20222,A,골목상권,3110853,KT구로지사,2369,1254,1115,135,629,593,269,285,458,64,283,378,151,151,227,71,346,215,118,134,231,1645,0,1645
20222,A,골목상권,3110854,조원동주민센터,2185,1104,1081,212,427,344,317,339,546,119,205,192,148,175,265,93,222,152,169,164,281,1233,0,1233
20222,A,골목상권,3110855,신대방역 2번,4616,2270,2346,326,1380,988,556,525,841,161,592,510,309,289,409,165,788,478,247,236,432,3109,0,3109
20222,A,골목상권,3110856,미성초등학교,4246,2043,2203,469,770,795,606,629,977,226,342,413,344,297,421,243,428,382,262,332,556,2252,0,2252
20222,A,골목상권,3110857,미성동주민센터,5006,2462,2544,646,721,629,778,878,1354,333,359,331,375,437,627,313,362,298,403,441,727,2338,0,2338
20222,A,골목상권,3110858,신대방역 1번,844,420,424,55,260,168,100,90,171,27,120,89,51,49,84,28,140,79,49,41,87,586,0,586
20222,A,골목상권,3110859,난향초등학교,2852,1497,1355,329,364,314,452,474,919,157,207,186,249,263,435,172,157,128,203,211,484,1407,0,1407
20222,A,골목상권,3110860,호림박물관(성보고등학교),2357,1146,1211,190,682,425,312,327,421,97,307,233,161,162,186,93,375,192,151,165,235,1478,0,1478
20222,A,골목상권,3110861,관악구신사동주민센터,7107,3587,3520,631,1750,1213,961,1118,1434,341,869,682,488,548,659,290,881,531,473,570,775,4152,0,4152
20222,A,골목상권,3110862,난곡초등학교(난곡동벽화마을),2335,1157,1178,239,374,347,311,404,660,101,201,200,160,196,299,138,173,147,151,208,361,1181,0,1181
20222,A,골목상권,3110863,난우초등학교,4002,1985,2017,532,594,479,616,689,1092,261,310,247,319,342,506,271,284,232,297,347,586,1873,0,1873
20222,A,골목상권,3110864,신림우방아파트,5054,2528,2526,465,1324,862,677,667,1059,250,610,503,343,332,490,215,714,359,334,335,569,3022,0,3022
20222,A,골목상권,3110865,남강고등학교(남강중학교),8794,4369,4425,1073,1331,1158,1295,1627,2310,580,664,623,668,791,1043,493,667,535,627,836,1267,4205,0,4205
20222,A,골목상권,3110866,난우중학교,5033,2551,2482,528,735,669,732,866,1503,272,388,375,401,421,694,256,347,294,331,445,809,2473,0,2473
20222,A,골목상권,3110867,국제신학대학원대학교(남서울중학교),3553,1786,1767,229,1040,701,395,419,769,103,507,408,214,213,341,126,533,293,181,206,428,2280,0,2280
20222,A,골목상권,3110868,남부초등학교,3126,1560,1566,257,772,550,399,464,684,138,367,307,208,226,314,119,405,243,191,238,370,1864,0,1864
20222,A,골목상권,3110869,"신림역 5번(신림동주민센터, 신림동별빛거리)",11244,5800,5444,441,4403,2831,1283,889,1397,215,2161,1635,706,471,612,226,2242,1196,577,418,785,8805,0,8805
20222,A,골목상권,3110870,신림주공2단지(광신고등학교),2041,1013,1028,183,206,201,315,369,767,100,113,119,170,181,330,83,93,82,145,188,437,934,0,934
20222,A,골목상권,3110871,신원동주민센터,2357,1169,1188,161,550,391,276,320,659,86,275,213,151,160,284,75,275,178,125,160,375,1512,0,1512
20222,A,골목상권,3110872,신림초등학교,2608,1298,1310,247,597,425,380,358,601,124,318,239,192,174,251,123,279,186,188,184,350,1495,0,1495
20222,A,골목상권,3110873,당곡중학교,4600,2271,2329,475,920,682,656,622,1245,256,436,377,318,310,574,219,484,305,338,312,671,2473,0,2473
20222,A,골목상권,3110874,원신초등학교(구세군관악영문교회),2944,1477,1467,176,305,314,374,522,1253,100,155,186,222,283,531,76,150,128,152,239,722,1765,0,1765
20222,A,골목상권,3110875,보라매동주민센터(당곡고등학교),3122,1530,1592,295,659,575,457,413,723,140,330,318,237,188,317,155,329,257,220,225,406,1751,0,1751
20222,A,골목상권,3110876,서원동주민센터(신관중학교),2715,1460,1255,147,835,563,372,290,508,78,450,341,210,153,228,69,385,222,162,137,280,1925,0,1925
20222,A,골목상권,3110877,신림역 8번,3562,1881,1681,107,1367,945,377,288,478,60,660,543,220,169,229,47,707,402,157,119,249,2898,0,2898
20222,A,골목상권,3110878,미림여고,1788,931,857,218,234,239,267,296,534,116,140,137,140,137,261,102,94,102,127,159,273,790,0,790
20222,A,골목상권,3110879,신림현대아파트,1624,860,764,86,258,227,235,276,542,40,138,142,149,144,247,46,120,85,86,132,295,1092,0,1092
20222,A,골목상권,3110880,신림역 1번,1373,662,711,61,540,257,138,148,229,35,241,150,74,63,99,26,299,107,64,85,130,959,0,959
20222,A,골목상권,3110881,구립대학경로당(관악산샘말공원),10081,6426,3655,510,3011,2264,1553,1244,1499,272,1825,1577,1154,857,741,238,1186,687,399,387,758,7777,0,7777
20222,A,골목상권,3110882,신성초등학교,5190,3006,2184,375,1446,1101,725,637,906,188,799,718,486,379,436,187,647,383,239,258,470,3577,0,3577
20222,A,골목상권,3110883,은천초등학교(은천교앞),4677,2331,2346,410,1008,836,606,595,1222,213,475,480,335,292,536,197,533,356,271,303,686,2668,0,2668
20222,A,골목상권,3110884,봉천역 4번(봉천110안전센터),1287,648,639,93,389,221,151,157,276,51,183,117,90,79,128,42,206,104,61,78,148,827,0,827
20222,A,골목상권,3110885,영락고등학교,7472,3898,3574,647,1691,1430,1046,1016,1642,329,877,839,582,517,754,318,814,591,464,499,888,4361,0,4361
20222,A,골목상권,3110886,관악해태어린이공원,3465,2216,1249,156,1264,885,471,301,388,82,779,617,349,193,196,74,485,268,122,108,192,2813,0,2813
20222,A,골목상권,3110887,서울산업정보학교(서울삼성초등학교),1891,1198,693,125,691,390,247,160,278,59,472,287,161,97,122,66,219,103,86,63,156,1392,0,1392
20222,A,골목상권,3110888,청룡동주민센터,1490,742,748,88,337,230,196,212,427,56,157,119,103,118,189,32,180,111,93,94,238,1027,0,1027
20222,A,골목상권,3110889,봉천역 6번,2307,1143,1164,210,610,444,301,236,506,124,261,245,162,115,236,86,349,199,139,121,270,1347,0,1347
20222,A,골목상권,3110890,봉천역 1번(관악초등학교),3213,1514,1699,167,1225,697,308,312,504,83,513,379,152,153,234,84,712,318,156,159,270,2373,0,2373
20222,A,골목상권,3110891,구암초등학교,733,351,382,106,91,94,113,107,222,49,38,53,58,55,98,57,53,41,55,52,124,336,0,336
20222,A,골목상권,3110892,관악구 중앙길,11824,5740,6084,838,3138,2210,1383,1509,2746,430,1349,1228,760,747,1226,408,1789,982,623,762,1520,7180,0,7180
20222,A,골목상권,3110893,관악소방서(문영여고),268,134,134,27,87,41,32,36,45,12,45,21,14,17,25,15,42,20,18,19,20,164,0,164
20222,A,골목상권,3110894,관악동부센트레빌아파트(은천로35라길),1733,826,907,224,306,289,280,228,406,114,131,162,144,108,167,110,175,127,136,120,239,820,0,820
20222,A,골목상권,3110895,샤로수길,8549,4308,4241,730,2762,1672,1004,843,1538,378,1327,959,523,433,688,352,1435,713,481,410,850,5577,0,5577
20222,A,골목상권,3110896,관악우성아파트,270,138,132,27,46,34,34,44,85,16,28,19,21,17,37,11,18,15,13,27,48,152,0,152
20222,A,골목상권,3110897,서울대입구역 8번,5412,2682,2730,338,1514,1060,604,624,1272,170,710,571,329,327,575,168,804,489,275,297,697,3553,0,3553
20222,A,골목상권,3110898,청림동주민센터(상도중학교),2329,1168,1161,335,309,300,329,410,646,160,180,168,164,200,296,175,129,132,165,210,350,992,0,992
20222,A,골목상권,3110899,낙성대역 5번(관악중학교),3090,1481,1609,152,1047,810,338,259,484,80,453,447,171,119,211,72,594,363,167,140,273,2234,0,2234
20222,A,골목상권,3110900,낙성대역 1번(관악구민 종합체육센터),6186,3134,3052,486,1842,1363,783,640,1072,249,913,733,433,326,480,237,929,630,350,314,592,3992,0,3992
20222,A,골목상권,3110901,인헌고등학교(인헌중학교),4807,2265,2542,471,999,858,648,687,1144,232,445,437,321,327,503,239,554,421,327,360,641,2485,0,2485
20222,A,골목상권,3110902,사당역 4번,9756,4618,5138,766,2281,2056,1122,1322,2209,374,999,1074,589,595,987,392,1282,982,533,727,1222,5442,0,5442
20222,A,골목상권,3110903,방배아이파크아파트,4114,1903,2211,726,611,501,728,717,831,351,279,242,317,349,365,375,332,259,411,368,466,1661,0,1661
20222,A,골목상권,3110904,이수역 5번,1017,456,561,126,161,190,168,150,222,59,69,87,74,67,100,67,92,103,94,83,122,486,0,486
20222,A,골목상권,3110905,방배노인종합복지관(이수중학교),3801,1752,2049,560,561,609,579,590,902,282,273,295,249,271,382,278,288,314,330,319,520,1635,0,1635
20222,A,골목상권,3110906,서문여고,1203,516,687,215,166,165,231,190,236,80,76,68,105,90,97,135,90,97,126,100,139,501,0,501
20222,A,골목상권,3110907,방배초등학교,3518,1614,1904,699,482,482,693,489,673,311,207,238,304,245,309,388,275,244,389,244,364,1441,0,1441
20222,A,골목상권,3110908,구반포역,216,107,109,36,32,14,45,43,46,21,15,6,16,23,26,15,17,8,29,20,20,81,0,81
20222,A,골목상권,3110909,남태령역(서울전자고등학교),778,382,396,88,99,99,110,135,247,48,59,50,57,63,105,40,40,49,53,72,142,362,0,362
20222,A,골목상권,3110910,내방역 5번,2365,1058,1307,383,346,519,430,270,417,193,144,246,184,120,171,190,202,273,246,150,246,1168,0,1168
20222,A,골목상권,3110911,방배배수지체육공원,126,69,57,16,4,16,15,17,58,9,2,9,12,8,29,7,2,7,3,9,29,72,0,72
20222,A,골목상권,3110912,방배동사이길,317,145,172,51,44,49,49,48,76,24,22,22,25,24,28,27,22,27,24,24,48,146,0,146
20222,A,골목상권,3110913,방현초등학교(방배119안전센터),3887,1879,2008,503,569,578,590,636,1011,240,306,303,287,290,453,263,263,275,303,346,558,1749,0,1749
20222,A,골목상권,3110914,내방역 6번,359,170,189,57,42,71,54,42,93,26,21,32,30,18,43,31,21,39,24,24,50,150,0,150
20222,A,골목상권,3110915,서래초등학교,1499,705,794,335,189,162,269,242,302,172,93,70,121,112,137,163,96,92,148,130,165,542,0,542
20222,A,골목상권,3110916,내방역 4번,3971,1824,2147,542,630,770,660,534,835,283,290,344,308,236,363,259,340,426,352,298,472,1829,0,1829
20222,A,골목상권,3110917,서초소방서,930,430,500,168,121,148,170,137,186,85,60,60,76,69,80,83,61,88,94,68,106,370,0,370
20222,A,골목상권,3110918,방배역 3번,3012,1396,1616,431,472,559,491,427,632,225,220,264,222,186,279,206,252,295,269,241,353,1298,0,1298
20222,A,골목상권,3110919,내방역 8번,3127,1475,1652,537,469,442,544,523,612,292,227,180,232,256,288,245,242,262,312,267,324,1195,0,1195
20222,A,골목상권,3110920,방배역 2번(백석예술대학교),130,67,63,23,24,22,17,26,18,14,12,11,9,12,9,9,12,11,8,14,9,53,0,53
20222,A,골목상권,3110921,서울프랑스학교,1150,526,624,226,135,145,223,173,248,112,67,61,96,76,114,114,68,84,127,97,134,443,0,443
20222,A,골목상권,3110922,내방역 1번,2738,1257,1481,421,417,548,441,340,571,225,193,242,199,148,250,196,224,306,242,192,321,1261,0,1261
20222,A,골목상권,3110923,방배역 1번,463,205,258,57,69,71,75,60,131,29,29,31,35,28,53,28,40,40,40,32,78,189,0,189
20222,A,골목상권,3110924,반포4동주민센터(몽마르뜨공원),2470,1144,1326,427,320,363,465,332,563,227,149,157,218,148,245,200,171,206,247,184,318,1118,0,1118
20222,A,골목상권,3110925,서초중학교,3056,1502,1554,469,511,447,527,475,627,275,275,208,247,221,276,194,236,239,280,254,351,1263,0,1263
20222,A,골목상권,3110926,신중초등학교,3766,1799,1967,646,608,588,627,563,734,354,272,279,295,275,324,292,336,309,332,288,410,1596,0,1596
20222,A,골목상권,3110927,잠원역,273,126,147,29,20,44,40,48,92,16,8,22,19,21,40,13,12,22,21,27,52,152,0,152
20222,A,골목상권,3110928,서초우방유쉘아파트,435,220,215,57,85,93,61,42,97,29,43,46,37,22,43,28,42,47,24,20,54,234,0,234
20222,A,골목상권,3110929,남부터미널역 1번,4258,2079,2179,761,539,675,789,586,908,398,265,331,385,277,423,363,274,344,404,309,485,1776,0,1776
20222,A,골목상권,3110930,서초동성당,1972,950,1022,361,265,327,356,298,365,180,139,136,174,150,171,181,126,191,182,148,194,825,0,825
20222,A,골목상권,3110931,삼성전자서울R&D(서울우면초등학교),160,79,81,29,16,17,30,22,46,17,4,10,16,9,23,12,12,7,14,13,23,66,0,66
20222,A,골목상권,3110932,서울시인재개발원,652,301,351,136,95,104,138,95,84,63,44,45,68,49,32,73,51,59,70,46,52,281,0,281
20222,A,골목상권,3110933,한국상담대학원대학교,450,234,216,101,46,76,76,71,80,60,25,30,41,36,42,41,21,46,35,35,38,163,0,163
20222,A,골목상권,3110934,우면주공아파트,2801,1402,1399,358,376,469,429,385,784,214,202,248,237,178,323,144,174,221,192,207,461,1300,0,1300
20222,A,골목상권,3110935,한전아트센터,1076,532,544,161,165,169,183,178,220,91,90,78,87,84,102,70,75,91,96,94,118,461,0,461
20222,A,골목상권,3110936,더케이호텔(양재리본타워2단지아파트),885,431,454,99,143,167,125,148,203,55,71,84,56,70,95,44,72,83,69,78,108,425,0,425
20222,A,골목상권,3110937,방아다리근린공원(횃불트리니티신학대학원대학교),482,234,248,60,59,81,55,58,169,28,29,43,21,28,85,32,30,38,34,30,84,191,0,191
20222,A,골목상권,3110938,바우뫼공원,754,360,394,91,117,165,115,112,154,45,57,82,51,51,74,46,60,83,64,61,80,385,0,385
20222,A,골목상권,3110939,양재역 8번(양재동우체국),6198,2936,3262,652,996,1343,900,882,1425,338,460,691,423,403,621,314,536,652,477,479,804,3102,0,3102
20222,A,골목상권,3110940,양재근린공원(양재2동주민센터),1099,533,566,148,168,251,166,150,216,66,84,138,75,78,92,82,84,113,91,72,124,531,0,531
20222,A,골목상권,3110941,언남고등학교,854,439,415,98,134,180,131,135,176,52,61,100,67,72,87,46,73,80,64,63,89,425,0,425
20222,A,골목상권,3110942,염곡동 구룡사(포이동성당),8496,4226,4270,1148,1322,1749,1412,1266,1599,588,701,901,730,594,712,560,621,848,682,672,887,3987,0,3987
20222,A,골목상권,3110943,법제교육센터(버들어린이공원),1580,778,802,226,237,296,287,240,294,114,113,158,144,116,133,112,124,138,143,124,161,756,0,756
20222,A,골목상권,3110944,서울나래학교(염곡어린이공원),633,317,316,69,62,74,89,114,225,34,30,44,45,49,115,35,32,30,44,65,110,318,0,318
20222,A,골목상권,3110945,본마을노인복지센터(서초구립내곡도서관),297,153,144,26,30,38,44,43,116,13,12,22,23,21,62,13,18,16,21,22,54,146,0,146
20222,A,골목상권,3110946,청계산원터골,100,51,49,6,6,13,15,14,46,5,3,5,9,6,23,1,3,8,6,8,23,44,0,44
20222,A,골목상권,3110947,청계산입구역 2번(내곡동주민센터),357,182,175,30,33,55,46,47,146,21,18,27,25,18,73,9,15,28,21,29,73,181,0,181
20222,A,골목상권,3110948,헌인가구단지,154,112,42,32,31,10,7,23,51,30,29,7,4,15,27,2,2,3,3,8,24,54,0,54
20222,A,골목상권,3110949,한남IC,564,275,289,72,98,124,101,74,95,40,40,58,51,37,49,32,58,66,50,37,46,281,0,281
20222,A,골목상권,3110950,논현역 7번,839,382,457,104,109,121,156,126,223,47,52,52,63,58,110,57,57,69,93,68,113,338,0,338
20222,A,골목상권,3110951,신사은행나무공원,929,419,510,100,185,213,146,95,190,56,86,90,61,40,86,44,99,123,85,55,104,557,0,557
20222,A,골목상권,3110952,논현목련공원,868,389,479,57,211,243,125,78,154,33,88,115,56,31,66,24,123,128,69,47,88,571,0,571
20222,A,골목상권,3110953,학동근린공원,907,399,508,105,131,201,123,136,211,41,63,81,60,60,94,64,68,120,63,76,117,442,0,442
20222,A,골목상권,3110954,국기원,448,232,216,35,115,146,63,34,55,19,59,82,28,15,29,16,56,64,35,19,26,303,0,303
20222,A,골목상권,3110955,논현초등학교,7026,3311,3715,449,1586,1921,1170,750,1150,210,704,928,582,361,526,239,882,993,588,389,624,4495,0,4495
20222,A,골목상권,3110956,언주역 8번,588,290,298,44,132,164,80,56,112,15,61,93,43,29,49,29,71,71,37,27,63,384,0,384
20222,A,골목상권,3110957,언북중학교,1761,797,964,137,300,454,311,214,345,77,127,195,167,98,133,60,173,259,144,116,212,1088,0,1088
20222,A,골목상권,3110958,역삼역 4번,821,434,387,54,152,248,121,111,135,32,82,130,63,64,63,22,70,118,58,47,72,512,0,512
20222,A,골목상권,3110959,신구중학교,361,168,193,54,55,51,81,44,76,30,24,22,41,22,29,24,31,29,40,22,47,170,0,170
20222,A,골목상권,3110960,은광여고,807,400,407,79,187,225,99,92,125,40,84,117,51,48,60,39,103,108,48,44,65,476,0,476
20222,A,골목상권,3110961,언주역 3번,2120,980,1140,176,422,563,364,255,340,78,180,263,182,124,153,98,242,300,182,131,187,1314,0,1314
20222,A,골목상권,3110962,도산공원북측,30,13,17,2,5,11,4,2,6,2,2,5,2,0,2,0,3,6,2,2,4,16,0,16
20222,A,골목상권,3110963,역삼월드메르디앙아파트,1722,801,921,221,291,374,308,221,307,113,130,176,146,97,139,108,161,198,162,124,168,873,0,873
20222,A,골목상권,3110964,싸리고개근린공원,866,401,465,136,96,116,141,128,249,56,49,53,66,63,114,80,47,63,75,65,135,370,0,370
20222,A,골목상권,3110965,언주역 6번,2245,1052,1193,160,455,691,392,234,313,76,196,330,184,136,130,84,259,361,208,98,183,1500,0,1500
20222,A,골목상권,3110966,논현2동주민센터,2811,1217,1594,293,532,612,495,360,519,149,208,266,223,163,208,144,324,346,272,197,311,1558,0,1558
20222,A,골목상권,3110967,역삼역 8번,1279,615,664,99,234,354,249,158,185,48,108,169,119,86,85,51,126,185,130,72,100,864,0,864
20222,A,골목상권,3110968,강남구청역 2번,549,253,296,50,99,136,99,64,101,29,48,63,40,29,44,21,51,73,59,35,57,314,0,314
20222,A,골목상권,3110969,베르사이유1아파트,1202,609,593,99,227,329,215,161,171,44,108,166,118,94,79,55,119,163,97,67,92,754,0,754
20222,A,골목상권,3110970,학동초등학교,1015,469,546,113,175,279,149,139,160,60,83,120,69,67,70,53,92,159,80,72,90,540,0,540
20222,A,골목상권,3110971,선정릉역 4번,3870,1781,2089,228,782,1162,697,451,550,109,307,536,353,239,237,119,475,626,344,212,313,2549,0,2549
20222,A,골목상권,3110972,강남세브란스병원미래의학연구센터,1921,869,1052,226,324,438,302,247,384,114,136,201,138,106,174,112,188,237,164,141,210,1003,0,1003
20222,A,골목상권,3110973,강남구청역 4번,2295,1070,1225,438,328,391,457,301,380,240,146,165,207,143,169,198,182,226,250,158,211,952,0,952
20222,A,골목상권,3110974,언주중학교,1463,654,809,224,266,309,282,189,193,124,110,119,131,91,79,100,156,190,151,98,114,765,0,765
20222,A,골목상권,3110975,매봉역 1번,890,417,473,121,142,116,109,159,243,58,76,52,44,70,117,63,66,64,65,89,126,353,0,353
20222,A,골목상권,3110976,언북초등학교,2022,876,1146,270,397,432,328,248,347,126,150,182,158,121,139,144,247,250,170,127,208,1080,0,1080
20222,A,골목상권,3110977,논현로18길,691,336,355,81,99,148,96,117,150,38,55,76,52,49,66,43,44,72,44,68,84,340,0,340
20222,A,골목상권,3110978,도곡2동주민센터(대치중학교),356,154,202,31,19,45,75,61,125,17,8,18,31,29,51,14,11,27,44,32,74,255,0,255
20222,A,골목상권,3110979,청담초등학교,1131,525,606,232,133,123,184,180,279,112,71,43,82,85,132,120,62,80,102,95,147,397,0,397
20222,A,골목상권,3110980,개포지구대옆,2629,1270,1359,393,371,387,445,447,586,209,177,201,202,217,264,184,194,186,243,230,322,1125,0,1125
20222,A,골목상권,3110981,국악고교사거리,2118,1057,1061,303,333,373,344,391,374,162,185,183,168,189,170,141,148,190,176,202,204,907,0,907
20222,A,골목상권,3110982,강남구보훈회관,827,387,440,135,131,161,156,93,151,71,62,74,62,51,67,64,69,87,94,42,84,406,0,406
20222,A,골목상권,3110983,국립국악고등학교,2703,1266,1437,409,408,315,518,496,557,194,194,146,234,251,247,215,214,169,284,245,310,1231,0,1231
20222,A,골목상권,3110984,포이초등학교(개포목련어린이공원),4267,2104,2163,618,656,716,703,725,849,313,346,379,328,366,372,305,310,337,375,359,477,1912,0,1912
20222,A,골목상권,3110985,청담근린공원,956,448,508,110,162,187,153,141,203,65,73,98,58,65,89,45,89,89,95,76,114,480,0,480
20222,A,골목상권,3110986,삼성중앙역 7번,724,321,403,92,119,168,144,85,116,47,47,70,70,38,49,45,72,98,74,47,67,396,0,396
20222,A,골목상권,3110987,영동대교남단,491,229,262,78,77,79,72,81,104,41,31,37,31,36,53,37,46,42,41,45,51,199,0,199
20222,A,골목상권,3110988,청담역 3번,1318,663,655,224,162,136,198,206,392,142,88,63,89,103,178,82,74,73,109,103,214,474,0,474
20222,A,골목상권,3110989,대치동아우편취급국,1588,750,838,205,269,360,344,211,199,95,137,166,156,107,89,110,132,194,188,104,110,904,0,904
20222,A,골목상권,3110990,청담역 12번,158,73,85,12,33,26,16,23,48,5,20,10,7,13,18,7,13,16,9,10,30,77,0,77
20222,A,골목상권,3110991,삼성중앙역 5번,330,154,176,41,35,54,50,52,98,20,20,19,21,27,47,21,15,35,29,25,51,154,0,154
20222,A,골목상권,3110992,도곡초등학교,7894,3676,4218,1431,1250,1132,1562,1292,1227,754,628,517,630,619,528,677,622,615,932,673,699,3681,0,3681
20222,A,골목상권,3110993,개포지하차도 북측,234,121,113,27,36,39,33,42,57,14,24,25,14,21,23,13,12,14,19,21,34,119,0,119
20222,A,골목상권,3110994,개포고등학교,1777,891,886,275,226,239,263,285,489,152,132,126,122,134,225,123,94,113,141,151,264,797,0,797
20222,A,골목상권,3110995,봉은사역 4번,2802,1348,1454,474,414,417,431,456,610,249,214,200,199,204,282,225,200,217,232,252,328,1097,0,1097
20222,A,골목상권,3110996,대치2동주민센터,1368,679,689,242,147,119,295,226,339,149,81,51,137,110,151,93,66,68,158,116,188,664,0,664
20222,A,골목상권,3110997,대청초등학교,7187,3566,3621,1042,1264,1174,1052,1114,1541,566,637,592,515,547,709,476,627,582,537,567,832,3441,0,3441
20222,A,골목상권,3110998,은곡마을(은곡마을공원),609,294,315,98,81,172,114,73,71,47,43,81,57,34,32,51,38,91,57,39,39,312,0,312
20222,A,골목상권,3110999,윗방죽마을공원,3223,1492,1731,168,715,1000,472,304,564,95,257,458,252,181,249,73,458,542,220,123,315,2418,0,2418
20222,A,골목상권,3111000,대왕초등학교(세곡동사거리서남측),435,209,226,58,37,69,54,59,158,26,22,31,31,26,73,32,15,38,23,33,85,196,0,196
20222,A,골목상권,3111001,아래방죽마을공원(율현초등학교),1639,807,832,292,220,402,281,190,254,154,101,194,151,94,113,138,119,208,130,96,141,777,0,777
20222,A,골목상권,3111003,삼전역 4번,10844,5106,5738,1380,1881,2343,1717,1544,1979,676,845,1162,819,715,889,704,1036,1181,898,829,1090,5373,0,5373
20222,A,골목상권,3111004,삼전역 1번,9985,4642,5343,977,1835,2173,1620,1450,1930,503,800,1025,756,682,876,474,1035,1148,864,768,1054,5691,0,5691
20222,A,골목상권,3111005,삼전역 3번,8660,4131,4529,1040,1475,1740,1393,1294,1718,536,686,857,693,594,765,504,789,883,700,700,953,4280,0,4280
20222,A,골목상권,3111006,석촌고분역 1번,8763,4032,4731,957,1561,1870,1467,1221,1687,480,670,917,677,555,733,477,891,953,790,666,954,4597,0,4597
20222,A,골목상권,3111007,석촌고분역 4번,8268,3903,4365,1118,1321,1801,1398,1094,1536,584,600,894,650,506,669,534,721,907,748,588,867,4119,0,4119
20222,A,골목상권,3111008,석촌고분역 3번,4837,2348,2489,583,782,981,765,670,1056,314,383,481,374,329,467,269,399,500,391,341,589,2338,0,2338
20222,A,골목상권,3111009,송파책박물관,1111,571,540,110,197,182,152,206,264,67,100,98,83,93,130,43,97,84,69,113,134,523,0,523
20222,A,골목상권,3111010,석촌역 7번,8953,4188,4765,894,1672,2230,1348,1164,1645,431,714,1091,670,543,739,463,958,1139,678,621,906,4884,0,4884
20222,A,골목상권,3111011,잠실나루역,301,150,151,68,32,40,71,32,58,39,16,18,35,15,27,29,16,22,36,17,31,102,0,102
20222,A,골목상권,3111012,석촌역 6번,6266,3006,3260,727,965,1218,991,938,1427,373,437,590,477,479,650,354,528,628,514,459,777,3287,0,3287
20222,A,골목상권,3111013,송파나루역 1번(송리단길),8690,4043,4647,840,1636,2026,1225,1201,1762,401,735,1010,558,531,808,439,901,1016,667,670,954,4484,0,4484
20222,A,골목상권,3111014,송파나루역 2번,3154,1520,1634,273,577,631,475,488,710,135,282,308,256,224,315,138,295,323,219,264,395,1683,0,1683
20222,A,골목상권,3111015,석촌역 3번,10401,4877,5524,1135,1972,2356,1506,1460,1972,575,863,1138,716,689,896,560,1109,1218,790,771,1076,5279,0,5279
20222,A,골목상권,3111016,송파역 2번,3349,1563,1786,469,547,472,480,536,845,240,252,224,225,258,364,229,295,248,255,278,481,1498,0,1498
20222,A,골목상권,3111017,송파나루역 3번,967,448,519,83,164,223,138,140,219,50,68,113,59,65,93,33,96,110,79,75,126,504,0,504
20222,A,골목상권,3111018,풍납초등학교(풍납백제문화공원),773,402,371,111,90,118,129,135,190,59,57,66,71,67,82,52,33,52,58,68,108,331,0,331
20222,A,골목상권,3111019,한성백제역 3번,8679,4205,4474,1122,1342,1604,1228,1369,2014,629,644,816,588,609,919,493,698,788,640,760,1095,3835,0,3835
20222,A,골목상권,3111020,방이동고분군(방산고등학교),685,337,348,116,120,103,122,109,115,65,55,49,56,56,56,51,65,54,66,53,59,276,0,276
20222,A,골목상권,3111021,방이역 4번,9969,4785,5184,1654,1564,1553,1720,1575,1903,822,804,746,817,734,862,832,760,807,903,841,1041,4179,0,4179
20222,A,골목상권,3111022,석촌중학교(방이육교),2794,1345,1449,379,467,505,402,441,600,182,236,250,189,201,287,197,231,255,213,240,313,1218,0,1218
20222,A,골목상권,3111023,문정역 1번,2005,997,1008,189,412,414,271,306,413,87,210,228,141,141,190,102,202,186,130,165,223,1026,0,1026
20222,A,골목상권,3111024,경찰병원역 4번(건너말공원),1531,784,747,189,277,269,242,238,316,108,136,151,126,119,144,81,141,118,116,119,172,738,0,738
20222,A,골목상권,3111025,경찰병원역 3번,3043,1505,1538,304,592,669,407,462,609,173,285,330,215,218,284,131,307,339,192,244,325,1468,0,1468
20222,A,골목상권,3111026,문정역 2번,4545,2275,2270,643,707,949,723,695,828,331,365,495,366,330,388,312,342,454,357,365,440,1963,0,1963
20222,A,골목상권,3111027,문정초등학교,5416,2676,2740,684,939,1121,773,871,1028,361,459,594,399,390,473,323,480,527,374,481,555,2489,0,2489
20222,A,골목상권,3111028,문현중학교(장지역 1번),1839,936,903,227,359,380,260,265,348,118,182,209,128,142,157,109,177,171,132,123,191,915,0,915
20222,A,골목상권,3111029,오금역 4번,1287,639,648,147,197,201,190,225,327,77,104,97,97,110,154,70,93,104,93,115,173,664,0,664
20222,A,골목상권,3111030,방이역 2번,1884,923,961,275,303,265,281,348,412,149,152,126,132,174,190,126,151,139,149,174,222,803,0,803
20222,A,골목상권,3111031,장지동주민센터(한림연예예술고교),3628,1765,1863,576,517,591,612,562,770,284,246,314,303,278,340,292,271,277,309,284,430,1605,0,1605
20222,A,골목상권,3111032,방이역 1번,1705,818,887,275,234,237,222,271,466,131,121,117,105,128,216,144,113,120,117,143,250,636,0,636
20222,A,골목상권,3111033,문정동성당,674,327,347,92,106,106,106,109,155,38,53,58,53,50,75,54,53,48,53,59,80,325,0,325
20222,A,골목상권,3111034,오동나무공원(송파레미니스1단지),5033,2437,2596,819,710,795,820,866,1023,434,363,408,394,384,454,385,347,387,426,482,569,2058,0,2058
20222,A,골목상권,3111035,오금공원(오주중학교),3928,1946,1982,520,619,569,612,747,861,267,336,295,293,367,388,253,283,274,319,380,473,1672,0,1672
20222,A,골목상권,3111036,투구봉어린이공원,1369,701,668,202,240,207,219,247,254,100,128,118,113,127,115,102,112,89,106,120,139,570,0,570
20222,A,골목상권,3111037,Sh수협은행 오금동금융센터(아랫말어린이공원),537,282,255,57,88,77,73,114,128,28,52,38,42,56,66,29,36,39,31,58,62,245,0,245
20222,A,골목상권,3111038,보인중학교,2407,1201,1206,336,351,309,378,444,589,183,182,165,190,213,268,153,169,144,188,231,321,1006,0,1006
20222,A,골목상권,3111039,벌말어린이공원,2044,1026,1018,255,280,315,367,342,485,130,146,171,199,164,216,125,134,144,168,178,269,960,0,960
20222,A,골목상권,3111040,거여초등학교,2343,1123,1220,282,372,303,323,452,611,153,207,154,145,192,272,129,165,149,178,260,339,961,0,961
20222,A,골목상권,3111041,거여역 8번,1757,892,865,232,256,198,227,353,491,146,121,106,103,171,245,86,135,92,124,182,246,666,0,666
20222,A,골목상권,3111042,거여역 1번(거여공원),5657,2877,2780,686,778,821,855,1011,1506,361,407,438,446,527,698,325,371,383,409,484,808,2667,0,2667
20222,A,골목상권,3111043,마천공원,3084,1589,1495,363,407,370,432,624,888,209,219,207,218,302,434,154,188,163,214,322,454,1302,0,1302
20222,A,골목상권,3111044,남천초등학교,5036,2514,2522,607,600,590,754,942,1543,280,336,332,393,480,693,327,264,258,361,462,850,2445,0,2445
20222,A,골목상권,3111045,개미어린이공원,2117,1093,1024,247,290,260,285,412,623,132,166,150,143,221,281,115,124,110,142,191,342,1020,0,1020
20222,A,골목상권,3111046,마천역(마천초등학교),8877,4550,4327,1003,1011,1098,1298,1557,2910,505,538,621,684,848,1354,498,473,477,614,709,1556,4437,0,4437
20222,A,골목상권,3111047,마천1치안센터,2487,1328,1159,207,319,299,321,492,849,115,168,179,172,285,409,92,151,120,149,207,440,1315,0,1315
20222,A,골목상권,3111048,천호역 1번(천호문구완구거리),2340,1182,1158,164,332,384,290,430,740,79,176,212,156,219,340,85,156,172,134,211,400,1328,0,1328
20222,A,골목상권,3111049,천호지구대(천호동자전거거리),4059,2023,2036,389,599,930,570,642,929,197,254,497,331,298,446,192,345,433,239,344,483,2053,0,2053
20222,A,골목상권,3111050,강동구청(강동구청역 2번),1004,473,531,169,144,177,142,153,219,76,72,89,69,71,96,93,72,88,73,82,123,412,0,412
20222,A,골목상권,3111051,천호역 6번,6783,3247,3536,541,1208,1188,919,1064,1863,278,501,628,468,522,850,263,707,560,451,542,1013,3895,0,3895
20222,A,골목상권,3111052,암사역 3번(천호동자전거거리),6010,2944,3066,965,791,1212,927,882,1233,472,372,611,503,417,569,493,419,601,424,465,664,2679,0,2679
20222,A,골목상권,3111053,성내천어린이공원(하니사랑길),4507,2189,2318,766,598,680,770,689,1004,409,320,323,366,323,448,357,278,357,404,366,556,1768,0,1768
20222,A,골목상권,3111054,암사역 4번(삼성광나루아파트),441,216,225,50,81,67,70,53,120,25,48,33,34,23,53,25,33,34,36,30,67,234,0,234
20222,A,골목상권,3111055,선사초등학교,105,54,51,14,11,32,17,12,19,10,7,17,7,6,7,4,4,15,10,6,12,60,0,60
20222,A,골목상권,3111056,천호태영아파트,802,306,496,19,330,233,105,60,55,7,85,106,51,27,30,12,245,127,54,33,25,681,0,681
20222,A,골목상권,3111057,천호공원(해공체육문화센터),4221,2130,2091,467,532,639,565,725,1293,243,284,348,292,367,596,224,248,291,273,358,697,2178,0,2178
20222,A,골목상권,3111058,성내중학교,1575,787,788,201,257,266,238,269,344,107,123,138,125,132,162,94,134,128,113,137,182,702,0,702
20222,A,골목상권,3111059,강동역 4번(강풀만화거리),11270,5620,5650,1123,1864,1890,1629,1818,2946,584,888,1015,841,901,1391,539,976,875,788,917,1555,5801,0,5801
20222,A,골목상권,3111060,암사역 2번(서울강동초등학교),9867,4868,4999,1148,1442,1639,1525,1611,2502,591,734,860,766,787,1130,557,708,779,759,824,1372,4684,0,4684
20222,A,골목상권,3111061,암사역 1번,9641,4730,4911,1102,1334,1495,1497,1639,2574,550,677,781,791,793,1138,552,657,714,706,846,1436,4713,0,4713
20222,A,골목상권,3111062,둔촌동역 3번(성내3동주민센터),3532,1774,1758,589,502,430,599,599,813,346,293,214,265,297,359,243,209,216,334,302,454,1406,0,1406
20222,A,골목상권,3111063,강동구립 천호도서관,6177,3062,3115,460,1076,1230,765,913,1733,248,460,652,418,501,783,212,616,578,347,412,950,3706,0,3706
20222,A,골목상권,3111064,둔촌동역 4번,2762,1357,1405,363,460,376,415,498,650,197,249,203,201,231,276,166,211,173,214,267,374,1196,0,1196
20222,A,골목상권,3111065,천일초등학교,2837,1466,1371,292,413,353,394,564,821,151,206,201,224,311,373,141,207,152,170,253,448,1431,0,1431
20222,A,골목상권,3111066,암사동성당(효정하나플러스아파트),5430,2691,2739,577,767,806,808,1016,1456,277,418,414,418,491,673,300,349,392,390,525,783,2600,0,2600
20222,A,골목상권,3111067,강동구립성내도서관,9441,4559,4882,1099,1526,1648,1404,1527,2237,583,763,817,711,697,988,516,763,831,693,830,1249,4459,0,4459
20222,A,골목상권,3111068,강동성심병원,351,165,186,38,58,89,59,48,59,20,25,39,30,22,29,18,33,50,29,26,30,171,0,171
20222,A,골목상권,3111069,천호1동주민센터,5329,2685,2644,552,743,815,820,931,1468,286,384,444,444,454,673,266,359,371,376,477,795,2810,0,2810
20222,A,골목상권,3111070,천호초등학교,2665,1291,1374,363,363,440,430,421,648,172,176,212,236,222,273,191,187,228,194,199,375,1283,0,1283
20222,A,골목상권,3111071,천동초등학교,1313,666,647,177,161,218,193,199,365,91,83,130,102,91,169,86,78,88,91,108,196,531,0,531
20222,A,골목상권,3111072,굽은다리역 1번(십자성마을),7359,3629,3730,932,1030,1148,1132,1177,1940,479,516,620,596,521,897,453,514,528,536,656,1043,3168,0,3168
20222,A,골목상권,3111073,둔촌동역 1번(한산중학교),7108,3505,3603,932,1051,1036,1052,1247,1790,484,504,563,508,627,819,448,547,473,544,620,971,3295,0,3295
20222,A,골목상권,3111074,명일역 1번,2331,1133,1198,364,294,317,437,373,546,190,152,168,213,180,230,174,142,149,224,193,316,964,0,964
20222,A,골목상권,3111075,굽은다리역 2번,4283,2146,2137,472,624,571,569,746,1301,235,322,310,316,367,596,237,302,261,253,379,705,2011,0,2011
20222,A,골목상권,3111076,둔촌2동주민센터,2077,1038,1039,277,315,303,287,369,526,153,158,156,145,183,243,124,157,147,142,186,283,1011,0,1011
20222,A,골목상권,3111077,길동주민센터(강동도서관),11736,5803,5933,1469,1555,1691,1812,2019,3190,784,780,890,934,958,1457,685,775,801,878,1061,1733,5387,0,5387
20222,A,골목상권,3111078,굽은다리역 4번,9399,4627,4772,1035,1454,1414,1392,1591,2513,548,715,728,725,753,1158,487,739,686,667,838,1355,4316,0,4316
20222,A,골목상권,3111079,둔촌고등학교(둔촌중학교),1950,965,985,242,322,252,264,371,499,124,159,139,134,179,230,118,163,113,130,192,269,910,0,910
20222,A,골목상권,3111080,굽은다리역 3번,2995,1448,1547,460,395,414,431,495,800,236,198,228,210,221,355,224,197,186,221,274,445,1228,0,1228
20222,A,골목상권,3111081,둔촌푸르지오아파트,259,113,146,26,50,31,32,50,70,10,25,18,13,19,28,16,25,13,19,31,42,114,0,114
20222,A,골목상권,3111082,중앙보훈병원,1122,539,583,136,186,151,143,204,302,73,90,82,75,82,137,63,96,69,68,122,165,480,0,480
20222,A,골목상권,3111083,GS강동자이아파트,3217,1578,1639,463,469,443,479,581,782,254,241,224,234,280,345,209,228,219,245,301,437,1379,0,1379
20222,A,골목상권,3111084,길동신동아아파트,1001,483,518,163,151,149,150,169,219,93,78,69,68,76,99,70,73,80,82,93,120,354,0,354
20222,A,골목상권,3111085,묘곡초등학교(고덕아이파크아파트),4222,2214,2008,519,593,476,585,813,1236,277,326,286,305,420,600,242,267,190,280,393,636,1980,0,1980
20222,A,골목상권,3111086,한영중고,2403,1173,1230,452,314,279,407,393,558,228,165,150,198,198,234,224,149,129,209,195,324,1056,0,1056
20222,A,골목상권,3111087,고덕중학교(고덕2동주민센터),2415,1285,1130,302,308,290,337,454,724,169,170,171,182,231,362,133,138,119,155,223,362,1224,0,1224
20222,A,골목상권,3111088,고덕동성당,1940,1001,939,202,254,198,245,400,641,104,146,107,135,217,292,98,108,91,110,183,349,967,0,967
20222,A,골목상권,3111089,상일여고(상일초등학교),3621,1856,1765,415,548,429,463,753,1013,209,302,241,251,371,482,206,246,188,212,382,531,1702,0,1702
20222,A,골목상권,3111090,강일동주민센터,1002,537,465,45,271,232,169,134,151,23,122,132,101,78,81,22,149,100,68,56,70,826,0,826
20222,D,발달상권,3120001,서대문역,708,441,267,49,98,92,80,157,232,26,48,54,53,113,147,23,50,38,27,44,85,513,0,513
20222,D,발달상권,3120002,서촌(경복궁역),1589,739,850,192,208,231,235,238,485,104,106,107,113,104,205,88,102,124,122,134,280,798,0,798
20222,D,발달상권,3120003,광화문역,3003,1304,1699,391,388,570,478,433,743,189,153,229,194,196,343,202,235,341,284,237,400,1571,0,1571
20222,D,발달상권,3120004,종로구청,456,231,225,49,45,76,75,80,131,29,18,36,32,47,69,20,27,40,43,33,62,276,0,276
20222,D,발달상권,3120005,삼청동,1166,561,605,123,128,185,171,175,384,66,65,86,86,88,170,57,63,99,85,87,214,582,0,582
20222,D,발달상권,3120006,종각역,431,279,152,11,71,88,67,70,124,6,43,57,42,47,84,5,28,31,25,23,40,356,0,356
20222,D,발달상권,3120007,북촌(안국역),1599,713,886,178,171,174,255,267,554,91,78,79,123,111,231,87,93,95,132,156,323,817,0,817
20222,D,발달상권,3120008,인사동,397,219,178,17,28,75,55,67,155,12,14,36,24,43,90,5,14,39,31,24,65,308,0,308
20222,D,발달상권,3120009,종로3가역,3706,2479,1227,96,369,340,463,780,1658,52,216,223,323,609,1056,44,153,117,140,171,602,3116,0,3116
20222,D,발달상권,3120010,원남동사거리,810,414,396,45,243,128,80,106,208,21,92,70,50,75,106,24,151,58,30,31,102,589,0,589
20222,D,발달상권,3120011,종로4가,937,464,473,137,120,187,130,158,205,65,62,86,69,81,101,72,58,101,61,77,104,368,0,368
20222,D,발달상권,3120012,대학로(혜화역),2009,943,1066,117,671,321,230,275,395,51,274,166,120,148,184,66,397,155,110,127,211,1346,0,1346
20222,D,발달상권,3120013,이화사거리,823,411,412,49,300,169,83,73,149,22,136,84,47,44,78,27,164,85,36,29,71,631,0,631
20222,D,발달상권,3120014,종로5가역,1017,558,459,25,291,171,87,155,288,11,136,104,58,92,157,14,155,67,29,63,131,847,0,847
20222,D,발달상권,3120015,종로6가,145,84,61,9,13,14,13,34,62,3,7,9,7,23,35,6,6,5,6,11,27,101,0,101
20222,D,발달상권,3120016,동대문역,602,418,184,19,42,47,57,134,303,9,27,32,39,102,209,10,15,15,18,32,94,466,0,466
20222,D,발달상권,3120017,동묘앞역(동묘),1020,521,499,67,173,150,146,188,296,30,83,89,72,96,151,37,90,61,74,92,145,703,0,703
20222,D,발달상권,3120018,중림동,1800,1005,795,129,231,370,338,278,454,60,98,180,203,195,269,69,133,190,135,83,185,1266,0,1266
20222,D,발달상권,3120019,경찰청앞교차로,324,143,181,38,40,78,80,41,47,16,11,39,41,15,21,22,29,39,39,26,26,194,0,194
20222,D,발달상권,3120020,시청역_1번,10,5,5,1,2,0,1,5,1,0,2,0,0,2,1,1,0,0,1,3,0,7,0,7
20222,D,발달상권,3120021,시청역_8번,25,16,9,0,2,2,2,4,15,0,2,1,1,2,10,0,0,1,1,2,5,14,0,14
20222,D,발달상권,3120022,북창동(시청역_6번),258,171,87,2,20,39,40,43,114,1,8,30,33,28,71,1,12,9,7,15,43,234,0,234
20222,D,발달상권,3120023,서울시청,19,10,9,1,1,0,4,4,9,0,0,0,3,1,6,1,1,0,1,3,3,14,0,14
20222,D,발달상권,3120024,회현역,1625,814,811,83,119,153,196,230,844,34,45,81,111,119,424,49,74,72,85,111,420,1109,0,1109
20222,D,발달상권,3120026,을지로입구역,66,38,28,4,5,5,6,16,30,2,3,3,2,11,17,2,2,2,4,5,13,48,0,48
20222,D,발달상권,3120027,명동역(명동재미로),1216,577,639,111,130,152,174,204,445,60,51,73,86,97,210,51,79,79,88,107,235,695,0,695
20222,D,발달상권,3120028,명동(명동거리),117,75,42,8,10,14,13,30,42,3,5,10,9,21,27,5,5,4,4,9,15,85,0,85
20222,D,발달상권,3120029,을지로2가,14,9,5,1,1,2,1,3,6,1,1,1,1,2,3,0,0,1,0,1,3,10,0,10
20222,D,발달상권,3120030,중부경찰서(영화인의거리),427,239,188,38,113,96,46,51,83,17,46,62,32,34,48,21,67,34,14,17,35,316,0,316
20222,D,발달상권,3120031,을지로3가역,670,395,275,7,83,114,89,103,274,4,35,62,57,73,164,3,48,52,32,30,110,588,0,588
20222,D,발달상권,3120032,충무로역,2406,1270,1136,144,385,303,297,400,877,78,202,177,174,224,415,66,183,126,123,176,462,1495,0,1495
20222,D,발달상권,3120033,을지로4가역,80,48,32,1,2,12,4,11,50,0,1,9,3,5,30,1,1,3,1,6,20,57,0,57
20222,D,발달상권,3120034,중구청(퇴계로4가),1256,637,619,118,285,292,165,200,196,62,113,168,79,107,108,56,172,124,86,93,88,739,0,739
20222,D,발달상권,3120035,퇴계로5가,389,215,174,11,113,70,43,57,95,6,50,41,28,35,55,5,63,29,15,22,40,288,0,288
20222,D,발달상권,3120036,장충동족발거리(남소영길),310,158,152,34,85,39,38,34,80,19,45,13,23,18,40,15,40,26,15,16,40,208,0,208
20222,D,발달상권,3120037,동대문역사문화공원역,2054,1067,987,106,280,301,238,358,771,52,132,161,127,206,389,54,148,140,111,152,382,1352,0,1352
20222,D,발달상권,3120038,약수역,2176,1022,1154,170,384,277,303,330,712,90,180,129,155,154,314,80,204,148,148,176,398,1252,0,1252
20222,D,발달상권,3120039,신당역,3369,1652,1717,261,748,693,443,553,671,120,328,336,230,291,347,141,420,357,213,262,324,2095,0,2095
20222,D,발달상권,3120040,용산전자상가(용산역),1415,800,615,104,191,347,254,198,321,55,102,193,167,124,159,49,89,154,87,74,162,843,0,843
20222,D,발달상권,3120041,신용산역(용산역),7176,3373,3803,667,1287,1849,993,1170,1210,344,524,865,477,558,605,323,763,984,516,612,605,4109,0,4109
20222,D,발달상권,3120042,"숙대입구역(남영역, 남영동)",316,158,158,9,89,82,49,43,44,5,37,37,28,27,24,4,52,45,21,16,20,261,0,261
20222,D,발달상권,3120043,서울역,878,774,104,6,11,34,100,279,448,2,6,32,86,265,383,4,5,2,14,14,65,836,0,836
20222,D,발달상권,3120044,삼각지역,1708,894,814,141,284,357,207,266,453,74,160,198,113,134,215,67,124,159,94,132,238,1029,0,1029
20222,D,발달상권,3120045,남영동 먹자골목,634,408,226,22,69,89,108,141,205,11,39,53,84,102,119,11,30,36,24,39,86,487,0,487
20222,D,발달상권,3120046,이태원(이태원역),2689,1360,1329,190,475,595,399,385,645,100,235,340,205,191,289,90,240,255,194,194,356,1705,0,1705
20222,D,발달상권,3120047,한남오거리,1746,794,952,142,229,405,334,234,402,64,113,178,152,110,177,78,116,227,182,124,225,1075,0,1075
20222,D,발달상권,3120048,금호역,1469,733,736,113,224,187,213,259,473,64,125,98,107,132,207,49,99,89,106,127,266,787,0,787
20222,D,발달상권,3120049,왕십리역(왕십리),2400,1136,1264,151,1070,392,196,218,373,73,465,215,95,104,184,78,605,177,101,114,189,1765,0,1765
20222,D,발달상권,3120050,서울숲역,884,435,449,88,188,194,116,136,162,44,90,103,55,70,73,44,98,91,61,66,89,491,0,491
20222,D,발달상권,3120051,뚝섬역,2209,1100,1109,231,362,394,341,361,520,116,159,194,174,208,249,115,203,200,167,153,271,1248,0,1248
20222,D,발달상권,3120052,성수역,1062,596,466,70,216,201,151,191,233,38,94,117,89,127,131,32,122,84,62,64,102,722,0,722
20222,D,발달상권,3120053,건대입구역(건대),4276,1997,2279,191,1304,696,442,444,1199,91,566,366,223,229,522,100,738,330,219,215,677,2966,0,2966
20222,D,발달상권,3120054,어린이대공원역,4222,1933,2289,344,1424,876,484,462,632,166,533,437,250,248,299,178,891,439,234,214,333,2832,0,2832
20222,D,발달상권,3120055,군자역,6446,2864,3582,429,1755,1456,744,836,1226,215,608,632,382,426,601,214,1147,824,362,410,625,4160,0,4160
20222,D,발달상권,3120056,구의역,4390,1983,2407,252,1399,1089,565,459,626,137,523,505,291,234,293,115,876,584,274,225,333,3114,0,3114
20222,D,발달상권,3120057,아차산역,3492,1639,1853,390,574,641,471,592,824,211,235,305,243,273,372,179,339,336,228,319,452,1831,0,1831
20222,D,발달상권,3120058,구의사거리,1867,938,929,245,298,318,284,271,451,131,159,157,144,141,206,114,139,161,140,130,245,925,0,925
20222,D,발달상권,3120059,구삼강변맛길,4389,2089,2300,686,714,605,774,740,870,323,324,281,360,387,414,363,390,324,414,353,456,1946,0,1946
20222,D,발달상권,3120060,강변역(테크노마트),5,4,1,0,0,1,0,1,3,0,0,1,0,0,3,0,0,0,0,1,0,5,0,5
20222,D,발달상권,3120061,올림픽대교북단,234,99,135,16,48,59,32,35,44,3,20,26,14,17,19,13,28,33,18,18,25,156,0,156
20222,D,발달상권,3120062,신설동역,3593,1835,1758,117,1175,721,424,483,673,62,396,369,273,335,400,55,779,352,151,148,273,2999,0,2999
20222,D,발달상권,3120063,청량리역(청량리),1404,821,583,60,259,190,159,266,470,25,112,94,108,174,308,35,147,96,51,92,162,1025,0,1025
20222,D,발달상권,3120064,경희대학교(경희대),691,331,360,66,246,90,78,81,130,25,105,54,36,46,65,41,141,36,42,35,65,481,0,481
20222,D,발달상권,3120065,회기역,2091,940,1151,186,832,359,222,171,321,88,316,188,108,86,154,98,516,171,114,85,167,1486,0,1486
20222,D,발달상권,3120066,장한평역(장한평),4543,2353,2190,276,1157,1067,622,625,796,137,465,579,364,365,443,139,692,488,258,260,353,3035,0,3035
20222,D,발달상권,3120067,장안동사거리,6314,3185,3129,764,1118,1377,1043,888,1124,407,473,721,560,478,546,357,645,656,483,410,578,3467,0,3467
20222,D,발달상권,3120068,사가정역,706,362,344,20,68,121,114,128,255,11,30,68,63,73,117,9,38,53,51,55,138,530,0,530
20222,D,발달상권,3120069,상봉역,6439,2955,3484,699,1444,1203,920,959,1214,344,527,563,447,485,589,355,917,640,473,474,625,3444,0,3444
20222,D,발달상권,3120070,한성대입구역,1072,508,564,91,223,155,155,153,295,48,87,75,87,80,131,43,136,80,68,73,164,701,0,701
20222,D,발달상권,3120071,성북구청,1059,457,602,66,344,219,128,131,171,34,119,93,66,72,73,32,225,126,62,59,98,746,0,746
20222,D,발달상권,3120072,성신여대,3093,1168,1925,171,1239,563,320,312,488,77,304,245,150,171,221,94,935,318,170,141,267,2335,0,2335
20222,D,발달상권,3120073,미아사거리,982,465,517,51,188,120,124,179,320,23,71,59,67,97,148,28,117,61,57,82,172,685,0,685
20222,D,발달상권,3120074,안암역,420,187,233,26,224,46,22,35,67,10,99,24,9,19,26,16,125,22,13,16,41,333,0,333
20222,D,발달상권,3120075,월곡역,2247,1023,1224,246,584,329,295,340,453,118,206,171,135,179,214,128,378,158,160,161,239,1269,0,1269
20222,D,발달상권,3120076,수유역,5624,2866,2758,280,1332,1013,892,892,1215,144,501,564,511,518,628,136,831,449,381,374,587,4009,0,4009
20222,D,발달상권,3120077,미아역,1777,907,870,153,325,208,251,332,508,83,141,116,137,180,250,70,184,92,114,152,258,1077,0,1077
20222,D,발달상권,3120078,미아사거리역,527,257,270,34,74,72,66,95,186,21,32,36,31,45,92,13,42,36,35,50,94,322,0,322
20222,D,발달상권,3120079,창동역,515,316,199,17,136,85,89,101,87,13,58,52,55,73,65,4,78,33,34,28,22,450,0,450
20222,D,발달상권,3120080,마들역,3,2,1,0,0,0,0,0,3,0,0,0,0,0,2,0,0,0,0,0,1,3,0,3
20222,D,발달상권,3120081,노원역,1060,611,449,48,260,180,152,194,226,20,104,112,96,134,145,28,156,68,56,60,81,855,0,855
20222,D,발달상권,3120082,상계백병원,80,31,49,11,19,14,13,11,12,6,6,5,6,5,3,5,13,9,7,6,9,47,0,47
20222,D,발달상권,3120083,등나무근린공원,1535,719,816,322,218,217,379,269,130,154,99,105,174,127,60,168,119,112,205,142,70,633,0,633
20222,D,발달상권,3120084,공릉역,1609,813,796,135,340,216,231,269,418,72,175,108,127,138,193,63,165,108,104,131,225,1077,0,1077
20222,D,발달상권,3120085,은행사거리,191,89,102,57,19,19,55,25,16,27,8,8,28,11,7,30,11,11,27,14,9,100,0,100
20222,D,발달상권,3120086,태릉입구역,1636,778,858,166,479,250,223,257,261,89,155,128,119,150,137,77,324,122,104,107,124,934,0,934
20222,D,발달상권,3120087,응암역,2245,1003,1242,194,469,473,349,299,461,102,172,216,166,148,199,92,297,257,183,151,262,1374,0,1374
20222,D,발달상권,3120088,구산역,1660,758,902,257,273,215,297,257,361,102,113,110,127,142,164,155,160,105,170,115,197,772,0,772
20222,D,발달상권,3120089,구파발역,3135,1406,1729,553,538,884,567,301,292,283,178,380,280,155,130,270,360,504,287,146,162,1612,0,1612
20222,D,발달상권,3120090,연신내역,2993,1366,1627,138,1003,626,339,331,556,70,383,305,172,171,265,68,620,321,167,160,291,2194,0,2194
20222,D,발달상권,3120091,본서부병원,3435,1517,1918,390,743,609,553,465,675,206,257,273,276,223,282,184,486,336,277,242,393,1936,0,1936
20222,D,발달상권,3120092,불광역,1284,614,670,74,324,249,140,198,299,35,127,129,74,99,150,39,197,120,66,99,149,845,0,845
20222,D,발달상권,3120093,연희동,1107,520,587,104,335,226,121,127,194,45,171,114,48,54,88,59,164,112,73,73,106,700,0,700
20222,D,발달상권,3120094,"신촌역(신촌역, 신촌로터리)",3725,1858,1867,134,1612,770,365,313,531,70,742,405,205,190,246,64,870,365,160,123,285,2990,0,2990
20222,D,발달상권,3120095,홍제역,1480,694,786,102,236,175,203,271,493,58,90,96,97,144,209,44,146,79,106,127,284,940,0,940
20222,D,발달상권,3120096,"이화여대(이대역, 이대)",2851,987,1864,128,1239,499,282,270,433,56,288,212,134,130,167,72,951,287,148,140,266,2265,0,2265
20222,D,발달상권,3120097,충정로역,873,324,549,30,363,293,90,43,54,11,119,107,44,19,24,19,244,186,46,24,30,718,0,718
20222,D,발달상권,3120098,DMC(디지털미디어시티),1285,501,784,95,474,308,232,111,65,46,125,130,101,68,31,49,349,178,131,43,34,981,0,981
20222,D,발달상권,3120100,망원역,1147,542,605,114,218,237,183,136,259,60,105,105,94,65,113,54,113,132,89,71,146,633,0,633
20222,D,발달상권,3120101,합정역,6959,3247,3712,1045,1428,1187,946,1060,1293,546,628,525,446,515,587,499,800,662,500,545,706,3485,0,3485
20222,D,발달상권,3120102,서교동(홍대),3224,1523,1701,264,677,664,516,427,676,131,300,315,264,208,305,133,377,349,252,219,371,1861,0,1861
20222,D,발달상권,3120103,홍대입구역(홍대),4693,2085,2608,276,1684,1067,544,426,696,143,649,513,271,206,303,133,1035,554,273,220,393,3238,0,3238
20222,D,발달상권,3120104,연남동(홍대),7337,3503,3834,606,1706,1637,1041,854,1493,319,802,805,521,403,653,287,904,832,520,451,840,4471,0,4471
20222,D,발달상권,3120105,상수역(홍대),1351,591,760,66,487,303,161,105,229,36,199,139,79,44,94,30,288,164,82,61,135,991,0,991
20222,D,발달상권,3120106,마포역,3616,1626,1990,446,472,919,737,512,530,206,186,418,303,264,249,240,286,501,434,248,281,2059,0,2059
20222,D,발달상권,3120107,공덕역(공덕오거리),2488,1106,1382,292,463,505,424,421,383,151,177,207,187,206,178,141,286,298,237,215,205,1269,0,1269
20222,D,발달상권,3120108,신정네거리역,3392,1673,1719,310,597,622,515,523,825,161,247,329,257,284,395,149,350,293,258,239,430,1994,0,1994
20222,D,발달상권,3120109,서울남부지방법원,2189,1095,1094,348,275,274,343,373,576,183,125,135,177,199,276,165,150,139,166,174,300,1055,0,1055
20222,D,발달상권,3120110,목동역 8번출구,2200,1164,1036,229,380,341,342,387,521,113,193,180,194,210,274,116,187,161,148,177,247,1182,0,1182
20222,D,발달상권,3120111,목동사거리,2454,1234,1220,236,385,478,391,379,585,132,186,245,208,188,275,104,199,233,183,191,310,1306,0,1306
20222,D,발달상권,3120112,등촌역,4543,2031,2512,351,1138,1185,606,521,742,174,401,539,311,265,341,177,737,646,295,256,401,2850,0,2850
20222,D,발달상권,3120113,오목교역,3323,1589,1734,758,405,360,658,520,622,380,192,167,311,260,279,378,213,193,347,260,343,1227,0,1227
20222,D,발달상권,3120114,목동신시가지,10522,5044,5478,2819,1102,1205,2483,1418,1495,1490,499,466,1106,785,698,1329,603,739,1377,633,797,3858,0,3858
20222,D,발달상권,3120116,송정역,861,436,425,39,253,187,97,112,173,21,116,97,54,59,89,18,137,90,43,53,84,628,0,628
20222,D,발달상권,3120117,강서농산물도매시장,48,26,22,7,15,4,4,7,11,3,6,3,3,3,8,4,9,1,1,4,3,41,0,41
20222,D,발달상권,3120118,마곡역(마곡),1725,735,990,18,696,691,205,76,39,9,182,346,130,48,20,9,514,345,75,28,19,1583,0,1583
20222,D,발달상권,3120119,발산역(마곡),2329,974,1355,56,1033,707,288,160,85,29,262,352,162,112,57,27,771,355,126,48,28,2112,0,2112
20222,D,발달상권,3120120,화곡역,2784,1304,1480,202,657,733,363,359,470,101,272,357,177,178,219,101,385,376,186,181,251,1729,0,1729
20222,D,발달상권,3120121,까치산역,3505,1591,1914,233,884,954,467,334,633,126,327,481,225,149,283,107,557,473,242,185,350,2142,0,2142
20222,D,발달상권,3120122,강서구청,6478,2907,3571,458,2103,1700,816,629,772,232,706,833,443,333,360,226,1397,867,373,296,412,4582,0,4582
20222,D,발달상권,3120123,오류동역,5234,2395,2839,314,1587,1723,620,352,638,162,565,860,330,203,275,152,1022,863,290,149,363,3946,0,3946
20222,D,발달상권,3120124,개봉동 현대아파트,3727,1824,1903,422,431,518,556,641,1159,220,210,281,302,299,512,202,221,237,254,342,647,1831,0,1831
20222,D,발달상권,3120125,구로역,2187,1133,1054,239,380,459,376,343,390,129,189,223,206,191,195,110,191,236,170,152,195,1144,0,1144
20222,D,발달상권,3120126,디지털단지오거리,599,352,247,13,105,76,75,126,204,8,61,49,49,78,107,5,44,27,26,48,97,446,0,446
20222,D,발달상권,3120127,구로구청,5087,2303,2784,368,1573,1317,755,558,516,194,509,646,388,332,234,174,1064,671,367,226,282,3664,0,3664
20222,D,발달상권,3120128,신도림역,3192,1531,1661,370,568,830,535,478,411,184,229,408,263,234,213,186,339,422,272,244,198,1605,0,1605
20222,D,발달상권,3120129,구로디지털단지,1525,795,730,84,450,461,208,141,181,44,217,252,126,81,75,40,233,209,82,60,106,1148,0,1148
20222,D,발달상권,3120130,구로디지털단지역,2067,1156,911,59,615,611,311,260,211,30,276,342,207,175,126,29,339,269,104,85,85,1747,0,1747
20222,D,발달상권,3120131,가산디지털단지,4705,2495,2210,99,2104,1369,509,293,331,40,855,872,353,201,174,59,1249,497,156,92,157,4135,0,4135
20222,D,발달상권,3120132,독산동,6630,3819,2811,479,1483,1727,954,893,1094,236,789,1115,593,530,556,243,694,612,361,363,538,4547,0,4547
20222,D,발달상권,3120133,서울시흥동우체국(홈플러스시흥점),559,280,279,39,119,99,67,88,147,23,52,52,35,46,72,16,67,47,32,42,75,337,0,337
20222,D,발달상권,3120134,구로전화국,3479,1767,1712,239,665,733,457,557,828,115,303,415,240,293,401,124,362,318,217,264,427,2172,0,2172
20222,D,발달상권,3120135,양평역,511,246,265,49,88,127,89,49,109,28,39,58,49,28,44,21,49,69,40,21,65,321,0,321
20222,D,발달상권,3120136,영등포구청역,2992,1544,1448,181,660,639,380,415,717,83,317,348,214,233,349,98,343,291,166,182,368,2043,0,2043
20222,D,발달상권,3120138,당산2동(영등포우체국),1775,843,932,169,352,309,221,233,491,85,172,153,107,118,208,84,180,156,114,115,283,1119,0,1119
20222,D,발달상권,3120139,대림3동사거리,2313,1207,1106,243,323,248,364,490,645,118,173,131,186,274,325,125,150,117,178,216,320,1232,0,1232
20222,D,발달상권,3120140,문래동주민센터,1164,578,586,171,105,144,201,203,340,84,60,59,97,113,165,87,45,85,104,90,175,597,0,597
20222,D,발달상권,3120141,영등포청과시장교차로,1335,649,686,81,301,299,156,194,304,30,128,157,90,99,145,51,173,142,66,95,159,843,0,843
20222,D,발달상권,3120142,대림역,1534,844,690,93,242,231,229,294,445,45,137,152,136,151,223,48,105,79,93,143,222,1022,0,1022
20222,D,발달상권,3120143,당산역,2879,1189,1690,79,1085,1022,261,184,248,39,308,489,138,94,121,40,777,533,123,90,127,2355,0,2355
20222,D,발달상권,3120144,영중로,1597,676,921,46,590,519,173,101,168,25,170,237,94,61,89,21,420,282,79,40,79,1356,0,1356
20222,D,발달상권,3120145,영등포역(영등포),4753,2992,1761,80,1212,1072,624,758,1007,37,536,650,455,609,705,43,676,422,169,149,302,4219,0,4219
20222,D,발달상권,3120146,한강성심병원,2442,1212,1230,60,989,909,203,134,147,29,375,530,128,77,73,31,614,379,75,57,74,2068,0,2068
20222,D,발달상권,3120147,보라매역,1093,515,578,107,259,247,155,113,212,54,101,120,73,53,114,53,158,127,82,60,98,645,0,645
20222,D,발달상권,3120148,국회의사당역(국회의사당),2445,1145,1300,223,456,800,399,264,303,113,174,381,187,138,152,110,282,419,212,126,151,1658,0,1658
20222,D,발달상권,3120149,여의도역(여의도),2805,1333,1472,470,304,336,470,516,709,223,151,131,230,253,345,247,153,205,240,263,364,1075,0,1075
20222,D,발달상권,3120150,63빌딩,637,282,355,100,61,73,101,97,205,42,27,26,50,47,90,58,34,47,51,50,115,263,0,263
20222,D,발달상권,3120151,보라매공원,5056,2353,2703,799,677,718,809,648,1405,382,309,332,383,305,642,417,368,386,426,343,763,2091,0,2091
20222,D,발달상권,3120152,신대방삼거리역,2793,1245,1548,295,658,662,372,324,482,146,226,282,191,164,236,149,432,380,181,160,246,1709,0,1709
20222,D,발달상권,3120153,노량진역(노량진),2159,1092,1067,63,1012,529,172,156,227,32,430,329,107,88,106,31,582,200,65,68,121,1856,0,1856
20222,D,발달상권,3120154,장승배기역,1002,447,555,66,271,191,120,112,242,31,110,90,59,57,100,35,161,101,61,55,142,648,0,648
20222,D,발달상권,3120155,총신대학교,2123,1020,1103,300,304,318,360,301,540,149,148,153,182,148,240,151,156,165,178,153,300,996,0,996
20222,D,발달상권,3120156,"총신대입구역(이수, 총신대)",4405,2034,2371,488,851,694,659,664,1049,237,336,323,327,335,476,251,515,371,332,329,573,2369,0,2369
20222,D,발달상권,3120157,신림역(신림),8448,4409,4039,285,3376,2264,878,671,974,148,1575,1323,504,368,491,137,1801,941,374,303,483,6728,0,6728
20222,D,발달상권,3120158,녹두거리(대학동),2123,1220,903,90,748,460,301,216,308,50,389,296,202,144,139,40,359,164,99,72,169,1747,0,1747
20222,D,발달상권,3120159,서울대입구역,8567,3745,4822,255,4457,2012,671,496,676,103,1645,1007,364,272,354,152,2812,1005,307,224,322,7285,0,7285
20222,D,발달상권,3120160,사당역(사당),3973,1867,2106,395,989,915,535,451,688,185,407,467,269,209,330,210,582,448,266,242,358,2376,0,2376
20222,D,발달상권,3120161,방배동가구거리(사당동가구거리),1317,610,707,241,195,180,261,204,236,120,98,91,115,97,89,121,97,89,146,107,147,542,0,542
20222,D,발달상권,3120162,방배동카페골목,2276,1065,1211,375,335,391,440,342,393,186,147,185,197,170,180,189,188,206,243,172,213,1096,0,1096
20222,D,발달상권,3120163,사당역 11번(사당역먹자골목),3524,1648,1876,467,506,550,549,533,919,235,243,255,266,243,406,232,263,295,283,290,513,1661,0,1661
20222,D,발달상권,3120164,내방역,2972,1379,1593,389,404,515,505,423,736,178,180,229,246,216,330,211,224,286,259,207,406,1480,0,1480
20222,D,발달상권,3120165,서래마을카페거리(서래마을),1604,745,859,336,194,208,312,234,320,178,88,87,139,117,136,158,106,121,173,117,184,618,0,618
20222,D,발달상권,3120166,방배역,3076,1493,1583,348,421,511,541,488,767,197,197,243,266,243,347,151,224,268,275,245,420,1703,0,1703
20222,D,발달상권,3120167,고속터미널(고속터미널역),304,147,157,92,27,31,70,41,43,46,16,12,30,24,19,46,11,19,40,17,24,96,0,96
20222,D,발달상권,3120168,서울고교교차로,375,190,185,62,41,94,68,44,66,38,23,46,34,18,31,24,18,48,34,26,35,149,0,149
20222,D,발달상권,3120169,서초역,2053,971,1082,269,326,374,285,338,461,140,150,172,135,163,211,129,176,202,150,175,250,917,0,917
20222,D,발달상권,3120170,삼호가든사거리,614,292,322,130,59,132,102,82,109,69,30,58,49,42,44,61,29,74,53,40,65,259,0,259
20222,D,발달상권,3120171,서초3동사거리,3163,1528,1635,359,616,583,514,482,609,187,252,285,259,245,300,172,364,298,255,237,309,1771,0,1771
20222,D,발달상권,3120172,교대입구교차로,3843,1921,1922,390,671,985,703,533,561,221,298,489,354,277,282,169,373,496,349,256,279,2327,0,2327
20222,D,발달상권,3120173,교대역(법원.검찰청),5359,2576,2783,685,929,1060,885,796,1004,345,432,505,421,404,469,340,497,555,464,392,535,2857,0,2857
20222,D,발달상권,3120174,논현역 5번,1387,653,734,173,263,259,216,189,287,90,104,122,113,87,137,83,159,137,103,102,150,717,0,717
20222,D,발달상권,3120175,남부터미널역,4099,1851,2248,450,724,1012,677,569,667,229,291,428,311,265,327,221,433,584,366,304,340,2394,0,2394
20222,D,발달상권,3120176,논현역 4번,4902,2315,2587,329,1008,1239,853,611,862,171,443,593,445,295,368,158,565,646,408,316,494,3227,0,3227
20222,D,발달상권,3120177,신논현역 1번,4597,2309,2288,238,1080,1226,739,550,764,125,498,619,410,299,358,113,582,607,329,251,406,3223,0,3223
20222,D,발달상권,3120178,신사역,3757,1859,1898,282,780,890,561,498,746,133,347,448,299,278,354,149,433,442,262,220,392,2447,0,2447
20222,D,발달상권,3120179,양재역,5125,2413,2712,574,922,1235,815,736,843,270,402,613,372,372,384,304,520,622,443,364,459,2769,0,2769
20222,D,발달상권,3120180,양재화물트럭터미널앞,1346,657,689,397,115,143,308,156,227,223,51,53,154,80,96,174,64,90,154,76,131,392,0,392
20222,D,발달상권,3120181,교육개발원입구사거리,1000,480,520,78,151,232,152,138,249,40,72,118,71,67,112,38,79,114,81,71,137,578,0,578
20222,D,발달상권,3120182,"양재시민의숲역(양재동꽃시장, aT센터)",1907,996,911,235,265,335,304,322,446,123,138,181,160,174,220,112,127,154,144,148,226,1043,0,1043
20222,D,발달상권,3120183,양재천카페거리,1202,611,591,107,173,245,247,183,247,59,90,135,128,90,109,48,83,110,119,93,138,700,0,700
20222,D,발달상권,3120184,포이사거리(삼호물산),5782,2984,2798,603,1025,1282,920,903,1049,330,488,687,476,475,528,273,537,595,444,428,521,3235,0,3235
20222,D,발달상권,3120185,논현역,3722,1809,1913,240,702,857,630,551,742,117,333,425,316,291,327,123,369,432,314,260,415,2397,0,2397
20222,D,발달상권,3120186,가로수길,3152,1382,1770,378,495,607,589,437,646,180,198,257,261,227,259,198,297,350,328,210,387,1777,0,1777
20222,D,발달상권,3120187,신논현역,5512,2640,2872,281,1241,1410,895,649,1036,134,504,686,488,347,481,147,737,724,407,302,555,3959,0,3959
20222,D,발달상권,3120188,압구정역,1129,540,589,157,157,213,198,140,264,83,79,97,92,68,121,74,78,116,106,72,143,598,0,598
20222,D,발달상권,3120189,강남역,6332,2979,3353,634,1313,1697,1025,783,880,313,537,818,493,399,419,321,776,879,532,384,461,4029,0,4029
20222,D,발달상권,3120190,강남을지병원,2366,1063,1303,254,457,495,423,288,449,129,182,233,182,142,195,125,275,262,241,146,254,1367,0,1367
20222,D,발달상권,3120191,학동역,4438,2087,2351,275,755,1109,868,578,853,139,339,539,401,301,368,136,416,570,467,277,485,2983,0,2983
20222,D,발달상권,3120192,뱅뱅사거리,6623,3041,3582,509,1616,2037,1095,647,719,250,618,966,536,332,339,259,998,1071,559,315,380,4718,0,4718
20222,D,발달상권,3120193,도산공원교차로,1184,561,623,125,177,217,210,160,295,58,97,101,110,70,125,67,80,116,100,90,170,596,0,596
20222,D,발달상권,3120194,언주역(차병원),2599,1282,1317,142,483,760,435,329,450,76,222,375,218,175,216,66,261,385,217,154,234,1764,0,1764
20222,D,발달상권,3120195,성수대교남단,444,233,211,59,65,73,87,60,100,36,32,36,44,35,50,23,33,37,43,25,50,224,0,224
20222,D,발달상권,3120196,서울세관,1453,699,754,109,189,275,280,232,368,51,87,140,139,123,159,58,102,135,141,109,209,940,0,940
20222,D,발달상권,3120197,역삼역,6083,3079,3004,523,1507,1800,856,603,794,324,602,907,475,361,410,199,905,893,381,242,384,4337,0,4337
20222,D,발달상권,3120198,구역삼세무서,7376,3813,3563,479,1410,1908,1355,980,1244,248,673,1017,733,547,595,231,737,891,622,433,649,5072,0,5072
20222,D,발달상권,3120199,경복아파트교차로,862,407,455,80,148,260,192,91,91,38,61,113,108,51,36,42,87,147,84,40,55,598,0,598
20222,D,발달상권,3120200,학동사거리,976,427,549,88,166,208,160,125,229,48,59,79,77,62,102,40,107,129,83,63,127,565,0,565
20222,D,발달상권,3120201,도곡1동,1880,867,1013,176,361,462,299,254,328,90,135,218,146,126,152,86,226,244,153,128,176,1108,0,1108
20222,D,발달상권,3120202,압구정로데오역(압구정로데오),1843,860,983,267,240,256,318,276,486,127,94,118,151,144,226,140,146,138,167,132,260,793,0,793
20222,D,발달상권,3120203,강남구청역,1522,713,809,147,292,382,251,204,246,66,136,170,111,112,118,81,156,212,140,92,128,920,0,920
20222,D,발달상권,3120204,르네상스호텔사거리,1595,712,883,107,316,509,318,182,163,53,116,235,151,81,76,54,200,274,167,101,87,1127,0,1127
20222,D,발달상권,3120205,매봉역,1116,543,573,131,209,180,176,172,248,78,88,83,96,73,125,53,121,97,80,99,123,592,0,592
20222,D,발달상권,3120206,개나리아파트,4115,1932,2183,687,712,622,766,564,764,366,326,266,355,290,329,321,386,356,411,274,435,2106,0,2106
20222,D,발달상권,3120207,선정릉역,6714,2997,3717,804,1098,1452,1288,894,1178,423,464,615,576,418,501,381,634,837,712,476,677,3816,0,3816
20222,D,발달상권,3120208,청담사거리(청담동명품거리),3501,1584,1917,373,504,586,624,510,904,184,208,269,296,228,399,189,296,317,328,282,505,1999,0,1999
20222,D,발달상권,3120209,"강남구청(청담역_8번, 강남세무서)",1374,624,750,205,242,240,225,210,252,113,100,92,99,97,123,92,142,148,126,113,129,671,0,671
20222,D,발달상권,3120210,선릉역,4780,2264,2516,332,934,1309,900,630,675,155,372,615,448,336,338,177,562,694,452,294,337,3339,0,3339
20222,D,발달상권,3120211,도성초등학교,1638,780,858,338,246,204,340,267,243,182,124,90,139,131,114,156,122,114,201,136,129,726,0,726
20222,D,발달상권,3120212,한티역,1483,713,770,271,240,150,288,289,245,141,110,71,126,152,113,130,130,79,162,137,132,683,0,683
20222,D,발달상권,3120213,삼성중앙역,4143,2023,2120,429,753,864,708,594,795,245,360,405,359,293,361,184,393,459,349,301,434,2324,0,2324
20222,D,발달상권,3120214,영동대교남단교차로,706,345,361,125,96,123,130,115,117,66,44,53,66,57,59,59,52,70,64,58,58,303,0,303
20222,D,발달상권,3120215,포스코사거리,3639,1706,1933,398,635,916,760,470,460,222,258,384,368,254,220,176,377,532,392,216,240,2275,0,2275
20222,D,발달상권,3120216,경기고교사거리(경기고교앞사거리),218,98,120,12,38,61,44,28,35,6,16,23,20,19,14,6,22,38,24,9,21,151,0,151
20222,D,발달상권,3120217,대치사거리,3838,1911,1927,633,717,676,724,551,537,377,346,337,327,278,246,256,371,339,397,273,291,2031,0,2031
20222,D,발달상권,3120218,코엑스,28,15,13,2,4,2,4,8,8,0,2,1,2,4,6,2,2,1,2,4,2,17,0,17
20222,D,발달상권,3120219,은마아파트,1101,557,544,225,169,92,250,189,176,137,90,41,111,99,79,88,79,51,139,90,97,436,0,436
20222,D,발달상권,3120220,대치역,1297,634,663,375,145,80,315,207,175,191,69,35,139,111,89,184,76,45,176,96,86,391,0,391
20222,D,발달상권,3120221,봉은사역,711,359,352,60,85,148,142,106,170,32,51,76,70,58,72,28,34,72,72,48,98,493,0,493
20222,D,발달상권,3120222,삼성역,746,381,365,62,176,173,115,116,104,38,78,78,55,75,57,24,98,95,60,41,47,508,0,508
20222,D,발달상권,3120223,휘문고교사거리,309,158,151,62,42,27,58,59,61,38,23,12,26,30,29,24,19,15,32,29,32,111,0,111
20222,D,발달상권,3120224,수서역,594,284,310,26,106,144,96,113,109,8,38,65,49,68,56,18,68,79,47,45,53,437,0,437
20222,D,발달상권,3120225,잠실새내역(신천),4074,1922,2152,274,765,912,639,554,930,142,316,443,324,276,421,132,449,469,315,278,509,2702,0,2702
20222,D,발달상권,3120226,석촌고분역,1955,922,1033,189,340,436,282,302,406,101,159,203,142,136,181,88,181,233,140,166,225,1092,0,1092
20222,D,발달상권,3120227,잠실역,5684,2620,3064,972,674,928,874,881,1355,472,310,411,397,397,633,500,364,517,477,484,722,2183,0,2183
20222,D,발달상권,3120228,석촌역(석촌호수),4223,1985,2238,388,828,906,601,605,895,201,377,420,283,291,413,187,451,486,318,314,482,2293,0,2293
20222,D,발달상권,3120229,방이동먹자골목,2889,1401,1488,137,643,708,418,422,561,68,284,351,209,220,269,69,359,357,209,202,292,2005,0,2005
20222,D,발달상권,3120230,송파사거리(송파역),1644,834,810,172,221,473,206,201,371,87,99,241,115,115,177,85,122,232,91,86,194,906,0,906
20222,D,발달상권,3120232,송파나루역,875,426,449,93,167,178,124,131,182,46,79,91,59,68,83,47,88,87,65,63,99,462,0,462
20222,D,발달상권,3120233,몽촌토성역,3436,1375,2061,98,1266,1298,364,204,206,48,379,564,164,108,112,50,887,734,200,96,94,2871,0,2871
20222,D,발달상권,3120234,가락시장역,2694,1460,1234,235,419,436,425,577,602,117,217,248,230,324,324,118,202,188,195,253,278,1472,0,1472
20222,D,발달상권,3120235,문정역,4514,1904,2610,245,1378,1658,589,357,287,122,429,725,299,207,122,123,949,933,290,150,165,3480,0,3480
20222,D,발달상권,3120236,장지역(가든파이브),167,92,75,30,28,35,24,28,22,12,18,22,15,15,10,18,10,13,9,13,12,89,0,89
20222,D,발달상권,3120237,경찰병원역,3823,1982,1841,340,617,755,620,671,820,175,298,394,320,372,423,165,319,361,300,299,397,2305,0,2305
20222,D,발달상권,3120238,방이역,501,258,243,62,69,69,88,84,129,32,35,39,41,47,64,30,34,30,47,37,65,251,0,251
20222,D,발달상권,3120239,오금역,4150,2026,2124,491,680,725,619,688,947,264,314,359,305,330,454,227,366,366,314,358,493,2024,0,2024
20222,D,발달상권,3120240,개롱역,3595,1737,1858,608,526,511,680,556,714,320,250,254,320,274,319,288,276,257,360,282,395,1478,0,1478
20222,D,발달상권,3120241,거여역,1814,931,883,200,277,225,276,347,489,106,143,124,144,177,237,94,134,101,132,170,252,883,0,883
20222,D,발달상권,3120242,강동구청역,3677,1758,1919,506,543,653,626,521,828,268,254,299,302,260,375,238,289,354,324,261,453,1741,0,1741
20222,D,발달상권,3120243,천호역,4206,2016,2190,254,807,977,658,653,857,127,313,475,341,354,406,127,494,502,317,299,451,2801,0,2801
20222,D,발달상권,3120244,암사역,2164,1092,1072,191,361,437,353,313,509,95,160,234,186,174,243,96,201,203,167,139,266,1394,0,1394
20222,D,발달상권,3120245,둔촌역,2797,1426,1371,391,370,413,443,533,647,228,185,218,223,282,290,163,185,195,220,251,357,1358,0,1358
20222,D,발달상권,3120246,길동역,6298,3044,3254,408,1703,1430,840,843,1074,199,642,736,449,457,561,209,1061,694,391,386,513,4215,0,4215
20222,D,발달상권,3120247,굽은다리역,1819,832,987,195,307,325,257,282,453,87,141,150,130,127,197,108,166,175,127,155,256,888,0,888
20222,D,발달상권,3120248,명일역,2253,1121,1132,292,294,282,412,370,603,141,147,146,200,188,299,151,147,136,212,182,304,1153,0,1153
20222,D,발달상권,3120249,고덕역,1201,545,656,191,279,239,191,159,142,114,107,104,80,73,67,77,172,135,111,86,75,627,0,627
20222,R,전통시장,3130001,통인시장,690,297,393,73,84,89,102,119,223,34,36,35,48,53,91,39,48,54,54,66,132,344,0,344
20222,R,전통시장,3130002,세종마을음식문화거리(금천교시장),571,278,293,57,79,85,79,95,176,26,48,39,40,48,77,31,31,46,39,47,99,318,0,318
20222,R,전통시장,3130004,낙원시장(낙원지하시장(대일상가)),315,145,170,36,31,33,55,40,120,21,18,14,34,14,44,15,13,19,21,26,76,144,0,144
20222,R,전통시장,3130005,세운상가가동,27,21,6,0,2,4,4,10,7,0,2,3,3,7,6,0,0,1,1,3,1,22,0,22
20222,R,전통시장,3130007,광장시장(광장전통시장),91,41,50,3,10,8,9,15,46,1,8,4,4,8,16,2,2,4,5,7,30,66,0,66
20222,R,전통시장,3130009,마전교지하쇼핑센터(구 한일상가),1,1,0,0,0,0,0,0,1,0,0,0,0,0,1,0,0,0,0,0,0,1,0,1
20222,R,전통시장,3130010,종로신진시장,112,83,29,0,4,5,16,35,52,0,1,5,14,24,39,0,3,0,2,11,13,102,0,102
20222,R,전통시장,3130011,충신시장,191,102,89,15,26,13,27,43,67,7,11,10,15,24,35,8,15,3,12,19,32,98,0,98
20222,R,전통시장,3130012,"동대문종합시장(동대문종합시장 신관, 동대문종합시장D동상가)",2,2,0,0,0,0,0,2,0,0,0,0,0,2,0,0,0,0,0,0,0,2,0,2
20222,R,전통시장,3130013,동대문상가A동,40,18,22,0,3,2,3,5,27,0,3,1,1,3,10,0,0,1,2,2,17,27,0,27
20222,R,전통시장,3130014,동문시장,128,87,41,0,13,13,10,39,53,0,8,11,5,28,35,0,5,2,5,11,18,100,0,100
20222,R,전통시장,3130015,창신골목시장,733,388,345,42,64,55,96,161,315,23,36,36,49,99,145,19,28,19,47,62,170,502,0,502
20222,R,전통시장,3130016,동대문상가B동,51,29,22,2,8,9,4,11,17,0,7,6,1,5,10,2,1,3,3,6,7,28,0,28
20222,R,전통시장,3130017,동대문상가C동,81,51,30,4,9,5,10,13,40,3,8,5,10,7,18,1,1,0,0,6,22,55,0,55
20222,R,전통시장,3130018,동대문문구완구거리(동대문문구완구시장),132,75,57,8,11,19,8,24,62,6,6,10,7,11,35,2,5,9,1,13,27,87,0,87
20222,R,전통시장,3130019,동대문상가D동,50,27,23,2,2,7,11,7,21,1,2,4,6,3,11,1,0,3,5,4,10,33,0,33
20222,R,전통시장,3130020,동묘시장(동묘벼룩시장),413,206,207,5,142,69,42,56,99,1,51,38,25,37,54,4,91,31,17,19,45,349,0,349
20222,R,전통시장,3130021,신설종합시장,8,8,0,0,0,2,0,4,2,0,0,2,0,4,2,0,0,0,0,0,0,7,0,7
20222,R,전통시장,3130024,남대문시장(자유상가),62,37,25,1,4,5,7,15,30,0,3,4,5,11,14,1,1,1,2,4,16,49,0,49
20222,R,전통시장,3130031,청계천공구상가,40,27,13,0,0,3,5,8,24,0,0,3,4,8,12,0,0,0,1,0,12,33,0,33
20222,R,전통시장,3130032,인현시장,161,96,65,9,14,18,18,35,67,6,6,9,13,25,37,3,8,9,5,10,30,94,0,94
20222,R,전통시장,3130033,대림상가(청계상가),131,83,48,2,9,19,10,34,57,1,5,10,7,24,36,1,4,9,3,10,21,87,0,87
20222,R,전통시장,3130034,필동 골목형상점가,7,4,3,0,1,1,1,2,2,0,1,1,0,2,0,0,0,0,1,0,2,6,0,6
20222,R,전통시장,3130035,방산종합시장(방산시장),316,223,93,5,37,41,32,62,139,1,26,28,22,46,100,4,11,13,10,16,39,253,0,253
20222,R,전통시장,3130036,중부시장(신중부시장),378,219,159,9,89,57,41,61,121,6,25,32,30,48,78,3,64,25,11,13,43,326,0,326
20222,R,전통시장,3130038,"평화시장(통일상가, 동화상가)",12,9,3,2,0,3,1,2,4,0,0,3,1,1,4,2,0,0,0,1,0,8,0,8
20222,R,전통시장,3130042,약수시장,477,231,246,51,66,65,59,88,148,24,28,30,28,56,65,27,38,35,31,32,83,256,0,256
20222,R,전통시장,3130046,team204(팀204),1,1,0,0,0,0,0,0,1,0,0,0,0,0,1,0,0,0,0,0,0,1,0,1
20222,R,전통시장,3130047,테크노상가(엘리시움),8,7,1,2,0,1,1,3,1,2,0,0,1,3,1,0,0,1,0,0,0,6,0,6
20222,R,전통시장,3130048,동평화시장,55,26,29,2,8,8,4,12,21,2,5,2,2,5,10,0,3,6,2,7,11,37,0,37
20222,R,전통시장,3130049,신당 미래유산 먹거리 골목형상점가,152,97,55,6,17,20,18,40,51,2,10,12,15,29,29,4,7,8,3,11,22,121,0,121
20222,R,전통시장,3130050,청평화시장,3,2,1,0,0,1,0,1,1,0,0,1,0,1,0,0,0,0,0,0,1,3,0,3
20222,R,전통시장,3130051,동화동 골목형상점가,1456,710,746,184,200,204,222,261,385,85,100,97,119,145,164,99,100,107,103,116,221,683,0,683
20222,R,전통시장,3130052,서울중앙시장(신중앙시장),1317,716,601,82,154,146,142,243,550,48,81,91,80,145,271,34,73,55,62,98,279,787,0,787
20222,R,전통시장,3130053,백학시장,1018,530,488,82,110,99,143,230,354,41,68,60,81,126,154,41,42,39,62,104,200,540,0,540
20222,R,전통시장,3130054,황학동주방가구거리상점가,1199,607,592,74,251,294,132,174,274,31,120,165,71,86,134,43,131,129,61,88,140,771,0,771
20222,R,전통시장,3130055,"황학시장(서울중앙시장, 신중앙시장)",1462,761,701,90,189,224,208,247,504,53,94,112,119,142,241,37,95,112,89,105,263,909,0,909
20222,R,전통시장,3130056,용산용문시장,671,331,340,64,107,98,82,91,229,30,50,57,46,52,96,34,57,41,36,39,133,394,0,394
20222,R,전통시장,3130057,만리시장,31,18,13,2,3,1,2,8,15,1,2,1,1,4,9,1,1,0,1,4,6,17,0,17
20222,R,전통시장,3130058,이촌종합시장,112,59,53,12,15,14,16,24,31,5,9,10,7,11,17,7,6,4,9,13,14,60,0,60
20222,R,전통시장,3130059,후암시장,708,358,350,84,88,92,93,138,213,46,49,52,48,75,88,38,39,40,45,63,125,371,0,371
20222,R,전통시장,3130060,신흥시장,81,41,40,6,9,12,12,12,30,0,7,7,7,8,12,6,2,5,5,4,18,48,0,48
20222,R,전통시장,3130061,이태원시장,67,31,36,6,8,9,6,16,22,4,2,3,4,10,8,2,6,6,2,6,14,34,0,34
20222,R,전통시장,3130062,보광시장,100,48,52,9,11,12,15,14,39,5,7,7,6,8,15,4,4,5,9,6,24,58,0,58
20222,R,전통시장,3130063,신금호역 골목형상점가,422,205,217,43,66,50,72,75,116,19,31,22,35,43,55,24,35,28,37,32,61,240,0,240
20222,R,전통시장,3130064,금남시장,198,102,96,6,18,17,23,43,91,2,11,11,15,24,39,4,7,6,8,19,52,128,0,128
20222,R,전통시장,3130065,무학봉상점가,2688,1354,1334,235,451,334,382,483,803,121,220,197,199,246,371,114,231,137,183,237,432,1592,0,1592
20222,R,전통시장,3130066,행당시장상점가,1912,932,980,136,523,322,220,298,413,72,222,165,121,157,195,64,301,157,99,141,218,1241,0,1241
20222,R,전통시장,3130067,왕십리도선동상점가,3520,1694,1826,313,863,616,447,561,720,167,375,308,242,275,327,146,488,308,205,286,393,2024,0,2024
20222,R,전통시장,3130068,마장축산물시장,1800,920,880,205,258,233,249,326,529,110,125,129,140,171,245,95,133,104,109,155,284,923,0,923
20222,R,전통시장,3130069,"한양대앞상점가(한양시장, 왕십리맛골목)",540,269,271,29,320,84,23,26,58,9,165,46,13,13,23,20,155,38,10,13,35,451,0,451
20222,R,전통시장,3130070,뚝섬역상점가,1411,732,679,92,353,303,187,190,286,41,175,168,95,109,144,51,178,135,92,81,142,920,0,920
20222,R,전통시장,3130071,성수역 골목형상점가,7,5,2,1,0,0,3,3,0,1,0,0,2,2,0,0,0,0,1,1,0,5,0,5
20222,R,전통시장,3130072,성동용답상가시장,4259,2142,2117,442,629,501,631,806,1250,223,318,273,316,425,587,219,311,228,315,381,663,2147,0,2147
20222,R,전통시장,3130073,뚝도시장,519,277,242,37,74,60,70,111,167,20,42,36,42,55,82,17,32,24,28,56,85,300,0,300
20222,R,전통시장,3130074,영동교골목시장,457,234,223,34,51,44,62,103,163,19,21,28,39,53,74,15,30,16,23,50,89,275,0,275
20222,R,전통시장,3130075,노룬산시장(노룬산골목시장),95,40,55,8,10,13,10,15,39,4,4,5,6,9,12,4,6,8,4,6,27,62,0,62
20222,R,전통시장,3130076,능동로골목시장,773,381,392,44,108,98,96,135,292,19,51,53,50,75,133,25,57,45,46,60,159,448,0,448
20222,R,전통시장,3130077,조양시장,76,42,34,3,25,13,10,7,18,3,14,7,4,7,7,0,11,6,6,0,11,54,0,54
20222,R,전통시장,3130078,화양제일골목시장,898,433,465,35,350,198,93,86,136,15,150,109,56,44,59,20,200,89,37,42,77,683,0,683
20222,R,전통시장,3130079,한아름시장,346,139,207,13,166,69,26,34,38,5,57,32,13,15,17,8,109,37,13,19,21,264,0,264
20222,R,전통시장,3130080,자양종합시장(기능상실),58,28,30,13,7,8,12,8,10,5,2,4,8,3,6,8,5,4,4,5,4,19,0,19
20222,R,전통시장,3130081,자양골목전통시장(자양골목시장),1945,925,1020,217,321,322,296,321,468,111,163,167,149,140,195,106,158,155,147,181,273,982,0,982
20222,R,전통시장,3130082,면곡골목시장,228,118,110,16,38,45,15,49,65,5,22,24,7,24,36,11,16,21,8,25,29,118,0,118
20222,R,전통시장,3130083,"중곡제일시장(중곡제일골목시장, 광성시장)",826,421,405,92,126,131,116,156,205,42,67,84,56,74,98,50,59,47,60,82,107,392,0,392
20222,R,전통시장,3130084,신성시장(신성골목시장),210,99,111,16,33,34,32,38,57,11,15,18,14,17,24,5,18,16,18,21,33,111,0,111
20222,R,전통시장,3130085,용두시장,25,16,9,1,1,1,7,5,10,0,1,0,5,4,6,1,0,1,2,1,4,18,0,18
20222,R,전통시장,3130086,서울약령시장,2184,1194,990,115,285,278,298,342,866,64,145,181,174,194,436,51,140,97,124,148,430,1493,0,1493
20222,R,전통시장,3130087,경동광성상가(경동시장),73,32,41,3,7,4,7,7,45,2,5,2,4,4,15,1,2,2,3,3,30,50,0,50
20222,R,전통시장,3130088,경동시장,4,3,1,0,0,0,1,0,3,0,0,0,1,0,2,0,0,0,0,0,1,3,0,3
20222,R,전통시장,3130089,청량리수산시장,358,190,168,24,30,35,55,49,165,11,19,19,33,26,82,13,11,16,22,23,83,222,0,222
20222,R,전통시장,3130090,청량리종합시장,105,63,42,1,8,13,7,20,56,1,5,7,5,15,30,0,3,6,2,5,26,61,0,61
20222,R,전통시장,3130091,청량종합도매시장,688,339,349,35,114,94,69,103,273,14,66,50,32,63,114,21,48,44,37,40,159,412,0,412
20222,R,전통시장,3130092,청량리농수산물시장,398,219,179,32,41,38,33,67,187,24,21,22,21,35,96,8,20,16,12,32,91,229,0,229
20222,R,전통시장,3130093,동서시장,3,3,0,0,0,0,0,2,1,0,0,0,0,2,1,0,0,0,0,0,0,3,0,3
20222,R,전통시장,3130094,청량리청과물시장,65,45,20,4,4,7,7,15,28,2,1,5,6,11,20,2,3,2,1,4,8,48,0,48
20222,R,전통시장,3130095,청량리전통시장,416,274,142,4,25,30,43,83,231,3,15,16,31,67,142,1,10,14,12,16,89,348,0,348
20222,R,전통시장,3130097,답십리 건축자재시장,1527,763,764,140,224,169,192,289,513,69,125,93,94,142,240,71,99,76,98,147,273,816,0,816
20222,R,전통시장,3130098,회기시장,1239,541,698,67,561,186,112,92,221,30,221,97,60,39,94,37,340,89,52,53,127,958,0,958
20222,R,전통시장,3130099,전농로터리시장,86,52,34,4,7,6,15,21,33,2,5,5,10,13,17,2,2,1,5,8,16,54,0,54
20222,R,전통시장,3130100,답십리시장,430,213,217,47,60,58,73,64,128,17,33,33,37,34,59,30,27,25,36,30,69,210,0,210
20222,R,전통시장,3130101,답십리현대시장,272,141,131,19,36,32,33,51,101,10,19,19,20,26,47,9,17,13,13,25,54,164,0,164
20222,R,전통시장,3130102,이문제일시장,76,32,44,9,16,5,10,19,17,2,6,2,4,11,7,7,10,3,6,8,10,34,0,34
20222,R,전통시장,3130103,이경시장,236,133,103,15,26,19,31,43,102,9,17,12,18,27,50,6,9,7,13,16,52,135,0,135
20222,R,전통시장,3130104,전곡시장,595,300,295,69,64,61,103,103,195,37,34,35,56,54,84,32,30,26,47,49,111,312,0,312
20222,R,전통시장,3130105,장미제일시장(중화동제일시장),1097,544,553,107,190,145,152,213,290,60,96,78,79,108,123,47,94,67,73,105,167,570,0,570
20222,R,전통시장,3130106,중랑동부시장,1323,696,627,115,247,198,201,244,318,60,120,107,111,141,157,55,127,91,90,103,161,812,0,812
20222,R,전통시장,3130107,중랑동부시장(중랑교종합상가),175,87,88,5,29,47,31,19,44,3,13,28,16,6,21,2,16,19,15,13,23,117,0,117
20222,R,전통시장,3130108,태능엔터피아(태릉시장),316,162,154,44,40,44,41,56,91,22,26,24,18,29,43,22,14,20,23,27,48,118,0,118
20222,R,전통시장,3130109,묵1동도깨비시장,852,432,420,102,135,120,135,135,225,52,75,57,74,66,108,50,60,63,61,69,117,383,0,383
20222,R,전통시장,3130110,면목골목시장(면목시장),1569,823,746,165,223,213,249,278,441,90,116,109,143,153,212,75,107,104,106,125,229,865,0,865
20222,R,전통시장,3130111,"동원전통종합시장(동원시장, 동원전통시장 상점가)",1962,976,986,184,247,254,260,380,637,86,126,139,135,198,292,98,121,115,125,182,345,1035,0,1035
20222,R,전통시장,3130112,사가정시장,2061,1003,1058,140,330,314,261,376,640,69,159,177,134,173,291,71,171,137,127,203,349,1132,0,1132
20222,R,전통시장,3130113,신아타운,163,81,82,21,18,24,26,42,32,11,7,10,10,27,16,10,11,14,16,15,16,119,0,119
20222,R,전통시장,3130114,유영시장,105,55,50,14,13,10,19,23,26,7,7,6,10,12,13,7,6,4,9,11,13,45,0,45
20222,R,전통시장,3130115,우림골목시장,2222,1131,1091,167,354,345,272,384,700,82,167,194,162,198,328,85,187,151,110,186,372,1274,0,1274
20222,R,전통시장,3130116,동성타워프라자,249,124,125,31,34,37,22,49,76,16,17,25,12,19,35,15,17,12,10,30,41,98,0,98
20222,R,전통시장,3130117,정릉시장,945,458,487,96,180,111,106,129,323,50,82,62,61,61,142,46,98,49,45,68,181,516,0,516
20222,R,전통시장,3130118,정릉골 골목형상점가,605,304,301,76,107,75,94,98,155,40,47,37,59,51,70,36,60,38,35,47,85,274,0,274
20222,R,전통시장,3130119,정릉아리랑시장,480,214,266,42,71,66,58,79,164,16,30,39,30,33,66,26,41,27,28,46,98,229,0,229
20222,R,전통시장,3130120,돈암시장(돈암제일시장),219,83,136,15,27,43,16,21,97,6,6,21,6,10,34,9,21,22,10,11,63,130,0,130
20222,R,전통시장,3130121,길음시장,31,26,5,1,2,3,4,11,10,0,2,2,4,9,9,1,0,1,0,2,1,29,0,29
20222,R,전통시장,3130122,밤나무골시장,229,108,121,25,17,29,33,41,84,14,6,19,15,19,35,11,11,10,18,22,49,120,0,120
20222,R,전통시장,3130123,꿈의숲 장곡 골목형상점가,331,161,170,47,36,36,51,62,99,24,21,16,20,37,43,23,15,20,31,25,56,142,0,142
20222,R,전통시장,3130124,번동시장,16,8,8,5,0,1,3,1,6,3,0,0,1,0,4,2,0,1,2,1,2,8,0,8
20222,R,전통시장,3130125,장위전통시장,839,407,432,87,95,93,116,146,302,42,53,45,69,69,129,45,42,48,47,77,173,397,0,397
20222,R,전통시장,3130126,새석관시장,55,27,28,1,10,4,6,12,22,1,4,2,5,7,8,0,6,2,1,5,14,34,0,34
20222,R,전통시장,3130127,석관시장,150,82,68,10,24,12,16,35,53,8,14,7,10,21,22,2,10,5,6,14,31,87,0,87
20222,R,전통시장,3130128,돌곶이시장(석관황금시장),1776,918,858,162,221,198,256,325,614,76,122,115,140,180,285,86,99,83,116,145,329,924,0,924
20222,R,전통시장,3130129,장미원골목시장,1471,728,743,200,207,230,201,243,390,103,103,129,108,120,165,97,104,101,93,123,225,662,0,662
20222,R,전통시장,3130130,수유북부골목시장,54,29,25,0,9,2,5,9,29,0,7,0,3,6,13,0,2,2,2,3,16,30,0,30
20222,R,전통시장,3130131,동북프라자,25,15,10,1,1,3,2,3,15,1,1,3,1,2,7,0,0,0,1,1,8,16,0,16
20222,R,전통시장,3130132,삼양골목시장(삼양시장),633,315,318,58,83,69,76,121,226,29,35,40,41,60,110,29,48,29,35,61,116,351,0,351
20222,R,전통시장,3130133,우이골목시장(우이시장),1598,794,804,209,219,162,246,295,467,108,118,93,124,145,206,101,101,69,122,150,261,734,0,734
20222,R,전통시장,3130134,"솔샘시장(미아6,7동골목시장)",137,67,70,11,11,18,16,20,61,3,6,13,8,8,29,8,5,5,8,12,32,78,0,78
20222,R,전통시장,3130135,수유중앙골목시장(수유중앙시장),921,464,457,94,123,116,125,191,272,48,60,59,71,96,130,46,63,57,54,95,142,457,0,457
20222,R,전통시장,3130136,수유재래시장,543,277,266,59,93,92,60,79,160,33,44,52,38,38,72,26,49,40,22,41,88,220,0,220
20222,R,전통시장,3130137,"수유전통시장(수유시장, 수유골목시장)",529,269,260,40,85,51,68,108,177,24,50,28,37,50,80,16,35,23,31,58,97,299,0,299
20222,R,전통시장,3130138,수유프라자,210,97,113,20,26,24,19,46,75,8,13,12,9,20,35,12,13,12,10,26,40,87,0,87
20222,R,전통시장,3130139,강북종합전통시장(강북종합골목시장),2207,1123,1084,146,453,329,289,376,614,76,219,199,160,183,286,70,234,130,129,193,328,1343,0,1343
20222,R,전통시장,3130140,숭인시장,227,119,108,12,34,26,35,50,70,4,17,10,20,34,34,8,17,16,15,16,36,140,0,140
20222,R,전통시장,3130141,강북북부골목시장,1076,537,539,124,182,157,201,148,264,68,84,87,108,80,110,56,98,70,93,68,154,526,0,526
20222,R,전통시장,3130143,방천골목시장,592,294,298,40,109,78,77,102,186,26,51,43,41,50,83,14,58,35,36,52,103,389,0,389
20222,R,전통시장,3130144,백운시장,453,219,234,46,65,56,69,66,151,25,26,30,32,35,71,21,39,26,37,31,80,210,0,210
20222,R,전통시장,3130145,쌍문역둘리상점가,933,450,483,95,199,174,125,134,206,51,89,91,63,60,96,44,110,83,62,74,110,473,0,473
20222,R,전통시장,3130146,쌍문시장(쌍문역골목시장),3436,1690,1746,256,626,475,519,581,979,123,302,249,275,285,456,133,324,226,244,296,523,1953,0,1953
20222,R,전통시장,3130147,쌍문역동측상점가,825,395,430,73,129,131,113,118,261,36,59,67,55,62,116,37,70,64,58,56,145,473,0,473
20222,R,전통시장,3130148,방학동도깨비시장,1109,569,540,116,156,111,143,215,368,64,93,69,72,107,164,52,63,42,71,108,204,528,0,528
20222,R,전통시장,3130149,창동신창시장,2299,1126,1173,286,339,298,344,446,586,142,176,143,191,210,264,144,163,155,153,236,322,987,0,987
20222,R,전통시장,3130150,창동골목시장,1210,591,619,128,138,138,177,214,415,69,70,73,89,106,184,59,68,65,88,108,231,632,0,632
20222,R,전통시장,3130151,신도봉시장,162,79,83,7,24,18,22,30,61,2,11,12,11,17,26,5,13,6,11,13,35,80,0,80
20222,R,전통시장,3130152,오!도봉거리 상점가,734,404,330,68,84,98,108,127,249,36,42,54,68,72,132,32,42,44,40,55,117,411,0,411
20222,R,전통시장,3130153,창동역상점가,174,141,33,5,28,22,30,45,44,2,14,20,26,41,38,3,14,2,4,4,6,159,0,159
20222,R,전통시장,3130154,상계주공1단지(가)상가,68,34,34,8,12,7,6,15,20,5,7,2,4,6,10,3,5,5,2,9,10,24,0,24
20222,R,전통시장,3130155,시영B상가(중계 그린아파트 B 상가),1,1,0,0,0,0,0,1,0,0,0,0,0,1,0,0,0,0,0,0,0,1,0,1
20222,R,전통시장,3130156,시영2단지 무지개종합상가(중계 무지개2단지아파트상가),413,181,232,56,52,89,69,48,99,29,28,39,31,19,35,27,24,50,38,29,64,209,0,209
20222,R,전통시장,3130157,상계중앙시장,1751,893,858,160,240,181,265,340,565,92,118,111,147,171,254,68,122,70,118,169,311,945,0,945
20222,R,전통시장,3130158,상계역전종합상가,1007,420,587,127,135,161,168,146,270,57,60,76,76,62,89,70,75,85,92,84,181,469,0,469
20222,R,전통시장,3130159,공릉동 도깨비시장,1767,893,874,182,342,294,211,274,464,86,165,154,120,135,233,96,177,140,91,139,231,916,0,916
20222,R,전통시장,3130160,수일시장,97,46,51,4,8,9,6,13,57,2,3,8,3,6,24,2,5,1,3,7,33,61,0,61
20222,R,전통시장,3130161,증산종합시장,148,59,89,21,18,19,21,21,48,12,4,8,11,7,17,9,14,11,10,14,31,71,0,71
20222,R,전통시장,3130162,증산골목시장,140,84,56,10,11,12,19,31,57,6,7,10,10,23,28,4,4,2,9,8,29,96,0,96
20222,R,전통시장,3130163,응암오거리상점가,1526,724,802,131,256,237,225,251,426,63,117,113,110,125,196,68,139,124,115,126,230,846,0,846
20222,R,전통시장,3130164,역촌중앙시장,84,39,45,1,14,11,14,16,28,0,6,5,9,8,11,1,8,6,5,8,17,56,0,56
20222,R,전통시장,3130165,"대림골목시장(대림시장, 양지시장)",489,243,246,58,54,50,65,96,166,30,32,30,34,53,64,28,22,20,31,43,102,257,0,257
20222,R,전통시장,3130166,응암시장(신응암시장),201,99,102,35,21,25,35,27,58,16,12,13,17,15,26,19,9,12,18,12,32,81,0,81
20222,R,전통시장,3130167,연신내상점가(연빛거리),1504,739,765,125,326,242,202,227,382,57,152,112,110,124,184,68,174,130,92,103,198,923,0,923
20222,R,전통시장,3130168,연서시장,306,158,148,22,30,28,31,64,131,12,11,15,15,35,70,10,19,13,16,29,61,167,0,167
20222,R,전통시장,3130169,대조시장,1849,850,999,124,314,298,281,243,589,56,144,154,139,121,236,68,170,144,142,122,353,1100,0,1100
20222,R,전통시장,3130170,제일시장,83,41,42,6,9,18,15,12,23,3,4,8,8,6,12,3,5,10,7,6,11,45,0,45
20222,R,전통시장,3130171,불광먹자골목 골목형상점가,1194,527,667,66,310,267,162,153,236,28,130,124,80,71,94,38,180,143,82,82,142,809,0,809
20222,R,전통시장,3130172,모래내시장(서중시장),81,54,27,1,2,9,11,18,40,1,1,8,8,14,22,0,1,1,3,4,18,59,0,59
20222,R,전통시장,3130173,백련시장,137,60,77,6,16,20,16,24,55,3,7,9,7,10,24,3,9,11,9,14,31,71,0,71
20222,R,전통시장,3130175,신촌 상인회(신촌상점가),3,1,2,0,3,0,0,0,0,0,1,0,0,0,0,0,2,0,0,0,0,3,0,3
20222,R,전통시장,3130176,유진상가,286,132,154,28,41,32,28,53,104,12,18,20,14,21,47,16,23,12,14,32,57,107,0,107
20222,R,전통시장,3130177,인왕시장(홍제골목형상점가),262,126,136,18,33,25,33,61,92,11,14,13,17,34,37,7,19,12,16,27,55,152,0,152
20222,R,전통시장,3130178,이대 앞 스타트업 상점가,48,15,33,2,18,5,7,4,12,1,2,3,2,2,5,1,16,2,5,2,7,35,0,35
20222,R,전통시장,3130179,"이화여대 3,5,7길 상점가",1402,317,1085,48,958,181,61,72,82,14,165,53,23,32,30,34,793,128,38,40,52,1238,0,1238
20222,R,전통시장,3130180,포방터시장,593,295,298,62,69,78,70,100,214,33,35,45,34,53,95,29,34,33,36,47,119,310,0,310
20222,R,전통시장,3130181,아현가구거리상점가,647,357,290,36,97,82,86,146,200,23,54,52,50,86,92,13,43,30,36,60,108,399,0,399
20222,R,전통시장,3130182,영천시장,446,233,213,28,64,53,56,80,165,16,34,33,38,46,66,12,30,20,18,34,99,294,0,294
20222,R,전통시장,3130183,상암동상점가,2863,1430,1433,294,611,569,416,361,612,146,287,304,219,200,274,148,324,265,197,161,338,1679,0,1679
20222,R,전통시장,3130185,망원월드컵시장,874,381,493,114,170,137,132,116,205,55,60,68,63,57,78,59,110,69,69,59,127,452,0,452
20222,R,전통시장,3130186,망원시장,1943,900,1043,191,282,329,315,288,538,99,133,158,146,140,224,92,149,171,169,148,314,1068,0,1068
20222,R,전통시장,3130187,영진시장,271,119,152,34,37,52,40,42,66,18,14,18,22,22,25,16,23,34,18,20,41,134,0,134
20222,R,전통시장,3130188,합정시장,71,30,41,3,17,18,9,6,18,1,8,8,5,2,6,2,9,10,4,4,12,37,0,37
20222,R,전통시장,3130189,서교시장,23,15,8,1,3,9,1,1,8,1,3,5,1,1,4,0,0,4,0,0,4,21,0,21
20222,R,전통시장,3130190,홍대소상공인상점가,339,183,156,15,137,58,41,30,58,9,75,35,24,17,23,6,62,23,17,13,35,258,0,258
20222,R,전통시장,3130191,홍대 걷고싶은 거리,497,240,257,30,127,104,51,53,132,13,57,59,29,26,56,17,70,45,22,27,76,328,0,328
20222,R,전통시장,3130192,동진시장,35,18,17,2,9,7,3,3,11,1,6,2,2,2,5,1,3,5,1,1,6,18,0,18
20222,R,전통시장,3130193,신수시장,64,27,37,5,8,17,8,7,19,2,4,6,4,5,6,3,4,11,4,2,13,40,0,40
20222,R,전통시장,3130194,용강동 상점가,756,389,367,144,91,112,171,102,136,67,53,58,89,55,67,77,38,54,82,47,69,358,0,358
20222,R,전통시장,3130195,도화동 상점가,2517,1170,1347,231,442,469,349,375,651,128,186,220,179,187,270,103,256,249,170,188,381,1475,0,1475
20222,R,전통시장,3130196,공덕시장,12,7,5,0,1,3,1,2,5,0,1,1,1,1,3,0,0,2,0,1,2,5,0,5
20222,R,전통시장,3130197,마포시장,61,52,9,0,1,5,4,27,24,0,0,5,4,24,19,0,1,0,0,3,5,59,0,59
20222,R,전통시장,3130198,아현시장,675,320,355,58,111,85,99,88,234,35,49,47,55,43,91,23,62,38,44,45,143,404,0,404
20222,R,전통시장,3130199,신월3동 골목시장,828,466,362,73,78,72,108,181,316,36,40,45,65,112,168,37,38,27,43,69,148,497,0,497
20222,R,전통시장,3130200,"신월7동 골목시장(약수시장, 우성상가)",264,130,134,32,39,24,40,50,79,14,18,12,25,25,36,18,21,12,15,25,43,110,0,110
20222,R,전통시장,3130201,월정로시장,1426,754,672,141,166,179,202,275,463,79,89,98,110,148,230,62,77,81,92,127,233,756,0,756
20222,R,전통시장,3130202,신영시장,1178,576,602,147,155,121,197,204,354,64,85,69,92,110,156,83,70,52,105,94,198,582,0,582
20222,R,전통시장,3130203,서서울 골목형상점가,565,277,288,47,53,70,82,117,196,25,28,40,40,60,84,22,25,30,42,57,112,345,0,345
20222,R,전통시장,3130204,경창시장,815,396,419,141,80,104,138,129,223,68,43,52,70,67,96,73,37,52,68,62,127,322,0,322
20222,R,전통시장,3130205,신곡종합시장(신월6동 골목시장),129,72,57,11,14,9,22,23,50,8,8,8,10,15,23,3,6,1,12,8,27,72,0,72
20222,R,전통시장,3130206,신정3동 골목시장,47,27,20,3,3,8,4,12,17,3,1,4,2,7,10,0,2,4,2,5,7,30,0,30
20222,R,전통시장,3130207,신정1동 골목시장(신정제일시장),191,95,96,27,15,32,20,27,70,12,6,16,11,15,35,15,9,16,9,12,35,106,0,106
20222,R,전통시장,3130208,목동깨비시장(목3동시장),1237,608,629,147,197,259,185,169,280,75,87,130,98,85,133,72,110,129,87,84,147,643,0,643
20222,R,전통시장,3130209,목사랑시장(목4동시장),1630,815,815,254,265,170,240,303,398,150,146,85,110,137,187,104,119,85,130,166,211,645,0,645
20222,R,전통시장,3130210,목2동시장,1293,593,700,80,247,273,141,182,370,34,85,138,67,103,166,46,162,135,74,79,204,841,0,841
20222,R,전통시장,3130211,신정2동 골목시장(오목교중앙시장),786,397,389,86,104,89,123,151,233,46,63,53,65,73,97,40,41,36,58,78,136,369,0,369
20222,R,전통시장,3130212,공항시장,375,188,187,10,117,109,33,37,69,7,36,68,19,22,36,3,81,41,14,15,33,307,0,307
20222,R,전통시장,3130213,방신전통시장,455,225,230,62,62,57,62,75,137,34,32,30,35,33,61,28,30,27,27,42,76,194,0,194
20222,R,전통시장,3130214,송화벽화시장(송화골목시장),657,320,337,108,111,111,108,102,117,50,52,61,47,53,57,58,59,50,61,49,60,320,0,320
20222,R,전통시장,3130216,화곡중앙시장,969,471,498,130,129,188,148,146,228,55,58,102,73,69,114,75,71,86,75,77,114,455,0,455
20222,R,전통시장,3130217,화곡본동시장,340,151,189,36,58,60,53,39,94,16,23,28,28,17,39,20,35,32,25,22,55,179,0,179
20222,R,전통시장,3130218,신월중앙시장,76,43,33,9,14,13,16,10,14,5,7,10,8,7,6,4,7,3,8,3,8,45,0,45
20222,R,전통시장,3130219,까치산시장,963,447,516,95,150,167,156,134,261,46,62,81,79,64,115,49,88,86,77,70,146,512,0,512
20222,R,전통시장,3130220,등마루시장,590,223,367,16,33,22,20,46,453,10,12,11,7,20,163,6,21,11,13,26,290,393,0,393
20222,R,전통시장,3130221,"남부골목시장(남부화곡시장, 남부시장)",2003,957,1046,210,254,286,300,331,622,112,138,139,150,158,260,98,116,147,150,173,362,951,0,951
20222,R,전통시장,3130222,오류시장,167,85,82,9,24,13,22,34,65,5,11,7,16,22,24,4,13,6,6,12,41,109,0,109
20222,R,전통시장,3130223,고척근린시장,559,272,287,50,83,57,80,95,194,24,36,32,46,43,91,26,47,25,34,52,103,313,0,313
20222,R,전통시장,3130224,개봉프라자(고척근린시장),145,70,75,24,8,25,23,19,46,12,5,14,12,9,18,12,3,11,11,10,28,61,0,61
20222,R,전통시장,3130225,개봉중앙시장,3033,1478,1555,300,462,403,443,540,885,166,235,215,236,249,377,134,227,188,207,291,508,1332,0,1332
20222,R,전통시장,3130226,고척프라자,26,13,13,0,2,2,2,5,15,0,1,2,1,1,8,0,1,0,1,4,7,19,0,19
20222,R,전통시장,3130227,고척골목시장상점가(그라운드 고척),271,135,136,13,43,32,30,44,109,4,28,19,15,26,43,9,15,13,15,18,66,160,0,160
20222,R,전통시장,3130228,구로시장,233,121,112,17,25,12,27,56,96,7,14,5,15,34,46,10,11,7,12,22,50,135,0,135
20222,R,전통시장,3130229,남구로시장,636,375,261,60,37,72,92,145,230,29,19,47,56,102,122,31,18,25,36,43,108,402,0,402
20222,R,전통시장,3130230,가리봉시장,152,80,72,10,20,16,13,34,59,5,10,10,2,23,30,5,10,6,11,11,29,103,0,103
20222,R,전통시장,3130231,독산동 우시장,1549,806,743,204,301,540,191,164,149,107,123,307,110,85,74,97,178,233,81,79,75,881,0,881
20222,R,전통시장,3130232,독산동 맛나는거리상점가(독산동 맛나는거리),818,428,390,68,120,105,95,160,270,36,62,57,49,91,133,32,58,48,46,69,137,470,0,470
20222,R,전통시장,3130233,남문시장,1479,736,743,147,190,139,191,339,473,82,92,72,91,167,232,65,98,67,100,172,241,781,0,781
20222,R,전통시장,3130234,푸른터시장(기능상실),228,117,111,22,30,52,32,43,49,14,13,27,16,25,22,8,17,25,16,18,27,127,0,127
20222,R,전통시장,3130235,대명여울빛거리시장(대명시장),1058,544,514,23,144,167,156,174,394,13,69,93,87,94,188,10,75,74,69,80,206,843,0,843
20222,R,전통시장,3130236,비단길현대시장(현대시장),2057,1005,1052,167,304,218,257,393,718,78,159,119,138,192,319,89,145,99,119,201,399,1174,0,1174
20222,R,전통시장,3130237,박미시장(기능상실),282,144,138,15,28,30,52,49,108,10,18,11,26,27,52,5,10,19,26,22,56,174,0,174
20222,R,전통시장,3130238,은행나무시장,1183,579,604,130,174,160,188,189,342,57,85,88,100,105,144,73,89,72,88,84,198,592,0,592
20222,R,전통시장,3130240,영등포유통상가,50,40,10,0,1,5,8,13,23,0,1,4,6,12,17,0,0,1,2,1,6,47,0,47
20222,R,전통시장,3130241,선유도역 골목형상점가,1456,749,707,163,209,322,216,212,334,91,100,169,119,116,154,72,109,153,97,96,180,777,0,777
20222,R,전통시장,3130242,대림중앙 골목형상점가,432,202,230,30,46,36,53,90,177,15,24,16,26,43,78,15,22,20,27,47,99,228,0,228
20222,R,전통시장,3130243,도림시장,74,36,38,7,18,23,5,6,15,4,8,13,3,3,5,3,10,10,2,3,10,52,0,52
20222,R,전통시장,3130244,대림중앙시장,982,475,507,82,110,94,131,186,379,46,64,51,70,85,159,36,46,43,61,101,220,533,0,533
20222,R,전통시장,3130245,영일시장,178,121,57,2,10,17,20,45,84,1,4,15,14,38,49,1,6,2,6,7,35,138,0,138
20222,R,전통시장,3130246,영등포청과시장(조광시장),1705,934,771,83,333,407,199,252,431,41,161,241,119,156,216,42,172,166,80,96,215,1118,0,1118
20222,R,전통시장,3130247,우리시장,368,189,179,38,51,42,49,62,126,22,30,25,22,30,60,16,21,17,27,32,66,182,0,182
20222,R,전통시장,3130248,영등포역지하도상점가,46,28,18,4,3,6,5,9,19,2,3,4,0,8,11,2,0,2,5,1,8,33,0,33
20222,R,전통시장,3130249,동남상가,150,73,77,15,9,11,26,28,61,10,4,8,14,14,23,5,5,3,12,14,38,69,0,69
20222,R,전통시장,3130250,삼구시장(로타리상가),8,6,2,0,0,0,0,2,6,0,0,0,0,1,5,0,0,0,0,1,1,7,0,7
20222,R,전통시장,3130253,영신상가(제일상가),45,39,6,0,3,1,4,10,27,0,1,1,4,9,24,0,2,0,0,1,3,42,0,42
20222,R,전통시장,3130254,남서울상가,2,2,0,0,0,0,0,0,2,0,0,0,0,0,2,0,0,0,0,0,0,2,0,2
20222,R,전통시장,3130255,영등포전통시장,1053,661,392,41,135,142,115,207,413,27,73,97,78,157,229,14,62,45,37,50,184,757,0,757
20222,R,전통시장,3130256,신동시장,44,20,24,4,2,3,7,11,17,3,2,2,1,6,6,1,0,1,6,5,11,25,0,25
20222,R,전통시장,3130257,영등포시장기계공구상가,591,339,252,26,189,148,58,69,101,8,87,90,43,49,62,18,102,58,15,20,39,473,0,473
20222,R,전통시장,3130258,영진시장A동,101,47,54,11,16,10,11,24,29,4,9,4,5,10,15,7,7,6,6,14,14,47,0,47
20222,R,전통시장,3130259,대신시장,213,98,115,23,25,22,30,37,76,10,13,9,12,20,34,13,12,13,18,17,42,82,0,82
20222,R,전통시장,3130260,신대방1동골목상권,505,245,260,44,74,54,69,83,181,25,30,28,32,39,91,19,44,26,37,44,90,303,0,303
20222,R,전통시장,3130261,성대전통시장(성대시장),1954,903,1051,165,343,328,283,297,538,75,137,160,138,153,240,90,206,168,145,144,298,1222,0,1222
20222,R,전통시장,3130262,상도도깨비 골목형상점가,888,440,448,83,130,146,139,138,252,51,62,82,71,69,105,32,68,64,68,69,147,488,0,488
20222,R,전통시장,3130263,신노량진시장(기능상실),228,118,110,15,31,29,33,39,81,7,15,21,19,20,36,8,16,8,14,19,45,132,0,132
20222,R,전통시장,3130264,상도약수골목형상점가,522,244,278,60,106,99,69,82,106,29,48,45,36,38,48,31,58,54,33,44,58,260,0,260
20222,R,전통시장,3130265,노량진중앙시장,115,60,55,3,47,32,7,6,20,1,25,20,1,4,9,2,22,12,6,2,11,97,0,97
20222,R,전통시장,3130266,만양로상점가,66,44,22,3,18,19,8,7,11,1,11,14,8,6,4,2,7,5,0,1,7,53,0,53
20222,R,전통시장,3130267,본동인정시장(기능상실),280,157,123,9,43,41,40,55,92,3,30,23,30,30,41,6,13,18,10,25,51,184,0,184
20222,R,전통시장,3130268,상도전통시장,1587,765,822,119,342,214,205,222,485,65,172,120,98,116,194,54,170,94,107,106,291,975,0,975
20222,R,전통시장,3130269,강남시장(동작구 강남시장),97,42,55,7,14,16,8,18,34,5,3,8,5,6,15,2,11,8,3,12,19,57,0,57
20222,R,전통시장,3130270,흑석시장,50,22,28,5,6,7,7,6,19,3,2,5,6,2,4,2,4,2,1,4,15,32,0,32
20222,R,전통시장,3130271,남성역골목시장,550,241,309,33,114,83,73,66,181,15,43,45,34,30,74,18,71,38,39,36,107,325,0,325
20222,R,전통시장,3130272,사당시장,10,7,3,0,2,1,1,3,3,0,2,1,1,1,2,0,0,0,0,2,1,5,0,5
20222,R,전통시장,3130273,남성사계시장(남성시장),721,365,356,36,138,118,113,100,216,27,62,58,64,55,99,9,76,60,49,45,117,463,0,463
20222,R,전통시장,3130274,사당1동먹자골목상점가(사당1동먹자골목),774,374,400,32,213,160,82,96,191,12,92,84,47,50,89,20,121,76,35,46,102,544,0,544
20222,R,전통시장,3130275,강남골목시장,387,188,199,30,84,72,42,57,102,9,41,38,23,30,47,21,43,34,19,27,55,247,0,247
20222,R,전통시장,3130276,신림중앙시장(조원동 펭귄시장),66,42,24,5,22,13,7,9,10,2,10,11,5,8,6,3,12,2,2,1,4,56,0,56
20222,R,전통시장,3130277,조원동 펭귄시장(신림중앙시장),1363,701,662,123,325,264,178,176,297,60,159,156,103,90,133,63,166,108,75,86,164,832,0,832
20222,R,전통시장,3130278,미성동 도깨비시장 골목형상점가,777,361,416,63,117,79,104,135,279,34,53,37,58,61,118,29,64,42,46,74,161,407,0,407
20222,R,전통시장,3130279,관악신사시장,2181,1078,1103,158,486,347,292,349,549,88,219,194,153,177,247,70,267,153,139,172,302,1355,0,1355
20222,R,전통시장,3130280,신림종합시장,250,138,112,13,86,54,25,29,43,9,47,36,16,11,19,4,39,18,9,18,24,191,0,191
20222,R,전통시장,3130281,우림시장,83,37,46,15,4,18,15,9,22,4,3,8,8,5,9,11,1,10,7,4,13,35,0,35
20222,R,전통시장,3130282,난곡 골목형상점가,336,165,171,42,41,64,35,44,110,19,23,35,21,22,45,23,18,29,14,22,65,166,0,166
20222,R,전통시장,3130283,신원시장,439,254,185,18,109,75,39,80,118,12,53,51,27,49,62,6,56,24,12,31,56,300,0,300
20222,R,전통시장,3130284,관악종합시장(신원시장),13,10,3,0,1,3,2,3,4,0,1,2,2,2,3,0,0,1,0,1,1,11,0,11
20222,R,전통시장,3130285,서원동상점가,865,400,465,16,418,242,71,64,54,9,158,132,40,30,31,7,260,110,31,34,23,751,0,751
20222,R,전통시장,3130286,신신림시장(삼성동시장),30,15,15,0,2,1,2,9,16,0,1,0,2,7,5,0,1,1,0,2,11,21,0,21
20222,R,전통시장,3130287,삼성동 시장(삼성동시장),162,101,61,8,18,18,17,21,80,5,14,13,11,11,47,3,4,5,6,10,33,117,0,117
20222,R,전통시장,3130288,신림현대종합상가,19,7,12,2,3,4,1,4,5,0,1,1,0,2,3,2,2,3,1,2,2,10,0,10
20222,R,전통시장,3130290,영림시장,2084,929,1155,122,670,307,198,248,539,58,247,162,102,137,223,64,423,145,96,111,316,1468,0,1468
20222,R,전통시장,3130291,봉천제일종합시장,168,83,85,1,65,20,11,34,37,0,21,14,4,23,21,1,44,6,7,11,16,151,0,151
20222,R,전통시장,3130292,봉천현대시장,11,4,7,0,4,0,1,3,3,0,2,0,0,2,0,0,2,0,1,1,3,5,0,5
20222,R,전통시장,3130293,봉천중앙시장,421,212,209,14,186,121,30,38,32,6,83,68,16,22,17,8,103,53,14,16,15,322,0,322
20222,R,전통시장,3130294,관악중부시장,588,280,308,32,155,132,78,48,143,14,65,72,41,25,63,18,90,60,37,23,80,409,0,409
20222,R,전통시장,3130295,인헌시장(원당종합시장),1385,693,692,76,308,292,172,178,359,41,149,145,83,112,163,35,159,147,89,66,196,951,0,951
20222,R,전통시장,3130296,남부종합시장,197,93,104,42,20,26,39,26,44,20,12,11,16,14,20,22,8,15,23,12,24,79,0,79
20222,R,전통시장,3130301,양재시장,201,100,101,11,49,55,22,29,35,6,25,30,9,15,15,5,24,25,13,14,20,132,0,132
20222,R,전통시장,3130302,강남시장(강남구 강남시장),272,117,155,37,24,54,52,28,77,19,11,22,23,12,30,18,13,32,29,16,47,109,0,109
20222,R,전통시장,3130303,영동전통시장,1142,546,596,78,215,277,196,161,215,35,99,131,95,88,98,43,116,146,101,73,117,728,0,728
20222,R,전통시장,3130305,논현종합시장,84,38,46,7,7,13,20,6,31,3,2,4,11,4,14,4,5,9,9,2,17,47,0,47
20222,R,전통시장,3130306,강남언주로,408,199,209,19,91,110,69,49,70,6,44,60,38,23,28,13,47,50,31,26,42,274,0,274
20222,R,전통시장,3130307,도곡시장,35,20,15,8,1,4,7,7,8,6,0,2,4,3,5,2,1,2,3,4,3,12,0,12
20222,R,전통시장,3130308,청담삼익시장,6,3,3,0,0,2,1,0,3,0,0,1,0,0,2,0,0,1,1,0,1,4,0,4
20222,R,전통시장,3130309,은마종합상점가,574,289,285,136,90,44,93,135,76,64,54,20,38,72,41,72,36,24,55,63,35,171,0,171
20222,R,전통시장,3130310,강남개포시장,112,63,49,16,15,22,22,16,21,8,6,12,14,9,14,8,9,10,8,7,7,83,0,83
20222,R,전통시장,3130311,새마을시장,2340,1157,1183,182,379,515,320,329,615,87,175,272,178,161,284,95,204,243,142,168,331,1367,0,1367
20222,R,전통시장,3130312,석촌시장,913,446,467,92,130,174,129,150,238,40,61,81,69,80,115,52,69,93,60,70,123,524,0,524
20222,R,전통시장,3130313,방이시장,5350,2547,2803,608,943,1116,758,762,1163,318,429,567,368,346,519,290,514,549,390,416,644,2702,0,2702
20222,R,전통시장,3130314,풍납시장,3970,1962,2008,346,473,483,585,721,1362,178,252,261,293,378,600,168,221,222,292,343,762,2071,0,2071
20222,R,전통시장,3130315,문정동 로데오거리 상점가(문정동 로데오거리),1222,617,605,121,197,180,209,213,302,64,87,104,101,113,148,57,110,76,108,100,154,687,0,687
20222,R,전통시장,3130316,마천시장,97,50,47,7,11,14,11,17,37,4,5,9,8,7,17,3,6,5,3,10,20,58,0,58
20222,R,전통시장,3130317,마천중앙시장,1061,566,495,139,86,132,152,189,363,56,49,82,86,115,178,83,37,50,66,74,185,536,0,536
20222,R,전통시장,3130318,로데오거리상점가,773,343,430,11,242,255,116,92,57,4,73,116,55,63,32,7,169,139,61,29,25,670,0,670
20222,R,전통시장,3130319,성내전통시장,1314,673,641,130,169,197,218,215,385,57,83,106,116,124,187,73,86,91,102,91,198,715,0,715
20222,R,전통시장,3130320,암사종합시장,989,508,481,85,168,197,157,144,238,38,82,105,94,74,115,47,86,92,63,70,123,556,0,556
20222,R,전통시장,3130321,장신구 특화거리 상점가,1443,722,721,239,225,312,234,195,238,116,126,154,120,88,118,123,99,158,114,107,120,664,0,664
20222,R,전통시장,3130322,고분다리전통시장,771,400,371,58,106,85,110,135,277,29,56,48,62,74,131,29,50,37,48,61,146,437,0,437
20222,R,전통시장,3130323,둔촌역전통시장,1515,782,733,152,213,221,231,273,425,93,123,122,122,134,188,59,90,99,109,139,237,718,0,718
20222,R,전통시장,3130324,길동복조리시장,1129,555,574,118,158,129,170,175,379,66,77,73,94,79,166,52,81,56,76,96,213,489,0,489
20222,R,전통시장,3130325,명일전통시장,1895,942,953,341,243,255,312,288,456,170,124,137,142,161,208,171,119,118,170,127,248,697,0,697
20222,R,전통시장,3130326,고덕 골목형상점가,1281,639,642,255,155,407,224,117,123,145,73,204,108,60,49,110,82,203,116,57,74,579,0,579
20222,R,전통시장,3130327,"평화시장(남평화시장, 제일평화시장, 신평화패션타운)",3,0,3,0,1,1,1,0,0,0,0,0,0,0,0,0,1,1,1,0,0,3,0,3
20222,U,관광특구,3001491,이태원 관광특구,5083,2410,2673,326,721,912,761,790,1573,173,346,497,384,376,634,153,375,415,377,414,939,3300,0,3300
20222,U,관광특구,3001492,명동 남대문 북창동 다동 무교동 관광특구,1089,403,686,17,50,107,175,233,507,7,25,56,66,90,159,10,25,51,109,143,348,494,0,494
20222,U,관광특구,3001493,동대문패션타운 관광특구,2636,1264,1372,188,611,611,360,380,486,87,250,290,185,197,255,101,361,321,175,183,231,1704,0,1704
20222,U,관광특구,3001494,종로?청계 관광특구,1795,1196,599,37,199,203,202,394,760,21,121,142,143,285,484,16,78,61,59,109,276,1475,0,1475
20222,U,관광특구,3001495,잠실 관광특구,9817,4317,5500,825,2296,2634,1332,1101,1629,429,830,1144,580,542,792,396,1466,1490,752,559,837,6271,0,6271
20222,U,관광특구,3001496,강남 마이스 관광특구,29,16,13,2,4,2,4,9,8,0,2,1,2,5,6,2,2,1,2,4,2,18,0,18
20223,A,골목상권,3110001,이북5도청사,1020,466,554,160,142,94,160,194,270,85,64,44,68,84,121,75,78,50,92,110,149,401,0,401
20223,A,골목상권,3110002,독립문역 1번,629,309,320,79,57,59,78,91,265,39,29,30,45,51,115,40,28,29,33,40,150,343,0,343
20223,A,골목상권,3110003,세검정초등학교,3212,1505,1707,603,399,372,551,533,754,285,203,179,256,234,348,318,196,193,295,299,406,1270,0,1270
20223,A,골목상권,3110004,대신고등학교,471,221,250,57,61,47,69,77,160,30,34,24,33,33,67,27,27,23,36,44,93,244,0,244
20223,A,골목상권,3110005,세검정,2153,1044,1109,356,294,250,346,374,533,205,153,119,152,173,242,151,141,131,194,201,291,878,0,878
20223,A,골목상권,3110006,부암동주민센터,687,319,368,64,70,75,94,129,255,36,38,32,45,59,109,28,32,43,49,70,146,384,0,384
20223,A,골목상권,3110007,사직공원(한국사회과학도서관),1927,882,1045,267,268,257,315,325,495,131,127,132,148,139,205,136,141,125,167,186,290,885,0,885
20223,A,골목상권,3110008,배화여자대학교(박노수미술관),4595,2051,2544,714,563,656,846,716,1100,347,255,317,360,329,443,367,308,339,486,387,657,2045,0,2045
20223,A,골목상권,3110009,자하문터널,1602,770,832,216,209,237,305,277,358,123,110,122,138,119,158,93,99,115,167,158,200,713,0,713
20223,A,골목상권,3110010,평창동서측,3134,1408,1726,428,389,369,499,549,900,208,189,160,216,244,391,220,200,209,283,305,509,1417,0,1417
20223,A,골목상권,3110011,청운초등학교,431,215,216,74,68,46,63,90,90,44,42,15,30,42,42,30,26,31,33,48,48,164,0,164
20223,A,골목상권,3110012,성곡미술관,1928,873,1055,272,287,267,291,375,436,130,134,117,124,178,190,142,153,150,167,197,246,847,0,847
20223,A,골목상권,3110013,체부동홍종문가옥,374,179,195,46,49,70,53,57,99,26,25,29,27,26,46,20,24,41,26,31,53,198,0,198
20223,A,골목상권,3110014,경복고등학교,931,429,502,136,113,93,162,161,266,76,58,37,73,75,110,60,55,56,89,86,156,464,0,464
20223,A,골목상권,3110015,청와대사랑채,589,279,310,98,82,91,103,94,121,54,38,37,52,41,57,44,44,54,51,53,64,254,0,254
20223,A,골목상권,3110016,평창동동측,2075,986,1089,259,311,233,268,353,651,136,164,104,126,155,301,123,147,129,142,198,350,901,0,901
20223,A,골목상권,3110017,정독도서관,731,353,378,103,88,101,115,129,195,56,42,49,57,63,86,47,46,52,58,66,109,321,0,321
20223,A,골목상권,3110018,중앙고등학교,2795,1324,1471,371,339,398,509,431,747,201,164,190,233,208,328,170,175,208,276,223,419,1295,0,1295
20223,A,골목상권,3110019,창덕궁,243,143,100,6,20,32,37,35,113,4,16,16,25,24,58,2,4,16,12,11,55,159,0,159
20223,A,골목상권,3110020,서울국제고등학교,3990,2018,1972,430,1169,468,478,512,933,201,634,281,233,258,411,229,535,187,245,254,522,2299,0,2299
20223,A,골목상권,3110021,성균관대학교,1915,930,985,180,725,240,208,213,349,89,353,129,102,98,159,91,372,111,106,115,190,1229,0,1229
20223,A,골목상권,3110022,경신고등학교,1552,707,845,265,368,196,278,184,261,128,168,88,130,78,115,137,200,108,148,106,146,784,0,784
20223,A,골목상권,3110023,서울대병원,554,258,296,32,178,108,51,59,126,18,90,50,24,25,51,14,88,58,27,34,75,365,0,365
20223,A,골목상권,3110024,혜회동주민센터,1257,561,696,118,273,155,183,179,349,59,118,81,81,81,141,59,155,74,102,98,208,800,0,800
20223,A,골목상권,3110025,충신시장옆,479,262,217,37,76,76,71,85,134,25,46,44,40,41,66,12,30,32,31,44,68,264,0,264
20223,A,골목상권,3110026,종로5가역 4번,108,53,55,3,14,14,9,30,38,0,8,5,4,14,22,3,6,9,5,16,16,62,0,62
20223,A,골목상권,3110027,혜화역 1번,2669,1220,1449,245,549,407,376,387,705,112,251,190,187,188,292,133,298,217,189,199,413,1450,0,1450
20223,A,골목상권,3110028,이화달팽이길,3909,1998,1911,354,716,514,461,763,1101,179,360,284,254,403,518,175,356,230,207,360,583,2181,0,2181
20223,A,골목상권,3110029,동대문역 1번,5260,2757,2503,487,788,561,683,1174,1567,266,435,329,364,619,744,221,353,232,319,555,823,2569,0,2569
20223,A,골목상권,3110030,동대문역 3번,179,92,87,9,20,16,24,42,68,3,10,11,11,27,30,6,10,5,13,15,38,116,0,116
20223,A,골목상권,3110031,창신역 1번,486,236,250,44,76,61,54,97,154,21,38,27,29,47,74,23,38,34,25,50,80,266,0,266
20223,A,골목상권,3110032,수족관거리,27,14,13,1,0,5,3,4,14,1,0,3,2,3,5,0,0,2,1,1,9,16,0,16
20223,A,골목상권,3110033,창신역 4번,2007,979,1028,161,254,239,291,408,654,75,140,133,155,195,281,86,114,106,136,213,373,1077,0,1077
20223,A,골목상권,3110034,창신1동주민센터,348,200,148,3,5,15,44,74,207,1,1,8,26,41,123,2,4,7,18,33,84,308,0,308
20223,A,골목상권,3110035,동묘앞역 2번,3468,1809,1659,223,472,433,479,765,1096,124,221,254,272,411,527,99,251,179,207,354,569,2014,0,2014
20223,A,골목상권,3110036,동묘앞역 3번,386,213,173,9,208,80,20,29,40,2,106,48,13,18,26,7,102,32,7,11,14,342,0,342
20223,A,골목상권,3110037,신설동역 12번,1535,772,763,117,221,205,191,318,483,60,120,113,94,163,222,57,101,92,97,155,261,807,0,807
20223,A,골목상권,3110038,경향신문사,12,9,3,2,1,2,1,3,3,2,1,2,0,3,1,0,0,0,1,0,2,7,0,7
20223,A,골목상권,3110039,회현역 1번,87,53,34,5,8,6,17,13,38,5,3,5,10,11,19,0,5,1,7,2,19,51,0,51
20223,A,골목상권,3110040,중구회현체육센터(정화예술대남산캠퍼스),906,428,478,76,126,93,131,146,334,35,66,51,68,72,136,41,60,42,63,74,198,482,0,482
20223,A,골목상권,3110041,남산케이블카,701,351,350,76,100,115,106,102,202,40,53,64,60,47,87,36,47,51,46,55,115,439,0,439
20223,A,골목상권,3110042,남산골공원옆,965,470,495,83,200,166,134,130,252,39,87,87,76,66,115,44,113,79,58,64,137,532,0,532
20223,A,골목상권,3110043,충무초등학교,2208,1145,1063,215,814,310,218,238,413,108,440,169,115,138,175,107,374,141,103,100,238,1458,0,1458
20223,A,골목상권,3110044,관성묘,231,109,122,26,45,39,38,31,52,13,21,20,21,14,20,13,24,19,17,17,32,130,0,130
20223,A,골목상권,3110045,동대문역사문화공원역 5번,910,473,437,65,129,119,109,163,325,37,68,71,64,86,147,28,61,48,45,77,178,528,0,528
20223,A,골목상권,3110046,버티고개,3660,1824,1836,336,598,605,547,607,967,184,309,337,276,280,438,152,289,268,271,327,529,1656,0,1656
20223,A,골목상권,3110047,다산성곽길,2754,1296,1458,266,406,379,405,467,831,130,208,190,190,233,345,136,198,189,215,234,486,1360,0,1360
20223,A,골목상권,3110048,장충동주민센터,2453,1191,1262,251,455,421,343,368,615,129,230,209,179,174,270,122,225,212,164,194,345,1262,0,1262
20223,A,골목상권,3110049,장충단 고개,1958,913,1045,236,397,330,292,282,421,128,183,167,136,126,173,108,214,163,156,156,248,988,0,988
20223,A,골목상권,3110050,약수역 7번,769,365,404,73,136,107,113,105,235,40,73,50,53,50,99,33,63,57,60,55,136,396,0,396
20223,A,골목상권,3110051,한양공고앞 교차로,1222,640,582,78,160,158,149,240,437,41,88,90,80,130,211,37,72,68,69,110,226,710,0,710
20223,A,골목상권,3110052,장충초등학교,1688,851,837,176,283,251,213,306,459,91,127,145,113,155,220,85,156,106,100,151,239,876,0,876
20223,A,골목상권,3110053,청구역 1번,2634,1310,1324,209,418,383,371,524,729,100,209,204,210,270,317,109,209,179,161,254,412,1498,0,1498
20223,A,골목상권,3110054,청구역 3번,1988,951,1037,192,442,382,278,282,412,102,204,188,136,138,183,90,238,194,142,144,229,1121,0,1121
20223,A,골목상권,3110055,황학동벼룩시장,302,150,152,10,70,74,29,48,71,4,30,36,17,27,36,6,40,38,12,21,35,224,0,224
20223,A,골목상권,3110056,신당역 3번,5008,2455,2553,460,796,620,682,998,1452,257,358,316,365,525,634,203,438,304,317,473,818,2699,0,2699
20223,A,골목상권,3110057,황학코아루아파트,1743,729,1014,92,567,495,202,187,200,48,179,210,95,102,95,44,388,285,107,85,105,1288,0,1288
20223,A,골목상권,3110058,성심여자고등학교,3736,1777,1959,420,585,504,551,633,1043,188,289,265,285,297,453,232,296,239,266,336,590,1972,0,1972
20223,A,골목상권,3110059,새남터성지,1785,831,954,172,180,210,259,321,643,84,92,122,131,156,246,88,88,88,128,165,397,953,0,953
20223,A,골목상권,3110060,효창공원앞역 6번,3491,1660,1831,375,602,610,540,528,836,195,291,303,253,265,353,180,311,307,287,263,483,1728,0,1728
20223,A,골목상권,3110061,효창동주민센터,3871,1838,2033,506,622,631,559,613,940,263,288,321,267,292,407,243,334,310,292,321,533,1764,0,1764
20223,A,골목상권,3110062,한강로동땡땡거리(은행나무길),1263,664,599,77,154,159,175,207,491,45,77,103,103,121,215,32,77,56,72,86,276,734,0,734
20223,A,골목상권,3110063,효창공원앞역 5번,2934,1472,1462,250,514,641,358,415,756,120,244,355,202,221,330,130,270,286,156,194,426,1651,0,1651
20223,A,골목상권,3110064,효창공원앞역 2번,2998,1377,1621,391,601,542,473,426,565,190,240,282,220,207,238,201,361,260,253,219,327,1454,0,1454
20223,A,골목상권,3110065,남정초등학교,155,72,83,25,28,27,23,18,34,14,14,11,13,5,15,11,14,16,10,13,19,85,0,85
20223,A,골목상권,3110066,서울역 15번,2709,1373,1336,244,423,409,379,524,730,125,218,236,195,266,333,119,205,173,184,258,397,1541,0,1541
20223,A,골목상권,3110067,배문고등학교,7697,3889,3808,806,1439,1229,1132,1338,1753,426,718,711,581,667,786,380,721,518,551,671,967,3893,0,3893
20223,A,골목상권,3110068,남영역 1번,3437,1616,1821,265,719,765,463,442,783,132,276,403,240,222,343,133,443,362,223,220,440,2038,0,2038
20223,A,골목상권,3110069,숙대입구,5535,2202,3333,426,1478,865,734,685,1347,200,410,420,351,308,513,226,1068,445,383,377,834,3446,0,3446
20223,A,골목상권,3110070,용산세무서,105,49,56,18,12,13,16,15,31,6,7,6,9,7,14,12,5,7,7,8,17,43,0,43
20223,A,골목상권,3110071,한강미주맨션아파트,534,241,293,104,54,60,88,88,140,47,29,29,37,46,53,57,25,31,51,42,87,179,0,179
20223,A,골목상권,3110072,열정도,124,91,33,1,8,12,16,23,64,0,8,8,11,22,42,1,0,4,5,1,22,97,0,97
20223,A,골목상권,3110073,삼각지역 3번,478,226,252,17,93,114,65,46,143,13,47,55,36,25,50,4,46,59,29,21,93,364,0,364
20223,A,골목상권,3110074,서울역 12번,3273,2153,1120,170,345,395,468,761,1134,94,158,220,320,582,779,76,187,175,148,179,355,2493,0,2493
20223,A,골목상권,3110075,숙대입구역 1번,3263,1729,1534,243,483,457,463,590,1027,120,248,236,245,346,534,123,235,221,218,244,493,2033,0,2033
20223,A,골목상권,3110076,삼각지역 14번,18,12,6,0,0,1,1,5,11,0,0,1,1,4,6,0,0,0,0,1,5,15,0,15
20223,A,골목상권,3110077,삼광초등학교,1233,595,638,150,159,157,209,198,360,80,77,82,99,104,153,70,82,75,110,94,207,618,0,618
20223,A,골목상권,3110078,이촌동점보아파트,465,217,248,91,61,36,76,88,113,46,33,10,34,38,56,45,28,26,42,50,57,146,0,146
20223,A,골목상권,3110079,후암동주민센터,10480,5031,5449,1365,1572,1771,1716,1654,2402,719,773,912,818,785,1024,646,799,859,898,869,1378,5148,0,5148
20223,A,골목상권,3110080,해방촌예술마을,4131,2028,2103,438,606,664,626,610,1187,242,302,356,326,284,518,196,304,308,300,326,669,2097,0,2097
20223,A,골목상권,3110081,해방촌 남동측,3336,1544,1792,243,528,533,442,506,1084,111,269,255,227,218,464,132,259,278,215,288,620,1950,0,1950
20223,A,골목상권,3110082,용산구청,978,464,514,70,161,210,132,136,269,37,80,106,68,56,117,33,81,104,64,80,152,564,0,564
20223,A,골목상권,3110083,서빙고역 1번,727,358,369,121,82,149,134,92,149,64,37,73,69,51,64,57,45,76,65,41,85,350,0,350
20223,A,골목상권,3110084,경리단길북측,3620,1629,1991,271,528,624,560,524,1113,126,270,314,265,230,424,145,258,310,295,294,689,2154,0,2154
20223,A,골목상권,3110085,경리단길남측,2745,1282,1463,306,460,513,430,370,666,157,218,254,204,177,272,149,242,259,226,193,394,1508,0,1508
20223,A,골목상권,3110086,이태원역 북측,1103,533,570,152,174,191,171,135,280,80,92,90,82,59,130,72,82,101,89,76,150,549,0,549
20223,A,골목상권,3110087,이태원엔틱가구거리,1686,743,943,85,222,211,223,273,672,49,114,131,105,126,218,36,108,80,118,147,454,1150,0,1150
20223,A,골목상권,3110088,오산고등학교,1727,850,877,209,265,258,280,308,407,106,138,136,136,163,171,103,127,122,144,145,236,813,0,813
20223,A,골목상권,3110089,서빙고동주민센터,2539,1233,1306,264,329,348,385,434,779,145,164,194,194,211,325,119,165,154,191,223,454,1322,0,1322
20223,A,골목상권,3110090,한국폴리텍대학서울정수캠퍼스,1963,915,1048,185,298,331,303,331,515,90,144,179,122,167,213,95,154,152,181,164,302,1109,0,1109
20223,A,골목상권,3110091,리움미술관,153,75,78,14,18,35,17,16,53,7,9,21,6,8,24,7,9,14,11,8,29,82,0,82
20223,A,골목상권,3110092,NH농협은행 보광동지점,3527,1743,1784,312,586,534,497,633,965,178,344,277,260,287,397,134,242,257,237,346,568,1848,0,1848
20223,A,골목상권,3110093,우사단길,6035,3127,2908,490,956,1123,925,930,1611,269,534,654,505,489,676,221,422,469,420,441,935,3613,0,3613
20223,A,골목상권,3110094,오산중학교,358,183,175,26,63,49,46,71,103,13,25,35,23,40,47,13,38,14,23,31,56,201,0,201
20223,A,골목상권,3110095,한강진역 3번,2566,1144,1422,196,227,483,452,380,828,108,100,223,230,180,303,88,127,260,222,200,525,1717,0,1717
20223,A,골목상권,3110096,한남힐사이드아파트,972,437,535,118,126,205,148,149,226,64,56,86,77,65,89,54,70,119,71,84,137,454,0,454
20223,A,골목상권,3110097,한남초등학교,226,100,126,26,25,73,33,24,45,12,12,31,16,10,19,14,13,42,17,14,26,131,0,131
20223,A,골목상권,3110098,서울독일학교,219,104,115,29,35,30,30,39,56,16,12,18,18,17,23,13,23,12,12,22,33,117,0,117
20223,A,골목상권,3110099,유엔빌리지길,1823,895,928,312,201,329,273,313,395,162,105,151,132,156,189,150,96,178,141,157,206,835,0,835
20223,A,골목상권,3110100,옥수동우편취급국,107,55,52,16,20,15,12,22,22,11,11,8,6,10,9,5,9,7,6,12,13,43,0,43
20223,A,골목상권,3110101,옥정중학교,662,281,381,79,104,155,123,87,114,38,31,78,50,39,45,41,73,77,73,48,69,378,0,378
20223,A,골목상권,3110102,옥수역 6번,813,385,428,89,131,121,144,101,227,48,55,55,79,56,92,41,76,66,65,45,135,455,0,455
20223,A,골목상권,3110103,옥수터널,409,196,213,36,69,69,58,65,112,16,40,39,31,32,38,20,29,30,27,33,74,215,0,215
20223,A,골목상권,3110104,신금호역 4번,2904,1414,1490,368,407,346,473,507,803,183,203,194,242,249,343,185,204,152,231,258,460,1334,0,1334
20223,A,골목상권,3110105,금동어린이공원,2845,1380,1465,307,395,382,396,486,879,171,214,194,193,237,371,136,181,188,203,249,508,1398,0,1398
20223,A,골목상권,3110106,금북초등학교,919,458,461,118,141,125,119,149,267,68,81,61,54,71,123,50,60,64,65,78,144,407,0,407
20223,A,골목상권,3110107,금호사거리,224,105,119,17,21,30,30,41,85,11,8,15,16,20,35,6,13,15,14,21,50,132,0,132
20223,A,골목상권,3110108,성동구립금호도서관,3,1,2,0,0,0,1,0,2,0,0,0,0,0,1,0,0,0,1,0,1,1,0,1
20223,A,골목상권,3110109,금호삼성래미안아파트,451,226,225,32,73,63,60,75,148,12,39,38,32,36,69,20,34,25,28,39,79,242,0,242
20223,A,골목상권,3110110,상왕십리역 6번,1988,928,1060,156,429,336,277,316,474,77,174,164,148,166,199,79,255,172,129,150,275,1159,0,1159
20223,A,골목상권,3110111,대현산장미원,1418,713,705,162,168,174,255,221,438,83,85,108,125,113,199,79,83,66,130,108,239,617,0,617
20223,A,골목상권,3110112,행당역 2번,2689,1292,1397,308,519,374,390,453,645,159,260,182,189,209,293,149,259,192,201,244,352,1348,0,1348
20223,A,골목상권,3110113,응봉산,1424,710,714,195,186,183,207,276,377,104,103,88,113,136,166,91,83,95,94,140,211,633,0,633
20223,A,골목상권,3110114,왕십리파출소,826,402,424,109,133,126,124,147,187,55,64,60,68,77,78,54,69,66,56,70,109,372,0,372
20223,A,골목상권,3110115,상왕십리역 3번,2063,1044,1019,183,471,355,259,363,432,111,229,199,119,193,193,72,242,156,140,170,239,1116,0,1116
20223,A,골목상권,3110116,청계천박물관,1932,982,950,198,284,218,257,404,571,106,156,118,130,215,257,92,128,100,127,189,314,948,0,948
20223,A,골목상권,3110117,성동구보건소,1595,818,777,175,257,239,205,281,438,101,136,126,114,137,204,74,121,113,91,144,234,795,0,795
20223,A,골목상권,3110118,왕십리역 9번,1097,581,516,86,156,149,131,227,348,41,91,91,62,130,166,45,65,58,69,97,182,694,0,694
20223,A,골목상권,3110119,마장지하차도,284,141,143,34,35,30,43,50,92,17,19,13,25,25,42,17,16,17,18,25,50,147,0,147
20223,A,골목상권,3110120,서울숲카페거리,839,412,427,93,134,149,140,130,193,48,75,68,71,65,85,45,59,81,69,65,108,432,0,432
20223,A,골목상권,3110121,한양대역 4번,934,555,379,73,527,104,50,68,112,34,337,73,30,36,45,39,190,31,20,32,67,771,0,771
20223,A,골목상권,3110122,마장역 2번,846,429,417,123,128,120,136,139,200,59,64,70,69,71,96,64,64,50,67,68,104,365,0,365
20223,A,골목상권,3110123,마장역 3번,2776,1384,1392,249,521,356,337,456,857,129,248,192,176,242,397,120,273,164,161,214,460,1611,0,1611
20223,A,골목상권,3110124,뚝섬역교차로,856,476,380,64,167,124,113,152,236,32,94,74,56,93,127,32,73,50,57,59,109,512,0,512
20223,A,골목상권,3110125,사근동살곶이상점가,4343,2239,2104,383,1637,473,417,490,943,163,917,290,234,227,408,220,720,183,183,263,535,2833,0,2833
20223,A,골목상권,3110126,서울숲역 1번,607,293,314,54,117,114,83,85,154,37,57,60,38,36,65,17,60,54,45,49,89,316,0,316
20223,A,골목상권,3110127,성수1가1동주민센터,980,487,493,51,232,258,142,141,156,22,112,123,64,93,73,29,120,135,78,48,83,715,0,715
20223,A,골목상권,3110128,성원중학교,7452,3995,3457,721,1190,1027,1034,1613,1867,369,669,590,551,904,912,352,521,437,483,709,955,4002,0,4002
20223,A,골목상권,3110129,성원어린이공원,1602,788,814,189,261,296,263,244,349,89,134,136,136,129,164,100,127,160,127,115,185,833,0,833
20223,A,골목상권,3110130,답십리역 6번,1188,587,601,102,197,115,169,224,381,45,101,62,85,120,174,57,96,53,84,104,207,627,0,627
20223,A,골목상권,3110131,성수동카페거리,2618,1405,1213,228,551,480,298,449,612,120,270,277,160,249,329,108,281,203,138,200,283,1526,0,1526
20223,A,골목상권,3110132,성수2가3동주민센터,2091,1066,1025,146,425,453,281,295,491,76,198,235,141,178,238,70,227,218,140,117,253,1318,0,1318
20223,A,골목상권,3110133,서울교통공사,1855,944,911,202,218,254,291,350,540,100,109,125,163,187,260,102,109,129,128,163,280,977,0,977
20223,A,골목상권,3110134,성수119안전센터,5535,2971,2564,521,757,834,786,1121,1516,264,434,458,424,643,748,257,323,376,362,478,768,2888,0,2888
20223,A,골목상권,3110135,성동세무서,1157,628,529,106,212,207,170,190,272,63,113,110,98,105,139,43,99,97,72,85,133,657,0,657
20223,A,골목상권,3110136,경수초등학교,2505,1300,1205,297,332,401,360,427,688,150,169,210,198,218,355,147,163,191,162,209,333,1203,0,1203
20223,A,골목상권,3110137,성수초등학교,1611,857,754,174,321,372,232,235,277,85,136,208,142,132,154,89,185,164,90,103,123,920,0,920
20223,A,골목상권,3110138,송정체육공원,3513,1886,1627,337,616,510,451,667,932,175,319,290,250,387,465,162,297,220,201,280,467,1973,0,1973
20223,A,골목상권,3110139,자양4동주민센터,5303,2677,2626,418,780,779,746,969,1611,195,393,432,400,520,737,223,387,347,346,449,874,3040,0,3040
20223,A,골목상권,3110140,건대입구역 6번,4954,2481,2473,392,805,723,682,859,1493,194,380,395,375,464,673,198,425,328,307,395,820,2848,0,2848
20223,A,골목상권,3110141,건대입구역 1번,3062,1462,1600,149,1224,590,307,287,505,77,523,322,170,138,232,72,701,268,137,149,273,2208,0,2208
20223,A,골목상권,3110142,화양사거리,6199,2984,3215,274,2946,1266,546,509,658,136,1264,701,314,269,300,138,1682,565,232,240,358,4850,0,4850
20223,A,골목상권,3110143,뚝섬유원지역 1번,116,59,57,18,15,11,17,25,30,8,8,5,8,14,16,10,7,6,9,11,14,49,0,49
20223,A,골목상권,3110144,어린이대공원역 4번,2130,1033,1097,83,898,326,196,239,388,38,405,167,109,142,172,45,493,159,87,97,216,1732,0,1732
20223,A,골목상권,3110145,장안초등학교,551,270,281,48,152,75,62,82,132,22,80,40,32,39,57,26,72,35,30,43,75,308,0,308
20223,A,골목상권,3110146,신자초등학교,3818,1938,1880,471,567,591,552,665,972,247,304,308,283,333,463,224,263,283,269,332,509,1853,0,1853
20223,A,골목상권,3110147,능동우편취급국,6260,3171,3089,617,1355,1161,849,968,1310,329,698,616,443,474,611,288,657,545,406,494,699,3407,0,3407
20223,A,골목상권,3110148,어린이대공원역 3번,1537,769,768,82,602,244,154,166,289,36,298,129,90,90,126,46,304,115,64,76,163,1068,0,1068
20223,A,골목상권,3110149,세종대학교,1055,490,565,96,301,204,131,143,180,45,141,100,65,61,78,51,160,104,66,82,102,598,0,598
20223,A,골목상권,3110150,중곡1동 마을마당,6333,3133,3200,631,1107,1244,863,974,1514,333,560,625,445,487,683,298,547,619,418,487,831,3330,0,3330
20223,A,골목상권,3110151,자양한강도서관,4732,2306,2426,538,763,774,752,799,1106,288,380,378,385,375,500,250,383,396,367,424,606,2312,0,2312
20223,A,골목상권,3110152,중곡어린이공원,2023,1029,994,243,293,326,308,360,493,134,138,179,165,181,232,109,155,147,143,179,261,996,0,996
20223,A,골목상권,3110153,중곡1동주민센터,2573,1221,1352,233,437,546,368,370,619,122,180,279,186,173,281,111,257,267,182,197,338,1412,0,1412
20223,A,골목상권,3110154,광진정말공원,4366,2121,2245,482,727,672,640,775,1070,268,364,336,319,371,463,214,363,336,321,404,607,2148,0,2148
20223,A,골목상권,3110155,광진구청,4200,2072,2128,487,926,626,615,675,871,256,463,336,292,323,402,231,463,290,323,352,469,2111,0,2111
20223,A,골목상권,3110156,군자역 5번,6239,2862,3377,602,1308,1363,923,747,1296,304,561,616,472,343,566,298,747,747,451,404,730,3544,0,3544
20223,A,골목상권,3110157,자양동우체국,5774,2858,2916,823,890,889,971,994,1207,423,481,445,481,481,547,400,409,444,490,513,660,2602,0,2602
20223,A,골목상권,3110158,중곡3동주민센터,6729,3352,3377,651,1043,1054,958,1201,1822,355,494,573,488,609,833,296,549,481,470,592,989,3649,0,3649
20223,A,골목상권,3110159,구의역 4번,8894,4239,4655,857,1714,1470,1232,1443,2178,396,798,739,633,701,972,461,916,731,599,742,1206,4855,0,4855
20223,A,골목상권,3110160,광진경찰서,1893,905,988,232,351,336,341,297,336,126,172,161,164,140,142,106,179,175,177,157,194,944,0,944
20223,A,골목상권,3110161,중곡역 3번,4891,2419,2472,495,811,834,667,826,1258,256,411,434,348,385,585,239,400,400,319,441,673,2469,0,2469
20223,A,골목상권,3110162,군자역 4번,3729,1750,1979,523,643,667,572,540,784,249,301,321,277,249,353,274,342,346,295,291,431,1665,0,1665
20223,A,골목상권,3110163,성자초등학교,2923,1365,1558,424,454,503,484,449,609,212,201,241,236,210,265,212,253,262,248,239,344,1278,0,1278
20223,A,골목상권,3110164,아차산역 5번,3398,1584,1814,369,642,816,451,437,683,203,275,359,227,202,318,166,367,457,224,235,365,1755,0,1755
20223,A,골목상권,3110165,국립정신건강센터,4189,2027,2162,474,747,667,548,778,975,236,371,346,264,364,446,238,376,321,284,414,529,1913,0,1913
20223,A,골목상권,3110166,구의1동주민센터,6101,2891,3210,473,1390,1160,867,897,1314,232,640,585,429,426,579,241,750,575,438,471,735,3508,0,3508
20223,A,골목상권,3110167,용마초등학교,6882,3267,3615,958,1127,1201,1019,1097,1480,497,530,585,489,506,660,461,597,616,530,591,820,3155,0,3155
20223,A,골목상권,3110168,대원고등학교,2583,1265,1318,359,456,392,366,495,515,191,225,200,168,239,242,168,231,192,198,256,273,1104,0,1104
20223,A,골목상권,3110169,성동초등학교,2609,1307,1302,238,529,579,311,420,532,130,252,325,153,194,253,108,277,254,158,226,279,1360,0,1360
20223,A,골목상권,3110170,동대부여고,6237,3026,3211,541,1276,1256,896,892,1376,242,616,672,454,440,602,299,660,584,442,452,774,3367,0,3367
20223,A,골목상권,3110171,중곡4동주민센터,2409,1145,1264,245,327,310,355,457,715,116,163,153,192,207,314,129,164,157,163,250,401,1190,0,1190
20223,A,골목상권,3110172,광진초등학교,4010,1933,2077,565,547,588,631,668,1011,295,261,293,321,322,441,270,286,295,310,346,570,1960,0,1960
20223,A,골목상권,3110173,구남초등학교,1410,654,756,149,272,254,170,236,329,76,126,130,73,108,141,73,146,124,97,128,188,716,0,716
20223,A,골목상권,3110174,아차산역 1번,4692,2250,2442,592,655,690,669,787,1299,304,326,333,334,360,593,288,329,357,335,427,706,2047,0,2047
20223,A,골목상권,3110175,푸른동산공원,5000,2357,2643,644,917,882,792,753,1012,318,416,441,380,347,455,326,501,441,412,406,557,2478,0,2478
20223,A,골목상권,3110176,해오름공원,6118,3036,3082,644,932,843,864,1122,1713,350,484,440,449,562,751,294,448,403,415,560,962,2913,0,2913
20223,A,골목상권,3110177,동의초등학교,1551,751,800,249,202,171,257,250,422,119,106,92,128,122,184,130,96,79,129,128,238,661,0,661
20223,A,골목상권,3110178,장로회신학대학교,1132,552,580,142,168,162,157,161,342,74,83,81,78,76,160,68,85,81,79,85,182,559,0,559
20223,A,골목상권,3110179,광나루역 1번,1086,525,561,130,153,133,191,184,295,69,81,63,88,89,135,61,72,70,103,95,160,580,0,580
20223,A,골목상권,3110180,광진정보도서관,1307,630,677,171,209,215,205,212,295,91,104,105,94,91,145,80,105,110,111,121,150,618,0,618
20223,A,골목상권,3110181,신설동역 9번,1395,634,761,63,494,338,167,141,192,30,179,149,93,80,103,33,315,189,74,61,89,1033,0,1033
20223,A,골목상권,3110182,용두희망어린이공원,1036,614,422,95,398,158,112,107,166,51,261,103,59,62,78,44,137,55,53,45,88,700,0,700
20223,A,골목상권,3110183,한국의류시험연구원,556,324,232,38,84,55,69,101,209,20,44,31,46,67,116,18,40,24,23,34,93,350,0,350
20223,A,골목상권,3110184,용두사거리,218,115,103,19,32,38,37,30,62,10,15,22,23,17,28,9,17,16,14,13,34,135,0,135
20223,A,골목상권,3110185,용두초등학교,431,244,187,37,62,50,65,81,136,21,40,33,38,48,64,16,22,17,27,33,72,249,0,249
20223,A,골목상권,3110186,종암초등학교,423,258,165,31,159,57,47,49,80,16,105,38,27,30,42,15,54,19,20,19,38,295,0,295
20223,A,골목상권,3110187,제기동역 6번,4444,2136,2308,285,1185,864,592,614,904,145,506,452,325,309,399,140,679,412,267,305,505,2930,0,2930
20223,A,골목상권,3110188,용두동신동아아파트,4502,2200,2302,561,736,722,691,696,1096,298,334,371,364,339,494,263,402,351,327,357,602,2161,0,2161
20223,A,골목상권,3110189,제기동역 1번,2213,1105,1108,256,464,355,326,341,471,128,251,197,165,161,203,128,213,158,161,180,268,1104,0,1104
20223,A,골목상권,3110190,고대앞사거리,2383,1269,1114,279,647,326,256,306,569,136,373,188,142,164,266,143,274,138,114,142,303,1415,0,1415
20223,A,골목상권,3110191,고려대역 6번,1199,659,540,65,340,159,132,154,349,32,199,87,85,86,170,33,141,72,47,68,179,843,0,843
20223,A,골목상권,3110192,동의보감타워,605,345,260,16,98,143,73,94,181,8,49,79,46,61,102,8,49,64,27,33,79,481,0,481
20223,A,골목상권,3110193,고려대역 4번,1342,699,643,81,364,205,131,167,394,41,183,122,78,91,184,40,181,83,53,76,210,875,0,875
20223,A,골목상권,3110194,홍파초등학교,1726,898,828,117,213,233,217,271,675,66,122,137,132,146,295,51,91,96,85,125,380,922,0,922
20223,A,골목상권,3110195,동대문구청,3708,1911,1797,258,717,576,418,584,1155,142,357,313,248,322,529,116,360,263,170,262,626,2226,0,2226
20223,A,골목상권,3110196,홍릉근린공원,1288,660,628,80,107,118,152,219,612,33,60,72,87,123,285,47,47,46,65,96,327,820,0,820
20223,A,골목상권,3110197,세종대왕기념관교차로,548,278,270,52,86,72,71,99,168,27,46,47,41,45,72,25,40,25,30,54,96,307,0,307
20223,A,골목상권,3110198,동대문중앙새마을금고본점,120,62,58,5,12,11,13,21,58,2,5,9,8,12,26,3,7,2,5,9,32,80,0,80
20223,A,골목상권,3110199,홍릉시장,1064,569,495,48,109,99,131,176,501,21,60,65,79,114,230,27,49,34,52,62,271,699,0,699
20223,A,골목상권,3110200,동대문경찰서,807,436,371,59,98,109,113,137,291,35,55,62,70,79,135,24,43,47,43,58,156,463,0,463
20223,A,골목상권,3110201,전농119안전센터,528,304,224,30,56,60,71,101,210,16,30,31,40,71,116,14,26,29,31,30,94,354,0,354
20223,A,골목상권,3110202,전농1동주민센터(전농시장),1418,803,615,49,104,105,165,276,719,28,55,58,98,175,389,21,49,47,67,101,330,1053,0,1053
20223,A,골목상권,3110203,떡전교사거리,1769,905,864,160,216,194,235,329,635,87,117,113,120,180,288,73,99,81,115,149,347,1013,0,1013
20223,A,골목상권,3110204,간데메공원,3492,1721,1771,510,453,584,562,519,864,267,211,286,295,261,401,243,242,298,267,258,463,1692,0,1692
20223,A,골목상권,3110205,경희대삼거리,2596,1265,1331,220,816,355,317,318,570,110,391,195,173,176,220,110,425,160,144,142,350,1683,0,1683
20223,A,골목상권,3110206,텃골근린공원,3750,1882,1868,386,589,504,551,619,1101,214,301,286,291,284,506,172,288,218,260,335,595,2011,0,2011
20223,A,골목상권,3110207,시립대앞사거리,967,498,469,58,191,168,114,166,270,29,106,89,65,91,118,29,85,79,49,75,152,576,0,576
20223,A,골목상권,3110208,시조사삼거리,841,405,436,54,251,147,82,116,191,26,127,68,43,56,85,28,124,79,39,60,106,540,0,540
20223,A,골목상권,3110209,답십리 장령당공원,668,336,332,63,93,95,81,124,212,27,55,50,49,66,89,36,38,45,32,58,123,372,0,372
20223,A,골목상권,3110210,서울시립대,3839,1978,1861,350,1058,508,426,491,1006,167,577,315,224,244,451,183,481,193,202,247,555,2186,0,2186
20223,A,골목상권,3110211,전곡마을마당공원,3550,1773,1777,333,505,403,490,645,1174,169,278,227,258,321,520,164,227,176,232,324,654,1938,0,1938
20223,A,골목상권,3110212,답십리초등학교,2112,1082,1030,224,296,242,306,362,682,127,157,134,156,183,325,97,139,108,150,179,357,1077,0,1077
20223,A,골목상권,3110213,청량초등학교,802,389,413,81,299,91,72,114,145,32,142,58,40,51,66,49,157,33,32,63,79,500,0,500
20223,A,골목상권,3110214,경희대후문,2745,1403,1342,231,1325,288,212,251,438,122,685,188,102,122,184,109,640,100,110,129,254,1930,0,1930
20223,A,골목상권,3110215,회기역 1번,2091,1008,1083,109,953,314,184,177,354,48,416,167,112,105,160,61,537,147,72,72,194,1579,0,1579
20223,A,골목상권,3110216,전농중학교,1182,593,589,114,158,156,158,223,373,56,81,89,91,118,158,58,77,67,67,105,215,589,0,589
20223,A,골목상권,3110217,자동차부품상가,575,310,265,36,93,72,79,126,169,21,53,40,47,70,79,15,40,32,32,56,90,301,0,301
20223,A,골목상권,3110218,답십리사거리,2509,1279,1230,223,321,333,311,481,840,113,178,182,168,250,388,110,143,151,143,231,452,1289,0,1289
20223,A,골목상권,3110219,삼육보건대학교,6955,3620,3335,573,2455,882,730,816,1499,291,1357,517,381,399,675,282,1098,365,349,417,824,4386,0,4386
20223,A,골목상권,3110220,외대앞역 1번,2003,1022,981,144,602,260,239,277,481,63,286,163,137,159,214,81,316,97,102,118,267,1341,0,1341
20223,A,골목상권,3110221,의릉,1028,514,514,118,220,146,157,168,219,64,105,72,88,83,102,54,115,74,69,85,117,565,0,565
20223,A,골목상권,3110222,회기역 2번,108,50,58,18,20,13,18,18,21,7,8,7,9,9,10,11,12,6,9,9,11,44,0,44
20223,A,골목상권,3110223,군자초등학교,1640,845,795,155,257,269,215,306,438,92,130,151,109,147,216,63,127,118,106,159,222,750,0,750
20223,A,골목상권,3110224,외대앞역 2번,470,255,215,19,81,53,73,83,161,11,45,36,35,46,82,8,36,17,38,37,79,321,0,321
20223,A,골목상권,3110225,촬영소사거리,1228,637,591,119,159,155,172,235,388,61,79,89,100,120,188,58,80,66,72,115,200,603,0,603
20223,A,골목상권,3110226,장안1동주민센터,11209,5639,5570,1171,1511,1793,1786,2048,2900,610,757,958,937,1023,1354,561,754,835,849,1025,1546,5867,0,5867
20223,A,골목상권,3110227,답십리공원,820,397,423,102,127,96,123,165,207,55,60,48,69,77,88,47,67,48,54,88,119,380,0,380
20223,A,골목상권,3110228,장안근린공원,5530,2789,2741,590,768,689,773,987,1723,289,410,378,411,504,797,301,358,311,362,483,926,2855,0,2855
20223,A,골목상권,3110229,장평중학교,7315,3691,3624,1121,814,1188,1237,1104,1851,612,403,603,650,529,894,509,411,585,587,575,957,3145,0,3145
20223,A,골목상권,3110230,장안현대홈타운1차아파트,3650,1811,1839,508,519,752,579,498,794,263,250,375,311,240,372,245,269,377,268,258,422,1685,0,1685
20223,A,골목상권,3110231,장안교,196,103,93,22,33,33,24,35,49,10,20,17,15,18,23,12,13,16,9,17,26,83,0,83
20223,A,골목상권,3110232,동대부고,3318,1689,1629,533,381,530,563,492,819,309,185,279,292,241,383,224,196,251,271,251,436,1455,0,1455
20223,A,골목상권,3110233,중랑역 1번,5225,2706,2519,457,790,739,640,1056,1543,225,400,401,363,570,747,232,390,338,277,486,796,2875,0,2875
20223,A,골목상권,3110234,중랑역 4번,781,366,415,69,182,172,121,116,121,34,69,69,64,66,64,35,113,103,57,50,57,494,0,494
20223,A,골목상권,3110235,세화어린이공원,1398,762,636,96,202,160,193,316,431,57,113,90,103,166,233,39,89,70,90,150,198,799,0,799
20223,A,골목상권,3110236,신묵초등학교,8221,4039,4182,1055,1175,1408,1243,1373,1967,544,572,736,623,670,894,511,603,672,620,703,1073,4017,0,4017
20223,A,골목상권,3110237,메가박스 상봉,4316,2182,2134,432,649,573,631,857,1174,210,324,315,345,457,531,222,325,258,286,400,643,2348,0,2348
20223,A,골목상권,3110238,배꽃어린이공원,1506,722,784,161,239,259,211,239,397,79,105,143,105,112,178,82,134,116,106,127,219,785,0,785
20223,A,골목상권,3110239,중랑역 2번,269,149,120,22,33,30,43,56,85,10,18,17,23,34,47,12,15,13,20,22,38,166,0,166
20223,A,골목상권,3110240,태릉시장 특화거리,1282,651,631,100,203,158,160,259,402,51,97,83,89,137,194,49,106,75,71,122,208,706,0,706
20223,A,골목상권,3110241,먹골역 5번,3184,1617,1567,289,464,533,438,589,871,142,229,289,232,311,414,147,235,244,206,278,457,1755,0,1755
20223,A,골목상권,3110242,면목5동주민센터,4233,2145,2088,516,543,614,610,801,1149,263,278,326,330,417,531,253,265,288,280,384,618,2108,0,2108
20223,A,골목상권,3110243,중랑노인종합복지관,4607,2312,2295,608,645,515,706,943,1190,298,318,266,382,493,555,310,327,249,324,450,635,2219,0,2219
20223,A,골목상권,3110244,중화역 4번,1764,911,853,168,286,253,244,335,478,101,150,131,121,169,239,67,136,122,123,166,239,847,0,847
20223,A,골목상권,3110245,KB국민은행 중화동지점,2284,1177,1107,162,310,304,319,462,727,94,150,176,182,243,332,68,160,128,137,219,395,1317,0,1317
20223,A,골목상권,3110246,월드순복음교회,2897,1468,1429,323,507,594,429,468,576,173,235,315,240,236,269,150,272,279,189,232,307,1591,0,1591
20223,A,골목상권,3110247,먹골역 1번,6018,2946,3072,595,934,956,936,977,1620,320,464,493,480,472,717,275,470,463,456,505,903,3032,0,3032
20223,A,골목상권,3110248,먹골파출소,1688,856,832,171,287,264,244,272,450,92,140,143,134,137,210,79,147,121,110,135,240,810,0,810
20223,A,골목상권,3110249,중화역 1번,6437,3168,3269,786,938,940,926,1126,1721,398,455,520,484,546,765,388,483,420,442,580,956,2908,0,2908
20223,A,골목상권,3110250,화랑대역 7번,1484,727,757,238,195,202,209,257,383,127,110,96,107,118,169,111,85,106,102,139,214,684,0,684
20223,A,골목상권,3110251,장안중학교,4087,1953,2134,504,670,593,549,725,1046,238,339,291,284,320,481,266,331,302,265,405,565,1895,0,1895
20223,A,골목상권,3110252,장안제일시장,4507,2296,2211,526,608,696,672,843,1162,258,326,375,364,431,542,268,282,321,308,412,620,2120,0,2120
20223,A,골목상권,3110253,중곡초등학교,3244,1653,1591,351,428,435,514,620,896,186,232,230,279,312,414,165,196,205,235,308,482,1666,0,1666
20223,A,골목상권,3110254,오거리공원,7059,3519,3540,810,980,924,1076,1325,1944,413,496,467,573,689,881,397,484,457,503,636,1063,3458,0,3458
20223,A,골목상권,3110255,상봉역 4번,6260,3116,3144,525,964,1045,851,1165,1710,294,469,531,439,606,777,231,495,514,412,559,933,3575,0,3575
20223,A,골목상권,3110256,면목2동체육관,7976,4015,3961,856,1125,1091,1111,1627,2166,447,553,586,603,815,1011,409,572,505,508,812,1155,3930,0,3930
20223,A,골목상권,3110257,상봉역 7번,4258,2142,2116,523,690,787,542,672,1044,273,334,416,284,344,491,250,356,371,258,328,553,2178,0,2178
20223,A,골목상권,3110258,면동초등학교,5895,2935,2960,669,882,882,935,1031,1496,341,450,456,471,538,679,328,432,426,464,493,817,3214,0,3214
20223,A,골목상권,3110259,사가정역 1번,3921,1974,1947,357,626,593,591,680,1074,193,300,329,310,356,486,164,326,264,281,324,588,2160,0,2160
20223,A,골목상권,3110260,면목역 3번,2212,1132,1080,195,347,346,344,403,577,103,181,188,199,209,252,92,166,158,145,194,325,1261,0,1261
20223,A,골목상권,3110261,사가정역 4번,4946,2476,2470,469,789,793,725,791,1379,260,390,430,362,396,638,209,399,363,363,395,741,2655,0,2655
20223,A,골목상권,3110262,상봉역 3번,4504,2164,2340,277,1088,1209,526,580,824,139,439,645,278,271,392,138,649,564,248,309,432,2768,0,2768
20223,A,골목상권,3110263,면목역 1번,7168,3506,3662,714,1169,1129,978,1281,1897,350,560,599,536,609,852,364,609,530,442,672,1045,3743,0,3743
20223,A,골목상권,3110264,면목역 2번,9709,4874,4835,968,1566,1599,1412,1777,2387,508,805,836,724,888,1113,460,761,763,688,889,1274,4953,0,4953
20223,A,골목상권,3110265,망우역 1번,1086,540,546,96,183,119,125,197,366,51,95,56,69,99,170,45,88,63,56,98,196,551,0,551
20223,A,골목상권,3110266,면목동우체국,5436,2647,2789,521,875,793,723,1070,1454,251,444,422,380,494,656,270,431,371,343,576,798,2780,0,2780
20223,A,골목상권,3110267,망우역 2번,4501,2191,2310,607,674,709,646,801,1064,329,306,371,326,387,472,278,368,338,320,414,592,2073,0,2073
20223,A,골목상권,3110268,망우3동주민센터,2681,1349,1332,246,360,374,397,491,813,104,176,205,212,266,386,142,184,169,185,225,427,1439,0,1439
20223,A,골목상권,3110269,용마문화복지센터,1559,804,755,135,287,233,190,293,421,62,145,122,106,157,212,73,142,111,84,136,209,841,0,841
20223,A,골목상권,3110270,혜원여고,1191,581,610,152,170,164,173,229,303,61,91,86,88,113,142,91,79,78,85,116,161,550,0,550
20223,A,골목상권,3110271,신내역 1번,266,136,130,30,37,41,38,53,67,15,21,22,23,22,33,15,16,19,15,31,34,125,0,125
20223,A,골목상권,3110272,신내1동주민센터,3761,1854,1907,561,482,489,606,657,966,293,261,238,321,324,417,268,221,251,285,333,549,1656,0,1656
20223,A,골목상권,3110273,장스여성병원,2243,1182,1061,175,297,302,271,429,769,99,158,168,140,228,389,76,139,134,131,201,380,1186,0,1186
20223,A,골목상권,3110274,서일대학교,6678,3374,3304,809,916,827,960,1250,1916,420,480,426,497,639,912,389,436,401,463,611,1004,3294,0,3294
20223,A,골목상권,3110275,하나은행 망우동지점,872,461,411,72,123,105,106,179,287,45,67,52,63,96,138,27,56,53,43,83,149,487,0,487
20223,A,골목상권,3110276,신내IC북측,515,282,233,60,57,79,82,96,141,35,31,47,45,54,70,25,26,32,37,42,71,256,0,256
20223,A,골목상권,3110277,러스크서울병원,3667,1844,1823,385,497,438,523,685,1139,207,250,214,266,352,555,178,247,224,257,333,584,1806,0,1806
20223,A,골목상권,3110278,망우본동주민센터,3996,2092,1904,321,467,422,517,847,1422,161,266,231,273,460,701,160,201,191,244,387,721,2334,0,2334
20223,A,골목상권,3110279,신내역 2번,38,24,14,1,2,5,6,11,13,0,1,4,5,6,8,1,1,1,1,5,5,25,0,25
20223,A,골목상권,3110280,북정마을,698,335,363,49,92,96,86,114,261,24,44,47,48,57,115,25,48,49,38,57,146,378,0,378
20223,A,골목상권,3110281,길상사,1150,534,616,161,143,126,183,207,330,89,61,52,76,101,155,72,82,74,107,106,175,486,0,486
20223,A,골목상권,3110282,국민대학교앞,748,385,363,83,255,78,62,90,180,44,134,45,36,49,77,39,121,33,26,41,103,473,0,473
20223,A,골목상권,3110283,성북초등학교앞,501,209,292,60,74,55,80,93,139,28,25,26,34,42,54,32,49,29,46,51,85,244,0,244
20223,A,골목상권,3110284,정릉북한산국립공원입구,1365,671,694,163,172,155,202,235,438,87,87,81,98,114,204,76,85,74,104,121,234,609,0,609
20223,A,골목상권,3110285,홍대부중,1968,939,1029,260,278,307,364,345,414,137,161,143,158,169,171,123,117,164,206,176,243,897,0,897
20223,A,골목상권,3110286,한성대입구역 5번,2682,1233,1449,266,448,444,425,428,671,128,215,202,208,198,282,138,233,242,217,230,389,1433,0,1433
20223,A,골목상권,3110287,정릉3동주민센터,1762,897,865,173,454,182,219,273,461,96,251,99,113,129,209,77,203,83,106,144,252,1036,0,1036
20223,A,골목상권,3110288,동구여중,1929,899,1030,230,317,375,275,321,411,117,154,181,126,139,182,113,163,194,149,182,229,889,0,889
20223,A,골목상권,3110289,북한산보국문역 2번,5242,2595,2647,623,983,594,729,819,1494,321,527,307,366,419,655,302,456,287,363,400,839,2448,0,2448
20223,A,골목상권,3110290,북한산보국문역 1번,1336,685,651,143,217,133,182,193,468,84,129,68,100,94,210,59,88,65,82,99,258,682,0,682
20223,A,골목상권,3110291,한성대입구역 3번,4460,2126,2334,443,905,662,636,681,1133,218,442,331,314,323,498,225,463,331,322,358,635,2385,0,2385
20223,A,골목상권,3110292,정릉역 2번,512,234,278,30,41,45,74,98,224,12,18,29,32,49,94,18,23,16,42,49,130,333,0,333
20223,A,골목상권,3110293,삼선중학교,2431,1113,1318,282,579,374,334,349,513,152,242,171,161,162,225,130,337,203,173,187,288,1340,0,1340
20223,A,골목상권,3110294,서경대학교,6750,3305,3445,850,1117,890,948,1130,1815,438,572,470,484,553,788,412,545,420,464,577,1027,3065,0,3065
20223,A,골목상권,3110295,정릉우체국,5017,2436,2581,654,698,783,722,729,1431,338,346,410,371,349,622,316,352,373,351,380,809,2294,0,2294
20223,A,골목상권,3110296,성신여대입구역 4번,1904,843,1061,261,414,287,276,259,407,131,157,130,137,128,160,130,257,157,139,131,247,952,0,952
20223,A,골목상권,3110297,경동고등학교,6528,3049,3479,716,1409,1082,897,979,1445,390,638,513,419,482,607,326,771,569,478,497,838,3502,0,3502
20223,A,골목상권,3110298,솔숲어린이공원,667,323,344,75,84,85,102,113,208,35,47,42,50,55,94,40,37,43,52,58,114,323,0,323
20223,A,골목상권,3110299,정릉역 1번,3311,1669,1642,372,448,422,450,514,1105,207,221,232,246,288,475,165,227,190,204,226,630,1690,0,1690
20223,A,골목상권,3110300,삼선동주민센터,4716,2015,2701,317,1584,702,551,552,1010,144,584,322,268,283,414,173,1000,380,283,269,596,3186,0,3186
20223,A,골목상권,3110301,성신여대입구역 7번,3569,1628,1941,284,881,635,480,458,831,125,352,317,247,227,360,159,529,318,233,231,471,2066,0,2066
20223,A,골목상권,3110302,보문역 8번,2058,987,1071,175,410,314,297,313,549,77,194,165,154,164,233,98,216,149,143,149,316,1187,0,1187
20223,A,골목상권,3110303,성신여대입구역 1번,3214,1224,1990,259,994,511,383,362,705,101,256,237,178,165,287,158,738,274,205,197,418,2158,0,2158
20223,A,골목상권,3110304,보문역 4번,1843,899,944,133,641,253,216,233,367,69,305,146,112,117,150,64,336,107,104,116,217,1203,0,1203
20223,A,골목상권,3110305,보문역 5번,4002,2066,1936,367,993,599,534,624,885,184,574,347,270,305,386,183,419,252,264,319,499,2282,0,2282
20223,A,골목상권,3110306,미아초등학교,1191,566,625,185,172,154,174,196,310,89,86,74,85,103,129,96,86,80,89,93,181,526,0,526
20223,A,골목상권,3110307,길음역 7번,238,122,116,38,39,47,45,30,39,17,17,20,26,21,21,21,22,27,19,9,18,121,0,121
20223,A,골목상권,3110308,길음역 8번,1009,486,523,104,121,107,143,168,366,44,59,62,79,85,157,60,62,45,64,83,209,556,0,556
20223,A,골목상권,3110309,대광초등학교,1410,725,685,112,351,201,192,218,336,51,199,112,112,102,149,61,152,89,80,116,187,825,0,825
20223,A,골목상권,3110310,길음역 10번,263,106,157,8,46,60,35,43,71,7,19,25,15,14,26,1,27,35,20,29,45,168,0,168
20223,A,골목상권,3110311,종암아이파크2차후문,1200,623,577,141,198,144,166,248,303,77,108,83,77,138,140,64,90,61,89,110,163,542,0,542
20223,A,골목상권,3110312,안암역 2번,1694,865,829,130,970,180,84,126,204,70,501,104,46,61,83,60,469,76,38,65,121,1306,0,1306
20223,A,골목상권,3110313,안암역 3번,1257,703,554,83,634,159,104,117,160,39,364,108,61,56,75,44,270,51,43,61,85,968,0,968
20223,A,골목상권,3110314,종암경찰서,1089,563,526,110,197,176,144,160,302,53,108,98,85,78,141,57,89,78,59,82,161,615,0,615
20223,A,골목상권,3110315,종암아이파크2차,3029,1467,1562,330,533,377,433,520,836,169,293,192,210,252,351,161,240,185,223,268,485,1486,0,1486
20223,A,골목상권,3110316,숭곡초등학교,4537,2252,2285,466,540,481,658,798,1594,224,281,253,355,402,737,242,259,228,303,396,857,2347,0,2347
20223,A,골목상권,3110317,종암중학교,2339,1288,1051,201,865,363,227,257,426,101,509,209,131,139,199,100,356,154,96,118,227,1588,0,1588
20223,A,골목상권,3110318,KT월곡지사,1844,946,898,219,265,319,278,270,493,132,129,161,159,144,221,87,136,158,119,126,272,884,0,884
20223,A,골목상권,3110319,종암동주민센터,3318,1529,1789,308,411,377,432,553,1237,162,191,196,218,280,482,146,220,181,214,273,755,1909,0,1909
20223,A,골목상권,3110320,KB국민은행 종암동지점,955,495,460,113,169,135,159,153,226,68,87,66,90,72,112,45,82,69,69,81,114,477,0,477
20223,A,골목상권,3110321,동덕여대,262,115,147,31,67,43,30,44,47,15,24,21,14,17,24,16,43,22,16,27,23,133,0,133
20223,A,골목상권,3110322,장위1동주민센터,3037,1398,1639,414,510,397,468,579,669,174,244,193,220,260,307,240,266,204,248,319,362,1288,0,1288
20223,A,골목상권,3110323,상월곡역 1번,2214,965,1249,195,753,264,237,277,488,102,226,138,131,147,221,93,527,126,106,130,267,1417,0,1417
20223,A,골목상권,3110324,월곡역 4번,641,331,310,25,156,78,85,97,200,15,70,47,51,59,89,10,86,31,34,38,111,481,0,481
20223,A,골목상권,3110325,장곡초등학교,3528,1736,1792,496,473,419,488,613,1039,268,253,237,228,302,448,228,220,182,260,311,591,1632,0,1632
20223,A,골목상권,3110326,장위동성당,1353,653,700,205,181,172,213,244,338,103,99,90,96,118,147,102,82,82,117,126,191,597,0,597
20223,A,골목상권,3110327,상월곡역 2번,3520,1766,1754,384,529,411,482,635,1079,199,290,224,252,308,493,185,239,187,230,327,586,1591,0,1591
20223,A,골목상권,3110328,상월곡역 3번,2257,1135,1122,173,411,363,286,372,652,93,195,207,155,180,305,80,216,156,131,192,347,1208,0,1208
20223,A,골목상권,3110329,우리은행체육관,2466,1223,1243,244,347,250,324,455,846,119,161,155,168,238,382,125,186,95,156,217,464,1219,0,1219
20223,A,골목상권,3110330,돌곶이역 1번,2041,1012,1029,245,293,330,256,332,585,124,146,170,141,172,259,121,147,160,115,160,326,928,0,928
20223,A,골목상권,3110331,돌곶이역 8번,3281,1600,1681,319,597,429,488,549,899,182,278,220,254,269,397,137,319,209,234,280,502,1801,0,1801
20223,A,골목상권,3110332,돌곶이역 3번,875,481,394,78,135,131,138,164,229,37,61,77,82,99,125,41,74,54,56,65,104,481,0,481
20223,A,골목상권,3110333,돌곶이역 5번,1338,661,677,156,225,173,190,232,362,78,100,97,98,111,177,78,125,76,92,121,185,680,0,680
20223,A,골목상권,3110334,석관중앙교회,2693,1370,1323,256,329,276,365,525,942,139,165,142,209,286,429,117,164,134,156,239,513,1359,0,1359
20223,A,골목상권,3110335,석계역 7번,4363,2191,2172,380,760,585,628,805,1205,195,387,320,313,400,576,185,373,265,315,405,629,2385,0,2385
20223,A,골목상권,3110336,석관고등학교,2302,1156,1146,237,339,272,312,458,684,120,172,155,165,229,315,117,167,117,147,229,369,1121,0,1121
20223,A,골목상권,3110337,아카데미하우스,2792,1365,1427,412,330,355,444,455,796,209,170,196,218,217,355,203,160,159,226,238,441,1196,0,1196
20223,A,골목상권,3110338,인수초등학교,2122,1050,1072,164,225,210,313,418,792,92,114,103,163,207,371,72,111,107,150,211,421,1213,0,1213
20223,A,골목상권,3110339,국립4.19민주묘지,41,20,21,2,1,5,10,8,15,0,0,1,6,5,8,2,1,4,4,3,7,20,0,20
20223,A,골목상권,3110340,인수중학교,1455,712,743,169,176,143,218,276,473,75,99,71,116,135,216,94,77,72,102,141,257,687,0,687
20223,A,골목상권,3110341,북한산우이역 2번,2221,1062,1159,246,279,265,283,416,732,123,133,144,136,194,332,123,146,121,147,222,400,988,0,988
20223,A,골목상권,3110342,국립재활원,2704,1292,1412,364,408,339,378,476,739,187,204,169,189,217,326,177,204,170,189,259,413,1187,0,1187
20223,A,골목상권,3110343,무너미어린이공원,4656,2278,2378,673,632,594,722,793,1242,341,327,305,366,383,556,332,305,289,356,410,686,1981,0,1981
20223,A,골목상권,3110344,화계중학교,1076,555,521,116,122,127,168,183,360,68,68,70,89,76,184,48,54,57,79,107,176,509,0,509
20223,A,골목상권,3110345,솔밭공원역 2번,2938,1428,1510,379,394,398,415,485,867,211,164,218,222,236,377,168,230,180,193,249,490,1405,0,1405
20223,A,골목상권,3110346,4.19민주묘지역 2번,1212,572,640,141,179,149,175,161,407,74,67,76,94,81,180,67,112,73,81,80,227,618,0,618
20223,A,골목상권,3110347,구세군강북종합사회복지관,1416,708,708,157,232,187,181,301,358,95,110,90,97,142,174,62,122,97,84,159,184,644,0,644
20223,A,골목상권,3110348,강북문화예술회관,3968,1902,2066,438,468,522,542,671,1327,227,224,288,274,319,570,211,244,234,268,352,757,1800,0,1800
20223,A,골목상권,3110349,화계역 2번,1123,536,587,145,149,155,168,198,308,82,61,84,83,94,132,63,88,71,85,104,176,511,0,511
20223,A,골목상권,3110350,가오리역 2번,2831,1390,1441,358,360,336,445,507,825,199,189,176,214,244,368,159,171,160,231,263,457,1299,0,1299
20223,A,골목상권,3110351,수유북부시장옆,2982,1427,1555,342,440,332,423,543,902,168,220,168,220,262,389,174,220,164,203,281,513,1406,0,1406
20223,A,골목상권,3110352,수유1동주민센터,4997,2467,2530,627,673,649,700,855,1493,321,355,349,360,406,676,306,318,300,340,449,817,2418,0,2418
20223,A,골목상권,3110353,수유동우체국,2210,1061,1149,200,326,293,316,373,702,111,157,158,171,177,287,89,169,135,145,196,415,1100,0,1100
20223,A,골목상권,3110354,삼각산119안전센터,421,213,208,89,43,47,95,66,81,52,24,23,41,40,33,37,19,24,54,26,48,159,0,159
20223,A,골목상권,3110355,삼양사거리역 2번,3076,1545,1531,264,361,317,388,580,1166,126,190,181,215,309,524,138,171,136,173,271,642,1654,0,1654
20223,A,골목상권,3110356,덕수교,3240,1528,1712,291,569,412,429,580,959,151,218,234,222,273,430,140,351,178,207,307,529,1631,0,1631
20223,A,골목상권,3110357,가오리역 1번,1698,837,861,171,244,176,218,349,540,85,138,90,111,176,237,86,106,86,107,173,303,809,0,809
20223,A,골목상권,3110358,인수동 우편취급국,3572,1755,1817,318,568,512,513,621,1040,157,286,267,271,324,450,161,282,245,242,297,590,1850,0,1850
20223,A,골목상권,3110359,수유시장옆,6446,3140,3306,597,1132,913,926,1070,1808,294,549,493,475,524,805,303,583,420,451,546,1003,3291,0,3291
20223,A,골목상권,3110360,수유초등학교,4037,1991,2046,433,644,583,576,673,1128,218,304,317,317,336,499,215,340,266,259,337,629,2172,0,2172
20223,A,골목상권,3110361,삼양사거리역 1번,2532,1277,1255,226,338,280,335,503,850,118,174,149,184,260,392,108,164,131,151,243,458,1292,0,1292
20223,A,골목상권,3110362,우이천 계성교,5408,2599,2809,610,786,695,790,973,1554,310,397,380,399,445,668,300,389,315,391,528,886,2541,0,2541
20223,A,골목상권,3110363,송천동주민센터,1003,485,518,37,75,74,140,170,507,17,38,34,79,85,232,20,37,40,61,85,275,669,0,669
20223,A,골목상권,3110364,미아역 8번,4359,2127,2232,398,672,564,608,768,1349,218,312,305,316,383,593,180,360,259,292,385,756,2314,0,2314
20223,A,골목상권,3110365,미아역 5번,4806,2307,2499,471,692,679,729,855,1380,245,334,338,374,401,615,226,358,341,355,454,765,2432,0,2432
20223,A,골목상권,3110366,광산사거리,2047,1045,1002,189,322,268,311,355,602,117,170,157,168,187,246,72,152,111,143,168,356,1091,0,1091
20223,A,골목상권,3110367,강북구청,1786,847,939,141,325,272,229,279,540,68,152,136,132,130,229,73,173,136,97,149,311,1041,0,1041
20223,A,골목상권,3110368,송천초등학교,3655,1831,1824,315,520,362,483,740,1235,162,288,209,255,370,547,153,232,153,228,370,688,1910,0,1910
20223,A,골목상권,3110369,성신여대운정그린캠퍼스,4517,2121,2396,353,912,595,594,734,1329,167,344,337,316,358,599,186,568,258,278,376,730,2544,0,2544
20223,A,골목상권,3110370,도봉세무서,2982,1483,1499,260,415,366,424,587,930,130,218,196,225,288,426,130,197,170,199,299,504,1495,0,1495
20223,A,골목상권,3110371,삼양입구사거리,1633,845,788,128,261,192,236,303,513,73,134,109,129,171,229,55,127,83,107,132,284,930,0,930
20223,A,골목상권,3110372,강북중학교,2880,1383,1497,195,641,423,362,529,730,94,328,222,171,262,306,101,313,201,191,267,424,1632,0,1632
20223,A,골목상권,3110373,수유역 2번,3416,1677,1739,233,645,526,521,564,927,122,276,290,289,284,416,111,369,236,232,280,511,2096,0,2096
20223,A,골목상권,3110374,송중초등학교,5698,2738,2960,539,713,687,887,1088,1784,278,374,366,446,495,779,261,339,321,441,593,1005,2617,0,2617
20223,A,골목상권,3110375,서울북부고용노동지청,2370,1186,1184,262,344,258,362,405,739,138,176,138,194,211,329,124,168,120,168,194,410,1138,0,1138
20223,A,골목상권,3110376,수송초등학교,7975,4020,3955,788,1379,1134,1216,1299,2159,431,708,594,630,685,972,357,671,540,586,614,1187,4334,0,4334
20223,A,골목상권,3110377,미아사거리역 3번,838,424,414,55,103,96,127,169,288,28,53,54,71,95,123,27,50,42,56,74,165,510,0,510
20223,A,골목상권,3110378,송중동주민센터,1802,884,918,159,325,212,237,332,537,85,150,111,127,169,242,74,175,101,110,163,295,982,0,982
20223,A,골목상권,3110379,KT&G 북부지사,961,506,455,97,127,117,136,176,308,54,67,68,77,91,149,43,60,49,59,85,159,497,0,497
20223,A,골목상권,3110380,강북문화정보도서관,2237,1067,1170,281,324,277,347,354,654,143,168,157,175,156,268,138,156,120,172,198,386,1043,0,1043
20223,A,골목상권,3110381,번동주공2단지,954,457,497,103,125,54,125,160,387,54,65,33,64,90,151,49,60,21,61,70,236,438,0,438
20223,A,골목상권,3110382,솔밭공원역 1번,811,385,426,109,112,123,116,127,224,50,49,68,60,59,99,59,63,55,56,68,125,376,0,376
20223,A,골목상권,3110383,덕성여대시반거리,650,269,381,71,166,82,89,71,171,42,38,41,37,32,79,29,128,41,52,39,92,358,0,358
20223,A,골목상권,3110384,문이교,1382,680,702,157,187,169,185,281,403,92,93,92,88,126,189,65,94,77,97,155,214,568,0,568
20223,A,골목상권,3110385,효문고등학교,1624,787,837,160,251,150,223,294,546,71,107,87,122,159,241,89,144,63,101,135,305,786,0,786
20223,A,골목상권,3110386,연산군묘,356,163,193,61,47,28,67,53,100,31,19,14,30,32,37,30,28,14,37,21,63,149,0,149
20223,A,골목상권,3110387,쌍문초등학교,5232,2511,2721,711,755,632,819,883,1432,355,387,318,413,405,633,356,368,314,406,478,799,2276,0,2276
20223,A,골목상권,3110388,도봉우체국,2642,1254,1388,315,361,353,401,445,767,163,174,185,211,189,332,152,187,168,190,256,435,1192,0,1192
20223,A,골목상권,3110389,한일병원,1166,599,567,111,166,193,153,205,338,55,83,109,83,106,163,56,83,84,70,99,175,561,0,561
20223,A,골목상권,3110390,방학초등학교,1725,823,902,239,244,215,237,342,448,125,122,101,109,155,211,114,122,114,128,187,237,746,0,746
20223,A,골목상권,3110391,샘말어린이공원,4840,2414,2426,684,675,546,703,865,1367,345,378,295,359,408,629,339,297,251,344,457,738,2152,0,2152
20223,A,골목상권,3110392,발바닥공원,139,63,76,18,25,11,15,37,33,8,12,4,7,20,12,10,13,7,8,17,21,53,0,53
20223,A,골목상권,3110393,국민은행방학지점,211,108,103,23,27,22,21,41,77,17,16,13,9,21,32,6,11,9,12,20,45,89,0,89
20223,A,골목상권,3110394,방학중학교,7163,3632,3531,836,928,803,1093,1333,2170,457,502,446,559,670,998,379,426,357,534,663,1172,3411,0,3411
20223,A,골목상권,3110395,신한은행 방학동지점,1363,676,687,119,186,168,190,261,439,59,101,96,104,121,195,60,85,72,86,140,244,687,0,687
20223,A,골목상권,3110396,쌍문역1번(쌍리단길),2037,989,1048,150,345,282,320,374,566,73,179,144,162,184,247,77,166,138,158,190,319,1149,0,1149
20223,A,골목상권,3110397,도봉산입구,7518,3786,3732,773,934,808,987,1324,2692,399,513,456,542,627,1249,374,421,352,445,697,1443,3609,0,3609
20223,A,골목상권,3110398,쌍문2동우체국,2979,1438,1541,360,432,437,431,512,807,187,209,228,210,232,372,173,223,209,221,280,435,1349,0,1349
20223,A,골목상권,3110399,창2동주민센터,8082,3876,4206,1196,1184,1023,1332,1463,1884,600,592,508,665,683,828,596,592,515,667,780,1056,3469,0,3469
20223,A,골목상권,3110400,도봉구보건소,4057,2016,2041,487,510,538,592,694,1236,260,263,286,319,324,564,227,247,252,273,370,672,1925,0,1925
20223,A,골목상권,3110401,도봉구민회관,686,346,340,66,118,103,94,114,191,35,64,64,50,54,79,31,54,39,44,60,112,338,0,338
20223,A,골목상권,3110402,도봉구 정병원,3210,1602,1608,370,438,411,414,627,950,200,232,217,224,312,417,170,206,194,190,315,533,1499,0,1499
20223,A,골목상권,3110403,방학1동주민센터,6007,3009,2998,603,796,652,806,1165,1985,304,413,352,418,602,920,299,383,300,388,563,1065,3104,0,3104
20223,A,골목상권,3110404,신창초등학교,10207,5135,5072,1266,1397,1185,1529,1900,2930,660,731,644,799,940,1361,606,666,541,730,960,1569,4828,0,4828
20223,A,골목상권,3110405,방학역 1번,6796,3454,3342,644,874,685,989,1297,2307,322,462,360,527,691,1092,322,412,325,462,606,1215,3425,0,3425
20223,A,골목상권,3110406,도봉산역 1번,1568,805,763,137,184,188,234,300,525,70,102,105,130,163,235,67,82,83,104,137,290,780,0,780
20223,A,골목상권,3110407,도봉역 2번,6463,3328,3135,574,798,720,880,1217,2274,301,424,403,472,623,1105,273,374,317,408,594,1169,3354,0,3354
20223,A,골목상권,3110408,가인초등학교,1204,553,651,112,276,287,157,183,189,55,125,140,68,84,81,57,151,147,89,99,108,649,0,649
20223,A,골목상권,3110409,창동역 2번,2744,1326,1418,308,443,371,381,532,709,158,227,195,182,243,321,150,216,176,199,289,388,1286,0,1286
20223,A,골목상권,3110410,방학역 2번,2564,1331,1233,185,429,412,405,440,693,105,179,205,223,272,347,80,250,207,182,168,346,1650,0,1650
20223,A,골목상권,3110411,도봉역 3번,1523,776,747,146,187,194,166,304,526,75,101,112,90,155,243,71,86,82,76,149,283,768,0,768
20223,A,골목상권,3110412,창동중학교,379,188,191,58,61,65,43,73,79,25,36,31,22,33,41,33,25,34,21,40,38,154,0,154
20223,A,골목상권,3110413,누원고등학교,1963,922,1041,216,353,403,287,264,440,115,143,193,148,127,196,101,210,210,139,137,244,1047,0,1047
20223,A,골목상권,3110414,장석교회,1035,532,503,172,137,78,170,187,291,88,73,47,94,92,138,84,64,31,76,95,153,465,0,465
20223,A,골목상권,3110415,수락산역 4번,5054,2558,2496,657,752,675,785,874,1311,342,400,368,391,437,620,315,352,307,394,437,691,2328,0,2328
20223,A,골목상권,3110416,노원초등학교,2453,1168,1285,392,362,286,369,453,591,181,185,146,170,210,276,211,177,140,199,243,315,920,0,920
20223,A,골목상권,3110417,월계역 3번,1007,530,477,102,190,114,125,159,317,54,103,62,78,88,145,48,87,52,47,71,172,590,0,590
20223,A,골목상권,3110418,광운대학교 남단,1447,802,645,138,354,140,188,211,416,79,228,88,100,117,190,59,126,52,88,94,226,824,0,824
20223,A,골목상권,3110419,수락산디자인거리,3030,1500,1530,330,464,354,417,589,876,174,240,187,203,288,408,156,224,167,214,301,468,1365,0,1365
20223,A,골목상권,3110420,광운대역 1번,1414,800,614,135,435,131,170,209,334,70,279,70,93,126,162,65,156,61,77,83,172,856,0,856
20223,A,골목상권,3110421,석계역 1번,1266,673,593,108,150,151,172,231,454,59,86,93,97,130,208,49,64,58,75,101,246,735,0,735
20223,A,골목상권,3110422,노원역 9번,920,439,481,148,139,98,169,176,190,70,64,43,87,83,92,78,75,55,82,93,98,354,0,354
20223,A,골목상권,3110423,석계역 2번,445,236,209,57,60,53,68,89,118,27,34,29,40,46,60,30,26,24,28,43,58,229,0,229
20223,A,골목상권,3110424,상계초등학교,2879,1452,1427,349,463,339,416,528,784,179,244,181,208,265,375,170,219,158,208,263,409,1378,0,1378
20223,A,골목상권,3110425,계상초등학교,3522,1765,1757,439,477,362,550,616,1078,220,268,220,278,309,470,219,209,142,272,307,608,1627,0,1627
20223,A,골목상권,3110426,상계2동주민센터,4097,2058,2039,370,660,510,571,761,1225,190,337,294,302,392,543,180,323,216,269,369,682,2202,0,2202
20223,A,골목상권,3110427,노원 을지대학교병원,599,297,302,100,106,66,81,106,140,48,62,32,39,54,62,52,44,34,42,52,78,216,0,216
20223,A,골목상권,3110428,상계5동주민센터,8437,4198,4239,841,1155,820,1237,1540,2844,409,633,447,627,794,1288,432,522,373,610,746,1556,4351,0,4351
20223,A,골목상권,3110429,공릉동 국수거리,4744,2311,2433,457,972,762,612,763,1178,221,430,384,352,364,560,236,542,378,260,399,618,2470,0,2470
20223,A,골목상권,3110430,중계초등학교,48,23,25,6,3,4,12,6,17,1,3,4,4,4,7,5,0,0,8,2,10,25,0,25
20223,A,골목상권,3110431,상계역,922,502,420,111,141,108,153,179,230,49,77,63,82,106,125,62,64,45,71,73,105,466,0,466
20223,A,골목상권,3110432,대진고등학교,1906,973,933,277,478,212,249,313,377,149,263,118,116,147,180,128,215,94,133,166,197,906,0,906
20223,A,골목상권,3110433,공릉역 2번,4310,2229,2081,336,1396,557,485,577,959,167,789,316,253,276,428,169,607,241,232,301,531,2643,0,2643
20223,A,골목상권,3110434,태릉입구역 4번,1598,791,807,153,320,257,190,251,427,75,133,151,103,127,202,78,187,106,87,124,225,862,0,862
20223,A,골목상권,3110435,서울과학기술대,291,149,142,35,68,30,53,42,63,20,29,14,30,25,31,15,39,16,23,17,32,146,0,146
20223,A,골목상권,3110436,상계제일중학교,1595,792,803,274,238,136,274,309,364,153,133,71,110,165,160,121,105,65,164,144,204,633,0,633
20223,A,골목상권,3110437,당고개역 2번,1655,838,817,176,181,167,238,286,607,96,91,92,124,152,283,80,90,75,114,134,324,823,0,823
20223,A,골목상권,3110438,경춘선숲길 우측,3531,1909,1622,320,1430,429,363,392,597,166,833,233,185,202,290,154,597,196,178,190,307,2292,0,2292
20223,A,골목상권,3110439,당고개역 5번,3932,1944,1988,471,484,441,590,710,1236,255,271,235,307,359,517,216,213,206,283,351,719,1835,0,1835
20223,A,골목상권,3110440,상계3동4동주민센터,1554,804,750,170,194,155,243,270,522,85,107,91,135,145,241,85,87,64,108,125,281,750,0,750
20223,A,골목상권,3110441,영신여고,2203,1063,1140,456,305,206,391,380,465,237,152,105,166,198,205,219,153,101,225,182,260,856,0,856
20223,A,골목상권,3110442,화랑대철도공원,384,98,286,70,155,33,35,38,53,21,14,12,16,17,18,49,141,21,19,21,35,234,0,234
20223,A,골목상권,3110443,수색역 1번,17,12,5,0,2,1,1,1,12,0,2,1,1,1,7,0,0,0,0,0,5,12,0,12
20223,A,골목상권,3110444,수색성당,540,254,286,67,77,87,70,89,150,31,40,40,37,44,62,36,37,47,33,45,88,219,0,219
20223,A,골목상권,3110445,덕산중학교,1685,811,874,253,248,241,245,274,424,134,127,128,122,122,178,119,121,113,123,152,246,716,0,716
20223,A,골목상권,3110446,내를건너서숲으로도서관,1879,914,965,188,204,211,269,319,688,96,98,108,138,164,310,92,106,103,131,155,378,936,0,936
20223,A,골목상권,3110447,구산초등학교,1640,764,876,233,198,215,267,260,467,113,94,110,131,119,197,120,104,105,136,141,270,758,0,758
20223,A,골목상권,3110448,상신초등학교입구,2604,1307,1297,361,386,381,387,450,639,195,201,211,197,220,283,166,185,170,190,230,356,1145,0,1145
20223,A,골목상권,3110449,증산역 3번,5119,2441,2678,640,712,641,746,844,1536,323,341,324,360,418,675,317,371,317,386,426,861,2367,0,2367
20223,A,골목상권,3110450,시립서북병원,7856,3710,4146,1148,1117,1100,1307,1283,1901,565,521,534,651,585,854,583,596,566,656,698,1047,3281,0,3281
20223,A,골목상권,3110451,증산역 4번,5413,2652,2761,616,743,728,784,926,1616,288,376,383,388,457,760,328,367,345,396,469,856,2491,0,2491
20223,A,골목상권,3110452,새절역 3번,2769,1372,1397,312,443,368,391,430,825,173,212,189,207,218,373,139,231,179,184,212,452,1375,0,1375
20223,A,골목상권,3110453,신사1동주민센터,8079,3921,4158,929,1181,1221,1241,1272,2235,478,603,628,636,590,986,451,578,593,605,682,1249,3890,0,3890
20223,A,골목상권,3110454,선정중학교,5928,2787,3141,879,835,813,1022,942,1437,440,375,416,491,456,609,439,460,397,531,486,828,2535,0,2535
20223,A,골목상권,3110455,역촌노인복지관,8159,3837,4322,1072,1099,1130,1351,1419,2088,526,528,535,673,687,888,546,571,595,678,732,1200,3763,0,3763
20223,A,골목상권,3110456,구산보건지소,8265,3920,4345,1214,1227,1124,1351,1356,1993,596,624,567,638,638,857,618,603,557,713,718,1136,3437,0,3437
20223,A,골목상권,3110457,예일여고,4310,1999,2311,536,678,584,666,751,1095,248,319,296,316,350,470,288,359,288,350,401,625,1882,0,1882
20223,A,골목상권,3110458,선일여고,5314,2507,2807,719,902,680,811,955,1247,382,444,341,383,421,536,337,458,339,428,534,711,2329,0,2329
20223,A,골목상권,3110459,응암역 2번,4917,2297,2620,705,696,633,838,804,1241,357,338,300,415,351,536,348,358,333,423,453,705,2094,0,2094
20223,A,골목상권,3110460,구산역 4번,5404,2541,2863,716,799,686,904,895,1404,345,396,344,441,403,612,371,403,342,463,492,792,2394,0,2394
20223,A,골목상권,3110461,새절역 2번,1694,796,898,162,232,276,245,258,521,88,95,150,122,121,220,74,137,126,123,137,301,880,0,880
20223,A,골목상권,3110462,갈현건영아파트,5875,2887,2988,611,885,700,810,1061,1808,322,477,376,429,487,796,289,408,324,381,574,1012,2879,0,2879
20223,A,골목상권,3110463,응암3동주민센터,2140,1021,1119,178,262,291,327,376,706,97,136,143,168,200,277,81,126,148,159,176,429,1236,0,1236
20223,A,골목상권,3110464,연신내역 5번,4286,2019,2267,481,711,653,688,705,1048,256,342,333,329,318,441,225,369,320,359,387,607,2154,0,2154
20223,A,골목상권,3110465,연신내역 7번,2656,1245,1411,296,480,442,402,368,668,143,215,236,204,158,289,153,265,206,198,210,379,1335,0,1335
20223,A,골목상권,3110466,구산역 2번,4069,1900,2169,475,592,591,634,706,1071,236,275,300,297,330,462,239,317,291,337,376,609,1938,0,1938
20223,A,골목상권,3110467,은평요양병원,1312,624,688,112,308,236,160,160,336,65,114,122,87,77,159,47,194,114,73,83,177,776,0,776
20223,A,골목상권,3110468,응암역 3번,11333,5296,6037,1474,1594,1704,1809,1835,2917,739,775,796,906,845,1235,735,819,908,903,990,1682,5100,0,5100
20223,A,골목상권,3110469,응암정보도서관,7107,3546,3561,688,1014,816,942,1310,2337,374,519,462,493,675,1023,314,495,354,449,635,1314,3710,0,3710
20223,A,골목상권,3110470,신진과학기술고등학교,2133,984,1149,373,281,362,370,270,477,183,136,158,174,123,210,190,145,204,196,147,267,971,0,971
20223,A,골목상권,3110471,응암동우체국,4781,2356,2425,527,618,649,683,829,1475,275,330,328,364,429,630,252,288,321,319,400,845,2292,0,2292
20223,A,골목상권,3110472,연신내역 4번,5375,2529,2846,529,933,823,768,903,1419,235,444,420,369,437,624,294,489,403,399,466,795,2742,0,2742
20223,A,골목상권,3110473,구산역 1번,9318,4365,4953,1239,1299,1213,1566,1483,2518,614,617,584,780,710,1060,625,682,629,786,773,1458,4409,0,4409
20223,A,골목상권,3110474,세명컴퓨터고등학교,4640,2273,2367,470,798,665,639,814,1254,236,402,359,336,352,588,234,396,306,303,462,666,2247,0,2247
20223,A,골목상권,3110475,백련산해모로아파트,3153,1511,1642,482,409,395,538,517,812,251,199,195,269,262,335,231,210,200,269,255,477,1420,0,1420
20223,A,골목상권,3110476,역촌역 2번,1195,560,635,128,172,177,185,205,328,74,67,88,88,109,134,54,105,89,97,96,194,591,0,591
20223,A,골목상권,3110477,은평세무서,3078,1452,1626,411,404,422,497,498,846,198,202,221,232,240,359,213,202,201,265,258,487,1409,0,1409
20223,A,골목상권,3110478,응암1동주민센터,3271,1579,1692,408,412,407,538,583,923,212,218,216,258,285,390,196,194,191,280,298,533,1584,0,1584
20223,A,골목상권,3110479,연신내역 2번,3620,1760,1860,292,525,438,466,600,1299,156,275,223,241,281,584,136,250,215,225,319,715,1915,0,1915
20223,A,골목상권,3110480,연신내역 3번,3096,1481,1615,259,502,482,410,531,912,143,264,246,199,233,396,116,238,236,211,298,516,1554,0,1554
20223,A,골목상권,3110481,불광역 7번,3183,1475,1708,261,643,502,455,486,836,138,275,246,227,224,365,123,368,256,228,262,471,1750,0,1750
20223,A,골목상권,3110482,연신초등학교,1532,733,799,142,193,177,225,299,496,69,101,90,115,139,219,73,92,87,110,160,277,780,0,780
20223,A,골목상권,3110483,연천초등학교,3179,1487,1692,328,505,450,449,552,895,170,231,222,227,258,379,158,274,228,222,294,516,1585,0,1585
20223,A,골목상권,3110484,역촌역 3번,7996,3876,4120,854,1034,1173,1248,1338,2349,424,500,623,665,657,1007,430,534,550,583,681,1342,4081,0,4081
20223,A,골목상권,3110485,연신내우체국,2687,1268,1419,334,361,377,385,453,777,167,182,194,187,206,332,167,179,183,198,247,445,1231,0,1231
20223,A,골목상권,3110486,은평구청,1952,935,1017,257,278,298,361,299,459,128,131,152,184,147,193,129,147,146,177,152,266,931,0,931
20223,A,골목상권,3110487,불광역 8번,316,161,155,25,35,42,40,48,126,18,21,18,21,25,58,7,14,24,19,23,68,200,0,200
20223,A,골목상권,3110488,우리은행응암동지점,3135,1499,1636,415,423,461,480,523,833,210,212,234,243,245,355,205,211,227,237,278,478,1384,0,1384
20223,A,골목상권,3110489,불광역 3번,1305,602,703,108,222,195,156,210,414,53,110,93,79,94,173,55,112,102,77,116,241,709,0,709
20223,A,골목상권,3110490,녹번동근린공원,5043,2428,2615,526,753,699,788,811,1466,290,378,352,411,370,627,236,375,347,377,441,839,2447,0,2447
20223,A,골목상권,3110491,불광중학교,1353,688,665,145,192,144,187,247,438,89,107,79,103,115,195,56,85,65,84,132,243,651,0,651
20223,A,골목상권,3110492,하나고등학교,528,277,251,80,93,49,85,117,104,48,59,24,39,63,44,32,34,25,46,54,60,227,0,227
20223,A,골목상권,3110493,북가좌초등학교,1328,638,690,148,195,190,177,227,391,70,96,93,95,104,180,78,99,97,82,123,211,613,0,613
20223,A,골목상권,3110494,증산3교남측,814,401,413,99,117,119,109,152,218,52,58,63,52,72,104,47,59,56,57,80,114,363,0,363
20223,A,골목상권,3110495,북가좌2동주민센터,6253,3030,3223,708,895,824,1016,993,1817,377,454,415,513,475,796,331,441,409,503,518,1021,3036,0,3036
20223,A,골목상권,3110496,모래내우체국,2057,983,1074,235,300,243,293,334,652,104,151,131,140,172,285,131,149,112,153,162,367,967,0,967
20223,A,골목상권,3110497,가좌역 3번,179,99,80,4,8,16,18,34,99,2,5,10,15,14,53,2,3,6,3,20,46,135,0,135
20223,A,골목상권,3110498,증산역 1번,3463,1700,1763,330,511,511,479,578,1054,169,276,269,242,265,479,161,235,242,237,313,575,1638,0,1638
20223,A,골목상권,3110499,연가초등학교,6065,2991,3074,857,1075,761,947,998,1427,455,556,414,468,464,634,402,519,347,479,534,793,2724,0,2724
20223,A,골목상권,3110500,남가좌동현대아파트,706,348,358,167,74,131,137,87,110,86,38,65,74,38,47,81,36,66,63,49,63,247,0,247
20223,A,골목상권,3110501,연희어린이공원,1321,634,687,115,227,241,177,191,370,60,110,110,91,89,174,55,117,131,86,102,196,664,0,664
20223,A,골목상권,3110502,남가좌파출소,3811,1841,1970,457,546,499,603,578,1128,238,258,236,319,300,490,219,288,263,284,278,638,1922,0,1922
20223,A,골목상권,3110503,명지대학교교회,5025,2521,2504,537,1317,607,669,775,1120,276,670,346,322,402,505,261,647,261,347,373,615,2865,0,2865
20223,A,골목상권,3110504,명지전문대,223,112,111,32,32,17,51,39,52,17,16,9,25,22,23,15,16,8,26,17,29,99,0,99
20223,A,골목상권,3110505,홍남교남측,150,78,72,17,23,18,21,24,47,11,13,11,11,11,21,6,10,7,10,13,26,77,0,77
20223,A,골목상권,3110506,연희임광아파트,536,253,283,37,142,142,71,50,94,14,60,76,33,21,49,23,82,66,38,29,45,354,0,354
20223,A,골목상권,3110507,명지대학교,6472,3098,3374,670,1284,834,881,1006,1797,333,594,457,439,489,786,337,690,377,442,517,1011,3598,0,3598
20223,A,골목상권,3110508,서연중학교,2124,966,1158,283,292,319,358,291,581,134,144,148,155,129,256,149,148,171,203,162,325,949,0,949
20223,A,골목상권,3110509,연희대우아파트앞,3661,1854,1807,495,1020,772,456,371,547,301,494,405,246,169,239,194,526,367,210,202,308,2210,0,2210
20223,A,골목상권,3110510,홍연시장,1123,552,571,110,160,119,163,193,378,60,82,60,89,95,166,50,78,59,74,98,212,511,0,511
20223,A,골목상권,3110511,연희초등학교,5867,3147,2720,432,2347,1029,647,549,863,230,1368,571,325,268,385,202,979,458,322,281,478,3984,0,3984
20223,A,골목상권,3110512,연희지하차도,3398,1604,1794,382,563,480,524,534,915,194,272,229,265,267,377,188,291,251,259,267,538,1743,0,1743
20223,A,골목상권,3110513,연희파출소,991,455,536,166,172,149,178,127,199,81,73,72,85,50,94,85,99,77,93,77,105,489,0,489
20223,A,골목상권,3110514,서대문우체국,2037,1072,965,74,951,349,162,176,325,42,512,200,80,97,141,32,439,149,82,79,184,1583,0,1583
20223,A,골목상권,3110515,홍은중학교,2539,1226,1313,295,345,294,398,428,779,162,186,145,199,195,339,133,159,149,199,233,440,1163,0,1163
20223,A,골목상권,3110516,정원여중,1128,533,595,144,154,157,175,213,285,59,79,84,89,93,129,85,75,73,86,120,156,468,0,468
20223,A,골목상권,3110517,서대문소방서,866,397,469,125,197,104,120,139,181,60,91,48,55,65,78,65,106,56,65,74,103,430,0,430
20223,A,골목상권,3110518,서대문구청,519,233,286,58,80,66,68,95,152,30,34,38,28,43,60,28,46,28,40,52,92,242,0,242
20223,A,골목상권,3110519,서대문구보건소별관,3975,1814,2161,594,508,438,634,673,1128,260,254,211,306,329,454,334,254,227,328,344,674,1696,0,1696
20223,A,골목상권,3110520,경의중앙 신촌역,1522,719,803,83,594,230,131,167,317,38,253,147,64,84,133,45,341,83,67,83,184,1101,0,1101
20223,A,골목상권,3110521,홍제역 4번,886,416,470,86,121,123,121,158,277,43,56,64,59,73,121,43,65,59,62,85,156,490,0,490
20223,A,골목상권,3110522,홍제역 3번,1328,601,727,115,197,164,199,209,444,51,97,78,102,89,184,64,100,86,97,120,260,654,0,654
20223,A,골목상권,3110523,홍제성원아파트,522,249,273,55,82,65,80,86,154,28,37,34,44,39,67,27,45,31,36,47,87,227,0,227
20223,A,골목상권,3110524,연희세브란스병원,233,100,133,19,94,41,25,15,39,7,34,17,13,8,21,12,60,24,12,7,18,174,0,174
20223,A,골목상권,3110525,홍은종합사회복지관,578,279,299,100,54,83,96,79,166,49,26,42,46,43,73,51,28,41,50,36,93,251,0,251
20223,A,골목상권,3110526,봉원사,1199,499,700,117,395,176,123,150,238,55,122,80,57,81,104,62,273,96,66,69,134,773,0,773
20223,A,골목상권,3110527,홍제역 2번,1923,914,1009,175,285,275,250,350,588,88,147,139,123,173,244,87,138,136,127,177,344,993,0,993
20223,A,골목상권,3110528,서울여자간호대학교,1547,759,788,224,218,245,210,219,431,118,113,133,112,109,174,106,105,112,98,110,257,711,0,711
20223,A,골목상권,3110529,홍제3동주민센터,3374,1605,1769,300,427,339,471,584,1253,148,213,179,246,292,527,152,214,160,225,292,726,1765,0,1765
20223,A,골목상권,3110530,아현역 1번,247,128,119,15,32,31,29,47,93,9,13,17,15,27,47,6,19,14,14,20,46,169,0,169
20223,A,골목상권,3110531,홍지문,410,197,213,31,95,48,53,66,117,16,38,30,28,33,52,15,57,18,25,33,65,228,0,228
20223,A,골목상권,3110532,아현역 2번,2046,986,1060,174,309,223,319,386,635,79,155,117,170,206,259,95,154,106,149,180,376,1212,0,1212
20223,A,골목상권,3110533,충정로역 7번,1093,574,519,72,177,150,163,212,319,38,104,86,83,121,142,34,73,64,80,91,177,650,0,650
20223,A,골목상권,3110534,경기대학교,1614,805,809,162,297,209,196,283,467,83,149,118,108,147,200,79,148,91,88,136,267,871,0,871
20223,A,골목상권,3110535,영천시장입구,1293,597,696,103,215,152,180,214,429,46,106,79,89,111,166,57,109,73,91,103,263,726,0,726
20223,A,골목상권,3110536,돈의문센트레빌아파트입구,690,350,340,45,147,88,98,137,175,23,67,49,56,67,88,22,80,39,42,70,87,399,0,399
20223,A,골목상권,3110537,충정로현대아파트,1051,477,574,129,233,210,161,114,204,55,92,100,78,57,95,74,141,110,83,57,109,607,0,607
20223,A,골목상권,3110538,충정로역 3번,422,190,232,15,88,136,65,39,79,4,37,64,31,20,34,11,51,72,34,19,45,297,0,297
20223,A,골목상권,3110539,미근동,460,238,222,21,83,94,55,64,143,9,51,49,34,32,63,12,32,45,21,32,80,314,0,314
20223,A,골목상권,3110540,망원나들목체육관,2776,1378,1398,342,416,499,456,426,637,167,201,262,232,234,282,175,215,237,224,192,355,1320,0,1320
20223,A,골목상권,3110541,동교초등학교,4944,2304,2640,739,750,751,854,718,1132,356,349,365,418,333,483,383,401,386,436,385,649,2229,0,2229
20223,A,골목상권,3110542,마포구청역 7번,5276,2502,2774,694,875,863,860,817,1167,346,401,411,431,408,505,348,474,452,429,409,662,2483,0,2483
20223,A,골목상권,3110543,중암중학교,994,493,501,167,150,157,168,131,221,88,86,84,77,68,90,79,64,73,91,63,131,493,0,493
20223,A,골목상권,3110544,망리단길,12727,5888,6839,1364,2275,2489,1939,1754,2906,680,1041,1155,931,856,1225,684,1234,1334,1008,898,1681,6618,0,6618
20223,A,골목상권,3110545,마포구청역 1번,5110,1723,3387,259,2037,1457,614,371,372,112,453,532,277,179,170,147,1584,925,337,192,202,3987,0,3987
20223,A,골목상권,3110546,양화대교북단,2596,1249,1347,256,493,567,387,335,558,117,233,285,192,171,251,139,260,282,195,164,307,1357,0,1357
20223,A,골목상권,3110547,KB국민은행 망원동지점,2491,1171,1320,327,405,342,396,368,653,166,193,166,188,182,276,161,212,176,208,186,377,1165,0,1165
20223,A,골목상권,3110548,마포구청역 4번,2724,1252,1472,286,494,530,450,421,543,158,202,247,201,215,229,128,292,283,249,206,314,1437,0,1437
20223,A,골목상권,3110549,새터산,2629,1260,1369,351,413,439,433,361,632,180,194,206,227,173,280,171,219,233,206,188,352,1262,0,1262
20223,A,골목상권,3110550,합정역 8번,5796,2583,3213,608,1144,1237,876,753,1178,287,466,568,405,351,506,321,678,669,471,402,672,3047,0,3047
20223,A,골목상권,3110551,성서초등학교,4111,1881,2230,689,619,617,810,584,792,307,293,268,369,282,362,382,326,349,441,302,430,1840,0,1840
20223,A,골목상권,3110552,성미산체육관,2263,1073,1190,276,347,367,351,360,562,136,157,190,170,172,248,140,190,177,181,188,314,1133,0,1133
20223,A,골목상권,3110553,가좌역 2번,3390,1673,1717,374,526,557,525,530,878,207,263,295,256,266,386,167,263,262,269,264,492,1770,0,1770
20223,A,골목상권,3110554,망원역 1번,4439,1991,2448,434,801,880,726,618,980,216,326,384,337,310,418,218,475,496,389,308,562,2550,0,2550
20223,A,골목상권,3110555,홍익지구대,255,117,138,25,50,53,41,36,50,16,18,22,20,19,22,9,32,31,21,17,28,130,0,130
20223,A,골목상권,3110556,절두산순교성지,969,458,511,71,177,201,140,134,246,31,85,105,71,59,107,40,92,96,69,75,139,540,0,540
20223,A,골목상권,3110557,홍대부속여중고앞,3220,1462,1758,348,580,640,630,438,584,170,255,301,297,194,245,178,325,339,333,244,339,1775,0,1775
20223,A,골목상권,3110558,경성고등학교,8597,4089,4508,941,1502,1610,1376,1226,1942,473,719,805,697,554,841,468,783,805,679,672,1101,4349,0,4349
20223,A,골목상권,3110559,성산중학교,2482,1154,1328,207,503,550,349,325,548,105,230,283,166,148,222,102,273,267,183,177,326,1347,0,1347
20223,A,골목상권,3110560,마포FM,1546,739,807,139,347,293,230,208,329,67,162,139,120,102,149,72,185,154,110,106,180,874,0,874
20223,A,골목상권,3110561,상수역 4번,2175,1036,1139,127,546,510,280,269,443,59,260,258,150,121,188,68,286,252,130,148,255,1379,0,1379
20223,A,골목상권,3110562,연트럴파크(연남동주민센터),2902,1360,1542,293,585,596,470,362,596,161,296,282,217,161,243,132,289,314,253,201,353,1601,0,1601
20223,A,골목상권,3110563,상수역 3번,713,342,371,54,209,150,95,71,134,27,98,74,49,36,58,27,111,76,46,35,76,453,0,453
20223,A,골목상권,3110564,홍대입구역 3번,571,250,321,38,161,125,84,58,105,18,58,66,39,28,41,20,103,59,45,30,64,398,0,398
20223,A,골목상권,3110565,홍익대,1544,779,765,93,628,276,160,170,217,45,341,144,85,78,86,48,287,132,75,92,131,1065,0,1065
20223,A,골목상권,3110566,경의선책거리,1846,859,987,117,493,430,246,223,337,64,209,217,123,101,145,53,284,213,123,122,192,1223,0,1223
20223,A,골목상권,3110567,광흥창역 6번,298,144,154,17,82,62,43,24,70,8,38,25,24,15,34,9,44,37,19,9,36,202,0,202
20223,A,골목상권,3110568,광흥창역 1번,329,175,154,62,56,43,54,51,63,38,30,25,23,31,28,24,26,18,31,20,35,150,0,150
20223,A,골목상권,3110569,홍대땡땡거리,1907,914,993,99,606,377,247,227,351,55,291,184,123,115,146,44,315,193,124,112,205,1348,0,1348
20223,A,골목상권,3110570,KB국민은행 서강지점,501,246,255,68,54,100,96,71,112,31,31,46,48,34,56,37,23,54,48,37,56,255,0,255
20223,A,골목상권,3110571,신수동주민센터,2323,1130,1193,270,350,338,339,381,645,144,177,179,164,193,273,126,173,159,175,188,372,1172,0,1172
20223,A,골목상권,3110572,서강대역 1번,2848,1525,1323,180,953,438,362,333,582,100,562,256,182,181,244,80,391,182,180,152,338,1946,0,1946
20223,A,골목상권,3110573,신촌역 6번,191,93,98,12,62,41,23,15,38,6,31,22,8,10,16,6,31,19,15,5,22,143,0,143
20223,A,골목상권,3110574,서강대학교,174,96,78,14,56,25,31,22,26,6,31,15,19,14,11,8,25,10,12,8,15,107,0,107
20223,A,골목상권,3110575,대흥동주민센터,2613,1296,1317,146,598,379,365,360,765,80,287,220,198,184,327,66,311,159,167,176,438,1876,0,1876
20223,A,골목상권,3110576,대흥역 3번,1118,567,551,144,140,179,170,158,327,74,83,93,93,78,146,70,57,86,77,80,181,592,0,592
20223,A,골목상권,3110577,용강동주민센터,946,441,505,137,107,111,178,163,250,67,51,54,84,79,106,70,56,57,94,84,144,472,0,472
20223,A,골목상권,3110578,대흥역 2번,2721,1346,1375,253,497,343,365,476,787,132,243,191,186,252,342,121,254,152,179,224,445,1618,0,1618
20223,A,골목상권,3110579,마포역 4번,791,415,376,56,155,178,125,106,171,32,81,98,75,56,73,24,74,80,50,50,98,469,0,469
20223,A,골목상권,3110580,양원초등학교,1267,634,633,68,347,195,130,175,352,39,175,105,75,92,148,29,172,90,55,83,204,824,0,824
20223,A,골목상권,3110581,염리초등학교,292,143,149,94,16,44,82,24,32,52,7,18,41,14,11,42,9,26,41,10,21,99,0,99
20223,A,골목상권,3110582,이대역 5번,1393,675,718,71,451,188,153,184,346,31,197,104,79,102,162,40,254,84,74,82,184,1021,0,1021
20223,A,골목상권,3110583,공덕래미안3차아파트,174,80,94,17,47,34,25,13,38,11,14,20,11,9,15,6,33,14,14,4,23,111,0,111
20223,A,골목상권,3110584,아현역 4번,57,25,32,0,13,7,7,8,22,0,6,3,2,4,10,0,7,4,5,4,12,39,0,39
20223,A,골목상권,3110585,마포경찰서,222,104,118,48,21,88,34,15,16,26,5,39,21,5,8,22,16,49,13,10,8,93,0,93
20223,A,골목상권,3110586,서울서부지방법원,1520,734,786,62,354,387,216,210,291,32,130,183,120,130,139,30,224,204,96,80,152,1165,0,1165
20223,A,골목상권,3110587,공덕동주민센터,3405,1419,1986,211,899,615,438,440,802,104,252,274,220,226,343,107,647,341,218,214,459,2427,0,2427
20223,A,골목상권,3110588,한겨레신문사,2908,1378,1530,276,596,481,423,480,652,148,250,257,201,226,296,128,346,224,222,254,356,1569,0,1569
20223,A,골목상권,3110589,애오개역 3번,1726,853,873,145,270,269,219,303,520,76,148,147,120,144,218,69,122,122,99,159,302,847,0,847
20223,A,골목상권,3110590,만리재,2315,1133,1182,209,386,272,363,456,629,107,199,155,183,231,258,102,187,117,180,225,371,1212,0,1212
20223,A,골목상권,3110591,충정로역 6번,2292,1187,1105,197,343,261,284,452,755,103,206,147,156,228,347,94,137,114,128,224,408,1150,0,1150
20223,A,골목상권,3110592,서울금융고등학교,1209,611,598,144,178,125,163,242,357,83,91,73,83,121,160,61,87,52,80,121,197,565,0,565
20223,A,골목상권,3110593,신월3동주민센터,6488,3555,2933,562,746,737,936,1367,2140,301,369,415,568,811,1091,261,377,322,368,556,1049,3863,0,3863
20223,A,골목상권,3110594,신월중학교,3348,1641,1707,635,423,435,552,554,749,337,212,218,270,261,343,298,211,217,282,293,406,1263,0,1263
20223,A,골목상권,3110595,메디힐병원,5754,2863,2891,625,831,780,803,1041,1674,325,424,420,404,494,796,300,407,360,399,547,878,2719,0,2719
20223,A,골목상권,3110596,서서울호수공원,3474,1713,1761,457,476,482,527,636,896,241,236,236,281,312,407,216,240,246,246,324,489,1587,0,1587
20223,A,골목상권,3110597,신월1동주민센터,6200,3206,2994,634,800,781,899,1218,1868,325,424,440,474,626,917,309,376,341,425,592,951,3070,0,3070
20223,A,골목상권,3110598,신월문화체육센터,3093,1486,1607,348,407,353,447,539,999,173,215,188,231,255,424,175,192,165,216,284,575,1385,0,1385
20223,A,골목상권,3110599,신월1파출소,4226,2151,2075,482,590,540,607,791,1216,262,299,295,310,414,571,220,291,245,297,377,645,1946,0,1946
20223,A,골목상권,3110600,신월7동주민센터,4497,2204,2293,409,615,483,616,839,1535,212,312,260,326,435,659,197,303,223,290,404,876,2225,0,2225
20223,A,골목상권,3110601,신월1동우편취급국,6643,3416,3227,792,851,967,1020,1198,1815,395,461,522,541,633,864,397,390,445,479,565,951,3198,0,3198
20223,A,골목상권,3110602,신월시영아파트중문,1306,643,663,117,179,126,177,271,436,59,85,71,86,141,201,58,94,55,91,130,235,632,0,632
20223,A,골목상권,3110603,지향초등학교,311,147,164,49,37,26,41,62,96,17,20,17,20,28,45,32,17,9,21,34,51,133,0,133
20223,A,골목상권,3110604,신월4동주민센터,6868,3400,3468,1210,811,953,1178,979,1737,616,426,475,608,473,802,594,385,478,570,506,935,2626,0,2626
20223,A,골목상권,3110605,목동센트럴아이파크앞,1240,600,640,191,142,163,204,191,349,88,75,87,100,98,152,103,67,76,104,93,197,531,0,531
20223,A,골목상권,3110606,신한은행 신월동지점,7176,3489,3687,1056,901,894,1113,1224,1988,554,462,440,568,582,883,502,439,454,545,642,1105,2708,0,2708
20223,A,골목상권,3110607,금빛새마을금고본점,805,399,406,84,102,111,107,122,279,37,50,62,55,67,128,47,52,49,52,55,151,389,0,389
20223,A,골목상권,3110608,신월2동주민센터,8507,4178,4329,1213,1102,1150,1304,1385,2353,616,554,590,656,681,1081,597,548,560,648,704,1272,3561,0,3561
20223,A,골목상권,3110609,신정네거리역 2번,2450,1172,1278,335,347,317,401,398,652,172,158,166,186,197,293,163,189,151,215,201,359,1086,0,1086
20223,A,골목상권,3110610,계남근린공원,2915,1486,1429,298,413,321,416,540,927,165,236,178,226,255,426,133,177,143,190,285,501,1428,0,1428
20223,A,골목상권,3110611,신정역 1번,4648,2313,2335,607,673,720,770,710,1168,323,342,389,394,335,530,284,331,331,376,375,638,2098,0,2098
20223,A,골목상권,3110612,신정역 5번,8225,4076,4149,934,1249,1118,1252,1386,2286,511,615,615,615,677,1043,423,634,503,637,709,1243,4006,0,4006
20223,A,골목상권,3110613,신정네거리역 4번,532,254,278,84,66,56,89,99,138,44,29,27,38,56,60,40,37,29,51,43,78,254,0,254
20223,A,골목상권,3110614,목동로데오거리,2286,1100,1186,294,318,345,350,355,624,136,156,175,176,177,280,158,162,170,174,178,344,1053,0,1053
20223,A,골목상권,3110615,신서초등학교,1026,492,534,241,127,105,211,160,182,129,60,42,103,83,75,112,67,63,108,77,107,385,0,385
20223,A,골목상권,3110616,양목초등학교,838,392,446,146,133,120,150,133,156,67,72,58,71,59,65,79,61,62,79,74,91,361,0,361
20223,A,골목상권,3110617,등촌역 4번,2327,1050,1277,253,355,398,343,361,617,127,155,201,174,151,242,126,200,197,169,210,375,1192,0,1192
20223,A,골목상권,3110618,강서고등학교,6274,3044,3230,901,1108,884,957,1163,1261,471,605,436,428,546,558,430,503,448,529,617,703,2696,0,2696
20223,A,골목상권,3110619,목4동주민센터,1379,674,705,168,216,222,200,218,355,92,112,120,95,92,163,76,104,102,105,126,192,633,0,633
20223,A,골목상권,3110620,목동보건지소,8547,4144,4403,1507,1348,1135,1428,1495,1634,789,698,568,621,750,718,718,650,567,807,745,916,3458,0,3458
20223,A,골목상권,3110621,목동역 5번,719,330,389,150,95,69,148,121,136,76,38,31,61,61,63,74,57,38,87,60,73,253,0,253
20223,A,골목상권,3110622,달마을공원,4026,1925,2101,421,705,870,570,614,846,198,343,454,267,292,371,223,362,416,303,322,475,1886,0,1886
20223,A,골목상권,3110623,갈산공원,150,82,68,27,11,38,24,17,33,16,9,22,11,6,18,11,2,16,13,11,15,64,0,64
20223,A,골목상권,3110624,목동문화체육센터,2324,1127,1197,316,405,305,348,448,502,163,214,157,167,201,225,153,191,148,181,247,277,922,0,922
20223,A,골목상권,3110625,신정2동주민센터,3327,1639,1688,695,457,266,627,637,645,352,234,120,274,355,304,343,223,146,353,282,341,1261,0,1261
20223,A,골목상권,3110626,양화초등학교,6335,2999,3336,661,1125,1359,922,902,1366,347,491,697,473,390,601,314,634,662,449,512,765,3118,0,3118
20223,A,골목상권,3110627,신정롯데캐슬아파트,2466,1196,1270,410,329,294,438,439,556,211,165,155,208,217,240,199,164,139,230,222,316,1036,0,1036
20223,A,골목상권,3110628,신목동역,1350,676,674,184,242,297,216,184,227,95,121,151,104,102,103,89,121,146,112,82,124,706,0,706
20223,A,골목상권,3110629,송정역 4번,906,445,461,50,173,166,117,137,263,21,82,82,63,68,129,29,91,84,54,69,134,529,0,529
20223,A,골목상권,3110630,공항시장역 1번,6024,3004,3020,535,1176,936,796,982,1599,269,536,530,428,499,742,266,640,406,368,483,857,3565,0,3565
20223,A,골목상권,3110631,방화초등학교,3946,1951,1995,570,509,590,597,655,1025,307,262,303,306,322,451,263,247,287,291,333,574,1654,0,1654
20223,A,골목상권,3110632,방화역 3번,1526,765,761,180,223,207,208,251,457,97,110,109,101,127,221,83,113,98,107,124,236,723,0,723
20223,A,골목상권,3110633,개화산역 1번,440,226,214,51,74,83,53,71,108,30,35,48,29,35,49,21,39,35,24,36,59,228,0,228
20223,A,골목상권,3110634,송정역 3번,8279,4321,3958,983,1333,1556,1270,1258,1879,509,703,880,689,654,886,474,630,676,581,604,993,4417,0,4417
20223,A,골목상권,3110635,공항시장역 3번,2782,1394,1388,311,350,402,337,492,890,149,185,229,183,248,400,162,165,173,154,244,490,1395,0,1395
20223,A,골목상권,3110636,방화역 2번,1260,652,608,188,135,201,217,179,340,95,77,110,113,90,167,93,58,91,104,89,173,563,0,563
20223,A,골목상권,3110637,송정역 2번,1964,986,978,181,362,355,245,316,505,98,166,201,125,160,236,83,196,154,120,156,269,1002,0,1002
20223,A,골목상권,3110638,신방화역 2번,5721,2872,2849,708,857,920,853,918,1465,370,439,500,436,456,671,338,418,420,417,462,794,2781,0,2781
20223,A,골목상권,3110639,신방화역 8번,2885,1456,1429,286,397,389,375,519,919,139,196,218,218,251,434,147,201,171,157,268,485,1435,0,1435
20223,A,골목상권,3110640,방화역 1번,2733,1406,1327,303,431,556,433,432,578,158,205,280,237,257,269,145,226,276,196,175,309,1575,0,1575
20223,A,골목상권,3110641,공항고등학교,1562,790,772,248,195,268,239,239,373,131,97,135,123,126,178,117,98,133,116,113,195,651,0,651
20223,A,골목상권,3110642,정곡초등학교,794,400,394,154,80,105,143,110,202,71,40,56,74,53,106,83,40,49,69,57,96,329,0,329
20223,A,골목상권,3110643,강서구다솔마을,2293,1188,1105,262,285,304,423,413,606,133,135,174,238,223,285,129,150,130,185,190,321,1152,0,1152
20223,A,골목상권,3110644,신광명마을,840,427,413,91,97,114,126,153,259,48,59,61,63,85,111,43,38,53,63,68,148,407,0,407
20223,A,골목상권,3110645,우장산역 4번,7383,3439,3944,1546,1066,882,1418,1141,1330,725,489,417,656,571,581,821,577,465,762,570,749,2826,0,2826
20223,A,골목상권,3110646,푸른들청소년도서관,8329,4014,4315,952,1324,1305,1163,1358,2227,479,621,676,561,655,1022,473,703,629,602,703,1205,3861,0,3861
20223,A,골목상권,3110647,화곡역 5번,8626,4178,4448,1030,1340,1584,1334,1282,2056,513,639,813,695,577,941,517,701,771,639,705,1115,4116,0,4116
20223,A,골목상권,3110648,양천향교역 7번,4060,1692,2368,92,1659,1484,491,232,102,38,432,745,283,143,51,54,1227,739,208,89,51,3656,0,3656
20223,A,골목상권,3110649,우장산역 1번,3347,1549,1798,724,488,399,664,535,537,320,222,201,296,268,242,404,266,198,368,267,295,1242,0,1242
20223,A,골목상권,3110650,우장산힐스테이트,894,418,476,207,102,93,180,124,188,94,49,41,86,64,84,113,53,52,94,60,104,310,0,310
20223,A,골목상권,3110651,화원중학교,6123,2977,3146,780,933,1090,932,928,1460,391,433,591,483,425,654,389,500,499,449,503,806,2783,0,2783
20223,A,골목상권,3110652,양천향교역 2번,2053,1005,1048,173,473,595,235,248,329,91,185,324,136,113,156,82,288,271,99,135,173,1193,0,1193
20223,A,골목상권,3110653,화곡역 2번,3058,1463,1595,309,437,530,441,471,870,160,213,277,222,205,386,149,224,253,219,266,484,1528,0,1528
20223,A,골목상권,3110654,까치산역 4번,12391,6055,6336,1346,1992,2316,1804,1945,2988,679,962,1229,933,916,1336,667,1030,1087,871,1029,1652,5977,0,5977
20223,A,골목상권,3110655,발산역 5번,1014,498,516,146,151,204,169,145,199,84,70,112,78,70,84,62,81,92,91,75,115,479,0,479
20223,A,골목상권,3110656,까치산역 3번,9500,4758,4742,604,2182,2327,1315,1117,1955,297,919,1304,754,554,930,307,1263,1023,561,563,1025,5966,0,5966
20223,A,골목상권,3110657,양천향교역 5번,1567,719,848,74,464,486,189,152,202,30,151,275,104,66,93,44,313,211,85,86,109,1125,0,1125
20223,A,골목상권,3110658,화곡초등학교,3078,1583,1495,274,694,638,491,381,600,152,349,374,265,189,254,122,345,264,226,192,346,1821,0,1821
20223,A,골목상권,3110659,화곡역 4번,18476,8997,9479,2694,2923,3202,3047,2753,3857,1350,1380,1745,1543,1286,1693,1344,1543,1457,1504,1467,2164,8411,0,8411
20223,A,골목상권,3110660,등촌3동주민센터,1701,847,854,177,270,246,210,252,546,89,145,141,101,128,243,88,125,105,109,124,303,968,0,968
20223,A,골목상권,3110661,강서새말어린이공원,1446,723,723,208,183,224,268,220,343,103,92,123,143,104,158,105,91,101,125,116,185,660,0,660
20223,A,골목상권,3110662,까치산역 1번,12580,6012,6568,1535,1934,2078,2051,1874,3108,758,936,1087,1034,847,1350,777,998,991,1017,1027,1758,5837,0,5837
20223,A,골목상권,3110663,우장산롯데캐슬아파트앞,1499,735,764,177,228,243,236,275,340,90,124,115,119,130,157,87,104,128,117,145,183,642,0,642
20223,A,골목상권,3110664,강서구청옆,524,263,261,79,64,99,96,65,121,45,34,52,55,26,51,34,30,47,41,39,70,240,0,240
20223,A,골목상권,3110665,곰달래도서관,5173,2531,2642,577,667,825,815,777,1512,288,345,439,413,366,680,289,322,386,402,411,832,2504,0,2504
20223,A,골목상권,3110666,KC대학교,1817,938,879,209,235,268,263,313,529,112,132,154,142,165,233,97,103,114,121,148,296,861,0,861
20223,A,골목상권,3110667,가양역 10번,640,283,357,55,88,124,81,74,218,23,36,57,40,42,85,32,52,67,41,32,133,380,0,380
20223,A,골목상권,3110668,화곡2동주민센터,8784,4211,4573,1346,1222,1419,1524,1334,1939,681,598,733,757,595,847,665,624,686,767,739,1092,3863,0,3863
20223,A,골목상권,3110669,화곡보람2차아파트,786,365,421,109,163,141,132,115,126,54,76,65,66,51,53,55,87,76,66,64,73,371,0,371
20223,A,골목상권,3110670,신곡초등학교,7458,3647,3811,1131,1055,1106,1264,1246,1656,555,548,571,646,605,722,576,507,535,618,641,934,3183,0,3183
20223,A,골목상권,3110671,등촌1동주민센터,7501,3677,3824,968,1416,1790,1079,943,1305,553,619,921,536,467,581,415,797,869,543,476,724,3888,0,3888
20223,A,골목상권,3110672,백석중학교,3381,1662,1719,509,534,536,530,540,732,272,269,277,267,255,322,237,265,259,263,285,410,1424,0,1424
20223,A,골목상권,3110673,뜸부기어린이공원,4156,2076,2080,356,582,729,564,676,1249,182,320,409,293,325,547,174,262,320,271,351,702,2099,0,2099
20223,A,골목상권,3110674,강서구청가양동별관,161,77,84,13,15,24,27,42,40,4,9,13,15,18,18,9,6,11,12,24,22,124,0,124
20223,A,골목상권,3110675,화곡4동주민센터,7710,3731,3979,948,1166,1355,1172,1217,1852,495,563,697,614,564,798,453,603,658,558,653,1054,3535,0,3535
20223,A,골목상권,3110676,등촌역 7번,3305,1564,1741,398,618,677,496,499,617,211,282,330,240,230,271,187,336,347,256,269,346,1562,0,1562
20223,A,골목상권,3110677,등촌역 1번,1606,739,867,169,355,459,226,180,217,84,139,219,111,89,97,85,216,240,115,91,120,889,0,889
20223,A,골목상권,3110678,염창무학아파트,1231,596,635,172,226,328,180,133,192,87,96,170,88,56,99,85,130,158,92,77,93,610,0,610
20223,A,골목상권,3110679,염창역 2번,979,437,542,72,258,293,137,93,126,35,84,131,75,49,63,37,174,162,62,44,63,667,0,667
20223,A,골목상권,3110680,온수역 5번(온수산업단지),1748,845,903,213,196,281,305,243,510,125,92,134,156,111,227,88,104,147,149,132,283,761,0,761
20223,A,골목상권,3110681,온수역 1번,170,98,72,18,22,39,18,25,48,15,13,19,12,13,26,3,9,20,6,12,22,84,0,84
20223,A,골목상권,3110682,온수역 8번,1048,508,540,141,145,141,179,143,299,79,79,69,86,63,132,62,66,72,93,80,167,433,0,433
20223,A,골목상권,3110683,오류고등학교,1694,833,861,289,240,228,241,307,389,146,129,114,126,144,174,143,111,114,115,163,215,646,0,646
20223,A,골목상권,3110684,서울공연예술고등학교,1389,675,714,172,198,187,230,240,362,87,113,96,106,107,166,85,85,91,124,133,196,602,0,602
20223,A,골목상권,3110685,금강수목원아파트,200,93,107,29,31,30,24,39,47,13,15,12,12,20,21,16,16,18,12,19,26,82,0,82
20223,A,골목상권,3110686,수궁동주민센터,4521,2180,2341,596,611,597,716,769,1232,298,310,312,345,368,547,298,301,285,371,401,685,2114,0,2114
20223,A,골목상권,3110687,"천왕역 3번(오류2동주민센터, 서울오류남초등학교)",542,248,294,59,65,52,87,89,190,27,27,30,41,42,81,32,38,22,46,47,109,244,0,244
20223,A,골목상권,3110688,오류지구대,2781,1363,1418,343,405,409,414,466,744,184,193,210,215,218,343,159,212,199,199,248,401,1254,0,1254
20223,A,골목상권,3110689,오류동역 3번,3158,1607,1551,339,487,415,428,538,951,171,238,226,224,293,455,168,249,189,204,245,496,1637,0,1637
20223,A,골목상권,3110690,오류2동버들시장,4903,2427,2476,599,595,675,742,773,1519,331,301,363,408,382,642,268,294,312,334,391,877,2555,0,2555
20223,A,골목상권,3110691,개봉중학교,2937,1486,1451,377,395,342,445,533,845,190,215,188,226,275,392,187,180,154,219,258,453,1362,0,1362
20223,A,골목상권,3110692,큰굴다리,2116,1104,1012,243,316,279,292,346,640,127,162,160,152,176,327,116,154,119,140,170,313,1025,0,1025
20223,A,골목상권,3110693,오류동역 4번,719,396,323,21,229,178,121,81,89,13,107,102,66,59,49,8,122,76,55,22,40,599,0,599
20223,A,골목상권,3110694,세곡초등학교,6947,3467,3480,799,967,835,1017,1261,2068,404,532,430,507,626,968,395,435,405,510,635,1100,3369,0,3369
20223,A,골목상권,3110695,개봉1동주민센터,5545,2838,2707,512,696,613,744,1039,1941,263,354,343,411,555,912,249,342,270,333,484,1029,2950,0,2950
20223,A,골목상권,3110696,오류동역 1번,3491,1771,1720,372,482,474,489,632,1042,192,268,258,256,313,484,180,214,216,233,319,558,1590,0,1590
20223,A,골목상권,3110697,개봉3동주민센터,2994,1499,1495,378,440,391,472,541,772,193,230,203,262,269,342,185,210,188,210,272,430,1313,0,1313
20223,A,골목상권,3110698,개웅초등학교(개웅중학교),6704,3253,3451,817,930,831,1036,1200,1890,411,480,426,521,559,856,406,450,405,515,641,1034,2850,0,2850
20223,A,골목상권,3110699,덕의초등학교,1608,802,806,206,214,186,258,286,458,111,122,97,130,139,203,95,92,89,128,147,255,759,0,759
20223,A,골목상권,3110700,고척초등학교,3399,1727,1672,455,448,433,535,588,940,230,237,254,279,301,426,225,211,179,256,287,514,1605,0,1605
20223,A,골목상권,3110701,고척동성당,1217,551,666,159,210,192,160,187,309,72,88,89,79,82,141,87,122,103,81,105,168,570,0,570
20223,A,골목상권,3110702,개봉초등학교,2513,1202,1311,339,285,411,362,407,709,175,146,217,165,189,310,164,139,194,197,218,399,1101,0,1101
20223,A,골목상권,3110703,개봉역,2006,993,1013,219,252,390,322,291,532,102,118,202,169,150,252,117,134,188,153,141,280,966,0,966
20223,A,골목상권,3110704,고척중학교,94,68,26,2,40,21,14,10,7,2,26,16,9,9,6,0,14,5,5,1,1,87,0,87
20223,A,골목상권,3110705,고산초등학교,565,281,284,87,131,99,99,76,73,51,68,48,55,26,33,36,63,51,44,50,40,287,0,287
20223,A,골목상권,3110706,그라운드 고척,697,364,333,64,109,89,128,90,217,33,55,47,74,56,99,31,54,42,54,34,118,408,0,408
20223,A,골목상권,3110707,구로창업지원센터,2099,1112,987,230,280,242,299,358,690,107,156,143,174,196,336,123,124,99,125,162,354,1038,0,1038
20223,A,골목상권,3110708,화원어린이공원,1295,677,618,121,206,171,208,228,361,70,104,95,129,122,157,51,102,76,79,106,204,765,0,765
20223,A,골목상권,3110709,구로119안전센터,2634,1347,1287,225,329,327,341,548,864,109,171,178,201,285,403,116,158,149,140,263,461,1413,0,1413
20223,A,골목상권,3110710,남구로역 3번,5266,2723,2543,372,723,535,666,1057,1913,208,401,322,359,550,883,164,322,213,307,507,1030,3012,0,3012
20223,A,골목상권,3110711,구로초등학교,3893,1922,1971,396,516,439,558,712,1272,184,261,237,285,399,556,212,255,202,273,313,716,2056,0,2056
20223,A,골목상권,3110712,남구로역 5번,5072,2530,2542,493,624,511,736,986,1722,252,393,287,362,491,745,241,231,224,374,495,977,2382,0,2382
20223,A,골목상권,3110713,구로보건소,7091,3499,3592,759,1080,1119,951,1222,1960,349,535,579,482,631,923,410,545,540,469,591,1037,3672,0,3672
20223,A,골목상권,3110714,구로4동주민센터,4147,2075,2072,404,446,398,594,813,1492,209,236,222,302,422,684,195,210,176,292,391,808,2250,0,2250
20223,A,골목상권,3110715,구로구민회관,867,453,414,78,90,83,130,157,329,40,52,42,77,95,147,38,38,41,53,62,182,460,0,460
20223,A,골목상권,3110716,구로나눔길,823,391,432,91,93,101,117,158,263,45,43,49,53,94,107,46,50,52,64,64,156,434,0,434
20223,A,골목상권,3110717,남구로역 2번,7311,3740,3571,574,860,769,1048,1456,2604,302,448,404,586,822,1178,272,412,365,462,634,1426,4187,0,4187
20223,A,골목상권,3110718,한국SGI본부,2665,1232,1433,162,853,599,281,308,462,86,297,313,144,168,224,76,556,286,137,140,238,1911,0,1911
20223,A,골목상권,3110719,영서중학교,551,256,295,79,62,66,84,85,175,39,28,34,40,41,74,40,34,32,44,44,101,227,0,227
20223,A,골목상권,3110720,대림역 2번,2265,1094,1171,194,247,256,303,441,824,104,119,141,146,206,378,90,128,115,157,235,446,1199,0,1199
20223,A,골목상권,3110721,가리봉파출소,2548,1332,1216,152,535,514,346,442,559,83,270,288,190,233,268,69,265,226,156,209,291,1654,0,1654
20223,A,골목상권,3110722,G타워,3828,2250,1578,75,1391,1333,479,252,298,44,701,862,316,167,160,31,690,471,163,85,138,3378,0,3378
20223,A,골목상권,3110723,가산디지털단지역 1번 출입구,816,430,386,47,167,116,108,139,239,21,88,66,60,83,112,26,79,50,48,56,127,540,0,540
20223,A,골목상권,3110724,금천구립가산도서관,2946,1774,1172,147,771,814,368,382,464,66,438,553,238,232,247,81,333,261,130,150,217,2068,0,2068
20223,A,골목상권,3110725,가산동주민센터,1908,1045,863,27,767,462,220,241,191,12,317,288,143,174,111,15,450,174,77,67,80,1752,0,1752
20223,A,골목상권,3110726,금천철쭉어린이공원(금하마을),1686,867,819,176,259,186,251,332,482,91,131,118,130,173,224,85,128,68,121,159,258,884,0,884
20223,A,골목상권,3110727,독산역 1번 출입구,1229,660,569,97,323,294,156,142,217,49,141,179,96,76,119,48,182,115,60,66,98,771,0,771
20223,A,골목상권,3110728,두산초등학교,1546,848,698,98,495,372,203,174,204,48,228,236,127,108,101,50,267,136,76,66,103,1123,0,1123
20223,A,골목상권,3110729,가산동우체국,2913,1707,1206,101,934,685,341,358,494,51,462,444,233,241,276,50,472,241,108,117,218,2268,0,2268
20223,A,골목상권,3110730,서울축산농협 독산역지점(독산파출소),2867,1548,1319,234,590,707,392,402,542,119,298,418,226,217,270,115,292,289,166,185,272,1728,0,1728
20223,A,골목상권,3110731,금천구청역 1번 출입구,1017,517,500,73,241,203,146,138,216,36,100,115,84,73,109,37,141,88,62,65,107,662,0,662
20223,A,골목상권,3110732,가산초등학교(세일중학교),2840,1518,1322,178,776,610,310,399,567,85,363,366,182,230,292,93,413,244,128,169,275,1961,0,1961
20223,A,골목상권,3110733,금천어울림복지센터,445,193,252,25,120,138,44,36,82,10,43,67,18,18,37,15,77,71,26,18,45,309,0,309
20223,A,골목상권,3110734,금천파출소,347,184,163,21,50,56,43,62,115,8,21,35,30,43,47,13,29,21,13,19,68,210,0,210
20223,A,골목상권,3110735,말미고개,5369,2731,2638,641,871,824,709,952,1372,336,445,453,367,483,647,305,426,371,342,469,725,2688,0,2688
20223,A,골목상권,3110736,독산119안전센터,4727,2350,2377,515,679,691,645,950,1247,258,308,380,339,473,592,257,371,311,306,477,655,2240,0,2240
20223,A,골목상권,3110737,금천세무서,2720,1425,1295,252,487,456,347,470,708,140,267,255,181,233,349,112,220,201,166,237,359,1467,0,1467
20223,A,골목상권,3110738,문성초등학교,3498,1770,1728,292,464,433,474,711,1124,147,229,249,240,397,508,145,235,184,234,314,616,2045,0,2045
20223,A,골목상권,3110739,시흥3동 우편취급국,320,165,155,31,58,28,46,71,86,17,28,15,22,39,44,14,30,13,24,32,42,129,0,129
20223,A,골목상권,3110740,금천해태공원,5321,2680,2641,515,825,615,721,1038,1607,269,425,350,377,507,752,246,400,265,344,531,855,2696,0,2696
20223,A,골목상권,3110741,독산2동주민센터,3680,1858,1822,389,562,502,525,722,980,204,293,271,250,375,465,185,269,231,275,347,515,1857,0,1857
20223,A,골목상권,3110742,KT금천빌딩(금천구시설관리공단),213,115,98,15,31,33,27,44,63,10,16,19,14,23,33,5,15,14,13,21,30,125,0,125
20223,A,골목상권,3110743,시흥초등학교(시흥1동우체국),4293,2157,2136,493,566,495,606,836,1297,254,308,268,318,417,592,239,258,227,288,419,705,2100,0,2100
20223,A,골목상권,3110744,독산동성당,8260,4130,4130,831,1135,983,1116,1753,2442,406,595,546,544,901,1138,425,540,437,572,852,1304,4148,0,4148
20223,A,골목상권,3110745,독산동정훈단지,2946,1485,1461,304,437,338,417,646,804,154,225,194,213,336,363,150,212,144,204,310,441,1509,0,1509
20223,A,골목상권,3110746,금천금빛공원(은행나무사거리서측),1702,825,877,156,317,224,216,303,486,81,150,122,106,139,227,75,167,102,110,164,259,882,0,882
20223,A,골목상권,3110747,석수역 1번 출입구,1006,498,508,81,130,134,129,176,356,35,71,71,69,87,165,46,59,63,60,89,191,442,0,442
20223,A,골목상권,3110748,백산초등학교,1914,979,935,202,269,224,291,351,577,107,144,125,153,184,266,95,125,99,138,167,311,978,0,978
20223,A,골목상권,3110749,금산초등학교(금천고등학교),4810,2405,2405,607,611,628,712,823,1429,312,324,333,369,404,663,295,287,295,343,419,766,2009,0,2009
20223,A,골목상권,3110750,시흥4동주민센터(서울신흥초등학교),4694,2332,2362,496,537,554,653,919,1535,235,273,295,351,460,718,261,264,259,302,459,817,2417,0,2417
20223,A,골목상권,3110751,난곡중학교,5590,2805,2785,496,898,735,756,1133,1572,261,449,402,406,560,727,235,449,333,350,573,845,2857,0,2857
20223,A,골목상권,3110752,한울중학교,6433,3165,3268,817,857,923,893,1195,1748,443,442,477,434,558,811,374,415,446,459,637,937,2845,0,2845
20223,A,골목상권,3110753,시흥동 은행나무사거리,7026,3515,3511,785,927,789,1013,1320,2192,401,500,434,519,667,994,384,427,355,494,653,1198,3427,0,3427
20223,A,골목상권,3110754,삼성산자연공원(서울금천초등학교),5343,2632,2711,606,720,686,777,1038,1516,301,382,357,397,524,671,305,338,329,380,514,845,2625,0,2625
20223,A,골목상권,3110755,동일여자고등학교,1401,705,696,172,173,133,215,243,465,91,87,76,115,133,203,81,86,57,100,110,262,643,0,643
20223,A,골목상권,3110756,문래중학교,2569,1239,1330,353,452,823,489,225,227,184,181,410,254,105,105,169,271,413,235,120,122,1406,0,1406
20223,A,골목상권,3110757,양평역 2번,2162,1136,1026,125,531,660,302,270,274,70,228,372,171,170,125,55,303,288,131,100,149,1565,0,1565
20223,A,골목상권,3110758,문래소공원,1450,678,772,249,213,449,255,135,149,123,82,216,128,62,67,126,131,233,127,73,82,686,0,686
20223,A,골목상권,3110759,문래예술촌(문래창작촌),1245,671,574,156,162,261,208,141,317,76,85,137,134,88,151,80,77,124,74,53,166,744,0,744
20223,A,골목상권,3110760,선유도역 6번,1108,566,542,116,212,309,164,106,201,48,97,173,92,62,94,68,115,136,72,44,107,600,0,600
20223,A,골목상권,3110761,문래동남성맨션,22,13,9,1,1,1,1,4,14,1,0,1,0,2,9,0,1,0,1,2,5,14,0,14
20223,A,골목상권,3110762,선유도역 1번,11098,5486,5612,1285,2133,3005,1509,1360,1806,673,930,1572,768,709,834,612,1203,1433,741,651,972,5787,0,5787
20223,A,골목상권,3110763,영등포구청역 2번,1266,627,639,131,251,282,165,178,259,77,103,146,86,87,128,54,148,136,79,91,131,702,0,702
20223,A,골목상권,3110764,문래역 3번,83,43,40,2,35,23,7,11,5,1,16,15,2,7,2,1,19,8,5,4,3,68,0,68
20223,A,골목상권,3110765,문래동사거리,116,61,55,7,7,14,18,14,56,2,5,8,14,9,23,5,2,6,4,5,33,58,0,58
20223,A,골목상권,3110766,대림역 5번,2307,1143,1164,204,295,259,326,472,751,114,151,139,180,237,322,90,144,120,146,235,429,1295,0,1295
20223,A,골목상권,3110767,도림동주민센터,891,462,429,51,103,131,127,169,310,28,55,72,78,85,144,23,48,59,49,84,166,623,0,623
20223,A,골목상권,3110768,도림2동유수지내체육시설,1300,638,662,68,316,381,192,149,194,41,120,196,100,83,98,27,196,185,92,66,96,873,0,873
20223,A,골목상권,3110769,대림차이나타운(대림역 12번),673,328,345,63,59,73,100,110,268,35,39,37,44,64,109,28,20,36,56,46,159,397,0,397
20223,A,골목상권,3110770,영등포구청역 6번,1935,974,961,126,417,375,228,292,497,58,198,213,119,168,218,68,219,162,109,124,279,1223,0,1223
20223,A,골목상권,3110771,대림역 11번,693,339,354,42,60,61,116,133,281,20,35,30,60,75,119,22,25,31,56,58,162,476,0,476
20223,A,골목상권,3110772,신우어린이공원,1225,627,598,156,166,160,204,219,320,82,86,93,99,116,151,74,80,67,105,103,169,568,0,568
20223,A,골목상권,3110773,당산역 13번,151,80,71,11,36,35,27,20,22,3,23,18,15,12,9,8,13,17,12,8,13,111,0,111
20223,A,골목상권,3110774,당산반도유보라팰리스아파트,1317,623,694,91,414,376,154,118,164,43,165,202,78,58,77,48,249,174,76,60,87,935,0,935
20223,A,골목상권,3110775,대동초등학교,768,384,384,69,92,70,89,174,274,40,49,44,47,84,120,29,43,26,42,90,154,402,0,402
20223,A,골목상권,3110776,도신초등학교,3337,1712,1625,383,495,347,452,681,979,191,271,197,226,359,468,192,224,150,226,322,511,1527,0,1527
20223,A,골목상권,3110777,구로세무서,124,92,32,1,4,6,14,29,70,1,3,3,14,25,46,0,1,3,0,4,24,110,0,110
20223,A,골목상권,3110778,구로디지털단지역 4번,4030,2009,2021,316,668,458,487,731,1370,157,364,265,252,354,617,159,304,193,235,377,753,2361,0,2361
20223,A,골목상권,3110779,대림갑을명가아파트,293,149,144,17,44,33,41,50,108,8,25,17,22,28,49,9,19,16,19,22,59,171,0,171
20223,A,골목상권,3110780,신길대성유니드아파트,3240,1649,1591,403,396,345,533,589,974,228,206,199,277,303,436,175,190,146,256,286,538,1539,0,1539
20223,A,골목상권,3110781,대림한신아파트,3339,1643,1696,325,506,334,432,646,1096,163,255,194,219,321,491,162,251,140,213,325,605,1609,0,1609
20223,A,골목상권,3110782,영등포시장역 4번,763,381,382,37,242,222,79,75,108,22,98,125,45,42,49,15,144,97,34,33,59,565,0,565
20223,A,골목상권,3110783,영등포시장역 1번,772,414,358,92,115,99,98,127,241,48,52,56,57,73,128,44,63,43,41,54,113,430,0,430
20223,A,골목상권,3110784,신대림초등학교,998,493,505,93,155,109,136,159,346,51,77,56,80,78,151,42,78,53,56,81,195,558,0,558
20223,A,골목상권,3110785,영등포푸르지오아파트,3399,1751,1648,341,447,414,508,636,1053,188,245,228,265,341,484,153,202,186,243,295,569,1778,0,1778
20223,A,골목상권,3110786,당산역 8번,2158,1090,1068,135,543,529,242,285,424,62,261,291,124,152,200,73,282,238,118,133,224,1368,0,1368
20223,A,골목상권,3110787,신길3동주민센터,3238,1630,1608,289,424,353,421,667,1084,148,218,206,230,353,475,141,206,147,191,314,609,1757,0,1757
20223,A,골목상권,3110788,영등포시장역 3번,345,191,154,40,27,58,44,52,124,25,18,36,29,33,50,15,9,22,15,19,74,170,0,170
20223,A,골목상권,3110789,대림성모병원,1685,820,865,154,274,223,236,276,522,83,121,126,112,146,232,71,153,97,124,130,290,977,0,977
20223,A,골목상권,3110790,대림1동주민센터,3364,1678,1686,249,504,389,443,633,1146,138,265,232,237,312,494,111,239,157,206,321,652,1933,0,1933
20223,A,골목상권,3110791,신풍역 3번,223,108,115,40,20,46,33,30,54,20,11,21,16,15,25,20,9,25,17,15,29,95,0,95
20223,A,골목상권,3110792,영등포역 2번,3798,1928,1870,307,555,544,480,684,1228,155,297,297,254,345,580,152,258,247,226,339,648,2228,0,2228
20223,A,골목상권,3110793,대림썬프라자,1,1,0,0,0,0,0,0,1,0,0,0,0,0,1,0,0,0,0,0,0,1,0,1
20223,A,골목상권,3110794,영동초등학교,3386,1545,1841,160,1324,1125,333,193,251,91,484,551,177,112,130,69,840,574,156,81,121,2698,0,2698
20223,A,골목상권,3110795,도림초등학교,1916,960,956,201,276,272,252,295,620,108,143,151,139,147,272,93,133,121,113,148,348,1053,0,1053
20223,A,골목상권,3110796,한림대학교한강성심병원,1264,681,583,69,352,460,142,105,136,34,163,258,78,68,80,35,189,202,64,37,56,945,0,945
20223,A,골목상권,3110797,KT대방빌딩,193,95,98,10,19,27,24,24,89,3,13,14,10,17,38,7,6,13,14,7,51,110,0,110
20223,A,골목상권,3110798,신풍역 2번,567,295,272,63,86,86,72,89,171,38,50,46,33,45,83,25,36,40,39,44,88,265,0,265
20223,A,골목상권,3110799,영등포본동주민센터,633,322,311,34,121,103,69,123,183,17,70,64,34,53,84,17,51,39,35,70,99,348,0,348
20223,A,골목상권,3110800,영등포동성당,838,509,329,19,273,316,80,58,92,6,151,214,57,34,47,13,122,102,23,24,45,680,0,680
20223,A,골목상권,3110801,신풍역 6번(신길6동공영주차장),208,107,101,23,21,21,26,39,78,13,11,10,17,21,35,10,10,11,9,18,43,108,0,108
20223,A,골목상권,3110802,신길동홍어거리,1327,672,655,123,215,181,155,252,401,65,124,108,78,123,174,58,91,73,77,129,227,742,0,742
20223,A,골목상권,3110803,신길2동우편취급국,2760,1429,1331,239,301,349,379,489,1003,129,165,184,213,267,471,110,136,165,166,222,532,1531,0,1531
20223,A,골목상권,3110804,신풍역 1번,2297,1079,1218,158,376,307,315,387,754,73,165,167,151,198,325,85,211,140,164,189,429,1383,0,1383
20223,A,골목상권,3110805,신길새마을금고신길4동지점,768,385,383,42,184,148,107,89,198,19,82,81,61,51,91,23,102,67,46,38,107,494,0,494
20223,A,골목상권,3110806,서울시립영등포장애인복지관,48,48,0,0,1,6,14,22,5,0,1,6,14,22,5,0,0,0,0,0,0,48,0,48
20223,A,골목상권,3110807,신길역 3번,2234,1178,1056,39,1104,717,191,97,86,25,489,433,126,63,42,14,615,284,65,34,44,1993,0,1993
20223,A,골목상권,3110808,신길역 1번,624,335,289,36,115,124,87,102,160,17,68,71,50,53,76,19,47,53,37,49,84,395,0,395
20223,A,골목상권,3110809,장훈고등학교,711,353,358,72,107,85,101,131,215,32,52,52,49,69,99,40,55,33,52,62,116,379,0,379
20223,A,골목상권,3110810,영신초등학교,3407,1680,1727,309,549,481,456,538,1074,157,267,277,243,261,475,152,282,204,213,277,599,1892,0,1892
20223,A,골목상권,3110811,보라매역 4번,1664,815,849,138,347,296,228,222,433,77,160,140,126,117,195,61,187,156,102,105,238,971,0,971
20223,A,골목상권,3110812,신길6동주민센터,1434,666,768,89,353,271,186,206,329,48,154,128,94,94,148,41,199,143,92,112,181,932,0,932
20223,A,골목상권,3110813,보라매역 6번,2594,1281,1313,317,551,454,347,362,563,171,236,229,189,188,268,146,315,225,158,174,295,1397,0,1397
20223,A,골목상권,3110814,서울지방병무청,3440,1751,1689,348,617,510,515,559,891,185,332,270,287,277,400,163,285,240,228,282,491,1846,0,1846
20223,A,골목상권,3110815,공군호텔,4944,2547,2397,327,1192,910,655,701,1159,160,562,531,371,395,528,167,630,379,284,306,631,3342,0,3342
20223,A,골목상권,3110816,대방역 6번,1790,932,858,107,321,335,258,274,495,52,167,202,137,153,221,55,154,133,121,121,274,1108,0,1108
20223,A,골목상권,3110817,대방역 4번,880,495,385,28,340,222,79,79,132,14,176,141,50,46,68,14,164,81,29,33,64,704,0,704
20223,A,골목상권,3110818,신대방역 3번,813,426,387,52,200,159,102,106,194,22,92,101,59,55,97,30,108,58,43,51,97,551,0,551
20223,A,골목상권,3110819,신대방역 4번,5265,2541,2724,522,940,795,741,878,1389,265,459,400,355,461,601,257,481,395,386,417,788,3065,0,3065
20223,A,골목상권,3110820,성남고등학교,4096,2066,2030,710,768,663,746,571,638,385,393,335,384,297,272,325,375,328,362,274,366,1995,0,1995
20223,A,골목상권,3110821,보라매역 2번,6050,2935,3115,714,1093,1048,937,902,1356,378,537,535,461,429,595,336,556,513,476,473,761,3036,0,3036
20223,A,골목상권,3110822,신대방삼거리역 4번(대림초등학교),5038,2417,2621,725,1036,795,801,747,934,380,506,374,389,362,406,345,530,421,412,385,528,2442,0,2442
20223,A,골목상권,3110823,신대방삼거리역 3번,3577,1670,1907,337,938,663,473,454,712,185,355,341,241,218,330,152,583,322,232,236,382,2045,0,2045
20223,A,골목상권,3110824,대방역 3번,631,306,325,84,159,123,113,71,81,39,73,66,56,35,37,45,86,57,57,36,44,391,0,391
20223,A,골목상권,3110825,신대방삼거리역 1번,9016,4292,4724,969,1841,1716,1217,1189,2084,494,816,880,617,576,909,475,1025,836,600,613,1175,4854,0,4854
20223,A,골목상권,3110826,장승배기역 4번,4283,2053,2230,311,1009,904,532,569,958,142,451,486,288,271,415,169,558,418,244,298,543,2612,0,2612
20223,A,골목상권,3110827,NH농협은행 상도동지점,2391,1140,1251,188,503,419,317,362,602,90,226,211,166,185,262,98,277,208,151,177,340,1436,0,1436
20223,A,골목상권,3110828,노량진역 6번,7081,3628,3453,470,1331,1082,886,1215,2097,244,702,634,497,628,923,226,629,448,389,587,1174,4212,0,4212
20223,A,골목상권,3110829,장승배기역 5번,3007,1526,1481,234,414,394,371,588,1006,123,230,231,191,299,452,111,184,163,180,289,554,1658,0,1658
20223,A,골목상권,3110830,상도초등학교,4133,2032,2101,484,594,651,609,629,1166,256,289,358,324,292,513,228,305,293,285,337,653,2109,0,2109
20223,A,골목상권,3110831,상도4동주민센터,2692,1297,1395,359,466,538,403,374,552,202,209,268,201,183,234,157,257,270,202,191,318,1294,0,1294
20223,A,골목상권,3110832,노량진초등학교,3280,1690,1590,228,657,493,421,475,1006,119,365,290,234,248,434,109,292,203,187,227,572,2081,0,2081
20223,A,골목상권,3110833,상도역 2번,2327,1123,1204,370,431,426,367,291,442,192,207,207,187,141,189,178,224,219,180,150,253,1121,0,1121
20223,A,골목상권,3110834,동작구자원봉사센터,1155,629,526,93,320,240,127,144,231,51,166,162,73,69,108,42,154,78,54,75,123,705,0,705
20223,A,골목상권,3110835,상도역 1번,1194,550,644,107,321,225,124,134,283,51,144,108,59,64,124,56,177,117,65,70,159,697,0,697
20223,A,골목상권,3110836,상도역 5번,9098,4469,4629,999,3070,1232,1073,983,1741,479,1604,655,535,440,756,520,1466,577,538,543,985,5244,0,5244
20223,A,골목상권,3110837,숭실대입구역 1번,4197,2006,2191,384,1330,665,459,511,848,198,631,337,224,237,379,186,699,328,235,274,469,2434,0,2434
20223,A,골목상권,3110838,상도1동주민센터앞,117,65,52,5,33,20,11,15,33,3,18,11,8,8,17,2,15,9,3,7,16,74,0,74
20223,A,골목상권,3110839,숭실대입구역 4번,1914,981,933,147,695,277,188,227,380,84,365,158,93,102,179,63,330,119,95,125,201,1183,0,1183
20223,A,골목상권,3110840,중앙대학교,2244,1118,1126,189,795,278,248,264,470,92,412,168,121,118,207,97,383,110,127,146,263,1415,0,1415
20223,A,골목상권,3110841,중대부중,2042,993,1049,160,310,239,309,355,669,84,167,126,171,177,268,76,143,113,138,178,401,1081,0,1081
20223,A,골목상권,3110842,흑리단길,511,237,274,50,85,59,60,91,166,26,37,28,30,49,67,24,48,31,30,42,99,287,0,287
20223,A,골목상권,3110843,사당5동주민센터,1683,792,891,185,302,295,278,223,400,106,136,137,142,103,168,79,166,158,136,120,232,966,0,966
20223,A,골목상권,3110844,흑석2치안센터,833,408,425,69,119,101,104,161,279,39,66,55,55,75,118,30,53,46,49,86,161,410,0,410
20223,A,골목상권,3110845,사당종합체육관,1643,802,841,214,238,223,257,273,438,123,119,119,131,131,179,91,119,104,126,142,259,722,0,722
20223,A,골목상권,3110846,남성역 1번,8998,4253,4745,823,1752,1569,1283,1244,2327,423,778,796,662,591,1003,400,974,773,621,653,1324,4850,0,4850
20223,A,골목상권,3110847,예술인마을,4610,2187,2423,408,824,920,611,709,1138,210,386,478,283,305,525,198,438,442,328,404,613,2213,0,2213
20223,A,골목상권,3110848,양지어린이공원,4871,2347,2524,425,997,925,679,684,1161,203,454,498,359,318,515,222,543,427,320,366,646,2701,0,2701
20223,A,골목상권,3110849,이수역 10번,3100,1528,1572,242,622,546,412,478,800,128,268,279,228,248,377,114,354,267,184,230,423,1849,0,1849
20223,A,골목상권,3110850,사당역 10번,8232,3880,4352,524,2114,1722,1007,989,1876,283,883,897,534,438,845,241,1231,825,473,551,1031,5113,0,5113
20223,A,골목상권,3110851,경문고등학교(동작동성당),3582,1731,1851,336,514,514,490,597,1131,193,262,278,231,286,481,143,252,236,259,311,650,1778,0,1778
20223,A,골목상권,3110852,이수역 9번,1902,903,999,130,385,352,258,268,509,75,165,170,137,126,230,55,220,182,121,142,279,1198,0,1198
20223,A,골목상권,3110853,KT구로지사,2369,1254,1115,135,629,593,269,285,458,64,283,378,151,151,227,71,346,215,118,134,231,1645,0,1645
20223,A,골목상권,3110854,조원동주민센터,2185,1104,1081,212,427,344,317,339,546,119,205,192,148,175,265,93,222,152,169,164,281,1233,0,1233
20223,A,골목상권,3110855,신대방역 2번,4616,2270,2346,326,1380,988,556,525,841,161,592,510,309,289,409,165,788,478,247,236,432,3109,0,3109
20223,A,골목상권,3110856,미성초등학교,4246,2043,2203,469,770,795,606,629,977,226,342,413,344,297,421,243,428,382,262,332,556,2252,0,2252
20223,A,골목상권,3110857,미성동주민센터,5006,2462,2544,646,721,629,778,878,1354,333,359,331,375,437,627,313,362,298,403,441,727,2338,0,2338
20223,A,골목상권,3110858,신대방역 1번,844,420,424,55,260,168,100,90,171,27,120,89,51,49,84,28,140,79,49,41,87,586,0,586
20223,A,골목상권,3110859,난향초등학교,2852,1497,1355,329,364,314,452,474,919,157,207,186,249,263,435,172,157,128,203,211,484,1407,0,1407
20223,A,골목상권,3110860,호림박물관(성보고등학교),2357,1146,1211,190,682,425,312,327,421,97,307,233,161,162,186,93,375,192,151,165,235,1478,0,1478
20223,A,골목상권,3110861,관악구신사동주민센터,7107,3587,3520,631,1750,1213,961,1118,1434,341,869,682,488,548,659,290,881,531,473,570,775,4152,0,4152
20223,A,골목상권,3110862,난곡초등학교(난곡동벽화마을),2335,1157,1178,239,374,347,311,404,660,101,201,200,160,196,299,138,173,147,151,208,361,1181,0,1181
20223,A,골목상권,3110863,난우초등학교,4002,1985,2017,532,594,479,616,689,1092,261,310,247,319,342,506,271,284,232,297,347,586,1873,0,1873
20223,A,골목상권,3110864,신림우방아파트,5054,2528,2526,465,1324,862,677,667,1059,250,610,503,343,332,490,215,714,359,334,335,569,3022,0,3022
20223,A,골목상권,3110865,남강고등학교(남강중학교),8794,4369,4425,1073,1331,1158,1295,1627,2310,580,664,623,668,791,1043,493,667,535,627,836,1267,4205,0,4205
20223,A,골목상권,3110866,난우중학교,5033,2551,2482,528,735,669,732,866,1503,272,388,375,401,421,694,256,347,294,331,445,809,2473,0,2473
20223,A,골목상권,3110867,국제신학대학원대학교(남서울중학교),3553,1786,1767,229,1040,701,395,419,769,103,507,408,214,213,341,126,533,293,181,206,428,2280,0,2280
20223,A,골목상권,3110868,남부초등학교,3126,1560,1566,257,772,550,399,464,684,138,367,307,208,226,314,119,405,243,191,238,370,1864,0,1864
20223,A,골목상권,3110869,"신림역 5번(신림동주민센터, 신림동별빛거리)",11244,5800,5444,441,4403,2831,1283,889,1397,215,2161,1635,706,471,612,226,2242,1196,577,418,785,8805,0,8805
20223,A,골목상권,3110870,신림주공2단지(광신고등학교),2041,1013,1028,183,206,201,315,369,767,100,113,119,170,181,330,83,93,82,145,188,437,934,0,934
20223,A,골목상권,3110871,신원동주민센터,2357,1169,1188,161,550,391,276,320,659,86,275,213,151,160,284,75,275,178,125,160,375,1512,0,1512
20223,A,골목상권,3110872,신림초등학교,2608,1298,1310,247,597,425,380,358,601,124,318,239,192,174,251,123,279,186,188,184,350,1495,0,1495
20223,A,골목상권,3110873,당곡중학교,4600,2271,2329,475,920,682,656,622,1245,256,436,377,318,310,574,219,484,305,338,312,671,2473,0,2473
20223,A,골목상권,3110874,원신초등학교(구세군관악영문교회),2944,1477,1467,176,305,314,374,522,1253,100,155,186,222,283,531,76,150,128,152,239,722,1765,0,1765
20223,A,골목상권,3110875,보라매동주민센터(당곡고등학교),3122,1530,1592,295,659,575,457,413,723,140,330,318,237,188,317,155,329,257,220,225,406,1751,0,1751
20223,A,골목상권,3110876,서원동주민센터(신관중학교),2715,1460,1255,147,835,563,372,290,508,78,450,341,210,153,228,69,385,222,162,137,280,1925,0,1925
20223,A,골목상권,3110877,신림역 8번,3562,1881,1681,107,1367,945,377,288,478,60,660,543,220,169,229,47,707,402,157,119,249,2898,0,2898
20223,A,골목상권,3110878,미림여고,1788,931,857,218,234,239,267,296,534,116,140,137,140,137,261,102,94,102,127,159,273,790,0,790
20223,A,골목상권,3110879,신림현대아파트,1624,860,764,86,258,227,235,276,542,40,138,142,149,144,247,46,120,85,86,132,295,1092,0,1092
20223,A,골목상권,3110880,신림역 1번,1373,662,711,61,540,257,138,148,229,35,241,150,74,63,99,26,299,107,64,85,130,959,0,959
20223,A,골목상권,3110881,구립대학경로당(관악산샘말공원),10081,6426,3655,510,3011,2264,1553,1244,1499,272,1825,1577,1154,857,741,238,1186,687,399,387,758,7777,0,7777
20223,A,골목상권,3110882,신성초등학교,5190,3006,2184,375,1446,1101,725,637,906,188,799,718,486,379,436,187,647,383,239,258,470,3577,0,3577
20223,A,골목상권,3110883,은천초등학교(은천교앞),4677,2331,2346,410,1008,836,606,595,1222,213,475,480,335,292,536,197,533,356,271,303,686,2668,0,2668
20223,A,골목상권,3110884,봉천역 4번(봉천110안전센터),1287,648,639,93,389,221,151,157,276,51,183,117,90,79,128,42,206,104,61,78,148,827,0,827
20223,A,골목상권,3110885,영락고등학교,7472,3898,3574,647,1691,1430,1046,1016,1642,329,877,839,582,517,754,318,814,591,464,499,888,4361,0,4361
20223,A,골목상권,3110886,관악해태어린이공원,3465,2216,1249,156,1264,885,471,301,388,82,779,617,349,193,196,74,485,268,122,108,192,2813,0,2813
20223,A,골목상권,3110887,서울산업정보학교(서울삼성초등학교),1891,1198,693,125,691,390,247,160,278,59,472,287,161,97,122,66,219,103,86,63,156,1392,0,1392
20223,A,골목상권,3110888,청룡동주민센터,1490,742,748,88,337,230,196,212,427,56,157,119,103,118,189,32,180,111,93,94,238,1027,0,1027
20223,A,골목상권,3110889,봉천역 6번,2307,1143,1164,210,610,444,301,236,506,124,261,245,162,115,236,86,349,199,139,121,270,1347,0,1347
20223,A,골목상권,3110890,봉천역 1번(관악초등학교),3213,1514,1699,167,1225,697,308,312,504,83,513,379,152,153,234,84,712,318,156,159,270,2373,0,2373
20223,A,골목상권,3110891,구암초등학교,733,351,382,106,91,94,113,107,222,49,38,53,58,55,98,57,53,41,55,52,124,336,0,336
20223,A,골목상권,3110892,관악구 중앙길,11824,5740,6084,838,3138,2210,1383,1509,2746,430,1349,1228,760,747,1226,408,1789,982,623,762,1520,7180,0,7180
20223,A,골목상권,3110893,관악소방서(문영여고),268,134,134,27,87,41,32,36,45,12,45,21,14,17,25,15,42,20,18,19,20,164,0,164
20223,A,골목상권,3110894,관악동부센트레빌아파트(은천로35라길),1733,826,907,224,306,289,280,228,406,114,131,162,144,108,167,110,175,127,136,120,239,820,0,820
20223,A,골목상권,3110895,샤로수길,8549,4308,4241,730,2762,1672,1004,843,1538,378,1327,959,523,433,688,352,1435,713,481,410,850,5577,0,5577
20223,A,골목상권,3110896,관악우성아파트,270,138,132,27,46,34,34,44,85,16,28,19,21,17,37,11,18,15,13,27,48,152,0,152
20223,A,골목상권,3110897,서울대입구역 8번,5412,2682,2730,338,1514,1060,604,624,1272,170,710,571,329,327,575,168,804,489,275,297,697,3553,0,3553
20223,A,골목상권,3110898,청림동주민센터(상도중학교),2329,1168,1161,335,309,300,329,410,646,160,180,168,164,200,296,175,129,132,165,210,350,992,0,992
20223,A,골목상권,3110899,낙성대역 5번(관악중학교),3090,1481,1609,152,1047,810,338,259,484,80,453,447,171,119,211,72,594,363,167,140,273,2234,0,2234
20223,A,골목상권,3110900,낙성대역 1번(관악구민 종합체육센터),6186,3134,3052,486,1842,1363,783,640,1072,249,913,733,433,326,480,237,929,630,350,314,592,3992,0,3992
20223,A,골목상권,3110901,인헌고등학교(인헌중학교),4807,2265,2542,471,999,858,648,687,1144,232,445,437,321,327,503,239,554,421,327,360,641,2485,0,2485
20223,A,골목상권,3110902,사당역 4번,9756,4618,5138,766,2281,2056,1122,1322,2209,374,999,1074,589,595,987,392,1282,982,533,727,1222,5442,0,5442
20223,A,골목상권,3110903,방배아이파크아파트,4114,1903,2211,726,611,501,728,717,831,351,279,242,317,349,365,375,332,259,411,368,466,1661,0,1661
20223,A,골목상권,3110904,이수역 5번,1017,456,561,126,161,190,168,150,222,59,69,87,74,67,100,67,92,103,94,83,122,486,0,486
20223,A,골목상권,3110905,방배노인종합복지관(이수중학교),3801,1752,2049,560,561,609,579,590,902,282,273,295,249,271,382,278,288,314,330,319,520,1635,0,1635
20223,A,골목상권,3110906,서문여고,1203,516,687,215,166,165,231,190,236,80,76,68,105,90,97,135,90,97,126,100,139,501,0,501
20223,A,골목상권,3110907,방배초등학교,3518,1614,1904,699,482,482,693,489,673,311,207,238,304,245,309,388,275,244,389,244,364,1441,0,1441
20223,A,골목상권,3110908,구반포역,216,107,109,36,32,14,45,43,46,21,15,6,16,23,26,15,17,8,29,20,20,81,0,81
20223,A,골목상권,3110909,남태령역(서울전자고등학교),778,382,396,88,99,99,110,135,247,48,59,50,57,63,105,40,40,49,53,72,142,362,0,362
20223,A,골목상권,3110910,내방역 5번,2365,1058,1307,383,346,519,430,270,417,193,144,246,184,120,171,190,202,273,246,150,246,1168,0,1168
20223,A,골목상권,3110911,방배배수지체육공원,126,69,57,16,4,16,15,17,58,9,2,9,12,8,29,7,2,7,3,9,29,72,0,72
20223,A,골목상권,3110912,방배동사이길,317,145,172,51,44,49,49,48,76,24,22,22,25,24,28,27,22,27,24,24,48,146,0,146
20223,A,골목상권,3110913,방현초등학교(방배119안전센터),3887,1879,2008,503,569,578,590,636,1011,240,306,303,287,290,453,263,263,275,303,346,558,1749,0,1749
20223,A,골목상권,3110914,내방역 6번,359,170,189,57,42,71,54,42,93,26,21,32,30,18,43,31,21,39,24,24,50,150,0,150
20223,A,골목상권,3110915,서래초등학교,1499,705,794,335,189,162,269,242,302,172,93,70,121,112,137,163,96,92,148,130,165,542,0,542
20223,A,골목상권,3110916,내방역 4번,3971,1824,2147,542,630,770,660,534,835,283,290,344,308,236,363,259,340,426,352,298,472,1829,0,1829
20223,A,골목상권,3110917,서초소방서,930,430,500,168,121,148,170,137,186,85,60,60,76,69,80,83,61,88,94,68,106,370,0,370
20223,A,골목상권,3110918,방배역 3번,3012,1396,1616,431,472,559,491,427,632,225,220,264,222,186,279,206,252,295,269,241,353,1298,0,1298
20223,A,골목상권,3110919,내방역 8번,3127,1475,1652,537,469,442,544,523,612,292,227,180,232,256,288,245,242,262,312,267,324,1195,0,1195
20223,A,골목상권,3110920,방배역 2번(백석예술대학교),130,67,63,23,24,22,17,26,18,14,12,11,9,12,9,9,12,11,8,14,9,53,0,53
20223,A,골목상권,3110921,서울프랑스학교,1150,526,624,226,135,145,223,173,248,112,67,61,96,76,114,114,68,84,127,97,134,443,0,443
20223,A,골목상권,3110922,내방역 1번,2738,1257,1481,421,417,548,441,340,571,225,193,242,199,148,250,196,224,306,242,192,321,1261,0,1261
20223,A,골목상권,3110923,방배역 1번,463,205,258,57,69,71,75,60,131,29,29,31,35,28,53,28,40,40,40,32,78,189,0,189
20223,A,골목상권,3110924,반포4동주민센터(몽마르뜨공원),2470,1144,1326,427,320,363,465,332,563,227,149,157,218,148,245,200,171,206,247,184,318,1118,0,1118
20223,A,골목상권,3110925,서초중학교,3056,1502,1554,469,511,447,527,475,627,275,275,208,247,221,276,194,236,239,280,254,351,1263,0,1263
20223,A,골목상권,3110926,신중초등학교,3766,1799,1967,646,608,588,627,563,734,354,272,279,295,275,324,292,336,309,332,288,410,1596,0,1596
20223,A,골목상권,3110927,잠원역,273,126,147,29,20,44,40,48,92,16,8,22,19,21,40,13,12,22,21,27,52,152,0,152
20223,A,골목상권,3110928,서초우방유쉘아파트,435,220,215,57,85,93,61,42,97,29,43,46,37,22,43,28,42,47,24,20,54,234,0,234
20223,A,골목상권,3110929,남부터미널역 1번,4258,2079,2179,761,539,675,789,586,908,398,265,331,385,277,423,363,274,344,404,309,485,1776,0,1776
20223,A,골목상권,3110930,서초동성당,1972,950,1022,361,265,327,356,298,365,180,139,136,174,150,171,181,126,191,182,148,194,825,0,825
20223,A,골목상권,3110931,삼성전자서울R&D(서울우면초등학교),160,79,81,29,16,17,30,22,46,17,4,10,16,9,23,12,12,7,14,13,23,66,0,66
20223,A,골목상권,3110932,서울시인재개발원,652,301,351,136,95,104,138,95,84,63,44,45,68,49,32,73,51,59,70,46,52,281,0,281
20223,A,골목상권,3110933,한국상담대학원대학교,450,234,216,101,46,76,76,71,80,60,25,30,41,36,42,41,21,46,35,35,38,163,0,163
20223,A,골목상권,3110934,우면주공아파트,2801,1402,1399,358,376,469,429,385,784,214,202,248,237,178,323,144,174,221,192,207,461,1300,0,1300
20223,A,골목상권,3110935,한전아트센터,1076,532,544,161,165,169,183,178,220,91,90,78,87,84,102,70,75,91,96,94,118,461,0,461
20223,A,골목상권,3110936,더케이호텔(양재리본타워2단지아파트),885,431,454,99,143,167,125,148,203,55,71,84,56,70,95,44,72,83,69,78,108,425,0,425
20223,A,골목상권,3110937,방아다리근린공원(횃불트리니티신학대학원대학교),482,234,248,60,59,81,55,58,169,28,29,43,21,28,85,32,30,38,34,30,84,191,0,191
20223,A,골목상권,3110938,바우뫼공원,754,360,394,91,117,165,115,112,154,45,57,82,51,51,74,46,60,83,64,61,80,385,0,385
20223,A,골목상권,3110939,양재역 8번(양재동우체국),6198,2936,3262,652,996,1343,900,882,1425,338,460,691,423,403,621,314,536,652,477,479,804,3102,0,3102
20223,A,골목상권,3110940,양재근린공원(양재2동주민센터),1099,533,566,148,168,251,166,150,216,66,84,138,75,78,92,82,84,113,91,72,124,531,0,531
20223,A,골목상권,3110941,언남고등학교,854,439,415,98,134,180,131,135,176,52,61,100,67,72,87,46,73,80,64,63,89,425,0,425
20223,A,골목상권,3110942,염곡동 구룡사(포이동성당),8496,4226,4270,1148,1322,1749,1412,1266,1599,588,701,901,730,594,712,560,621,848,682,672,887,3987,0,3987
20223,A,골목상권,3110943,법제교육센터(버들어린이공원),1580,778,802,226,237,296,287,240,294,114,113,158,144,116,133,112,124,138,143,124,161,756,0,756
20223,A,골목상권,3110944,서울나래학교(염곡어린이공원),633,317,316,69,62,74,89,114,225,34,30,44,45,49,115,35,32,30,44,65,110,318,0,318
20223,A,골목상권,3110945,본마을노인복지센터(서초구립내곡도서관),297,153,144,26,30,38,44,43,116,13,12,22,23,21,62,13,18,16,21,22,54,146,0,146
20223,A,골목상권,3110946,청계산원터골,100,51,49,6,6,13,15,14,46,5,3,5,9,6,23,1,3,8,6,8,23,44,0,44
20223,A,골목상권,3110947,청계산입구역 2번(내곡동주민센터),357,182,175,30,33,55,46,47,146,21,18,27,25,18,73,9,15,28,21,29,73,181,0,181
20223,A,골목상권,3110948,헌인가구단지,154,112,42,32,31,10,7,23,51,30,29,7,4,15,27,2,2,3,3,8,24,54,0,54
20223,A,골목상권,3110949,한남IC,564,275,289,72,98,124,101,74,95,40,40,58,51,37,49,32,58,66,50,37,46,281,0,281
20223,A,골목상권,3110950,논현역 7번,839,382,457,104,109,121,156,126,223,47,52,52,63,58,110,57,57,69,93,68,113,338,0,338
20223,A,골목상권,3110951,신사은행나무공원,929,419,510,100,185,213,146,95,190,56,86,90,61,40,86,44,99,123,85,55,104,557,0,557
20223,A,골목상권,3110952,논현목련공원,868,389,479,57,211,243,125,78,154,33,88,115,56,31,66,24,123,128,69,47,88,571,0,571
20223,A,골목상권,3110953,학동근린공원,907,399,508,105,131,201,123,136,211,41,63,81,60,60,94,64,68,120,63,76,117,442,0,442
20223,A,골목상권,3110954,국기원,448,232,216,35,115,146,63,34,55,19,59,82,28,15,29,16,56,64,35,19,26,303,0,303
20223,A,골목상권,3110955,논현초등학교,7026,3311,3715,449,1586,1921,1170,750,1150,210,704,928,582,361,526,239,882,993,588,389,624,4495,0,4495
20223,A,골목상권,3110956,언주역 8번,588,290,298,44,132,164,80,56,112,15,61,93,43,29,49,29,71,71,37,27,63,384,0,384
20223,A,골목상권,3110957,언북중학교,1761,797,964,137,300,454,311,214,345,77,127,195,167,98,133,60,173,259,144,116,212,1088,0,1088
20223,A,골목상권,3110958,역삼역 4번,821,434,387,54,152,248,121,111,135,32,82,130,63,64,63,22,70,118,58,47,72,512,0,512
20223,A,골목상권,3110959,신구중학교,361,168,193,54,55,51,81,44,76,30,24,22,41,22,29,24,31,29,40,22,47,170,0,170
20223,A,골목상권,3110960,은광여고,807,400,407,79,187,225,99,92,125,40,84,117,51,48,60,39,103,108,48,44,65,476,0,476
20223,A,골목상권,3110961,언주역 3번,2120,980,1140,176,422,563,364,255,340,78,180,263,182,124,153,98,242,300,182,131,187,1314,0,1314
20223,A,골목상권,3110962,도산공원북측,30,13,17,2,5,11,4,2,6,2,2,5,2,0,2,0,3,6,2,2,4,16,0,16
20223,A,골목상권,3110963,역삼월드메르디앙아파트,1722,801,921,221,291,374,308,221,307,113,130,176,146,97,139,108,161,198,162,124,168,873,0,873
20223,A,골목상권,3110964,싸리고개근린공원,866,401,465,136,96,116,141,128,249,56,49,53,66,63,114,80,47,63,75,65,135,370,0,370
20223,A,골목상권,3110965,언주역 6번,2245,1052,1193,160,455,691,392,234,313,76,196,330,184,136,130,84,259,361,208,98,183,1500,0,1500
20223,A,골목상권,3110966,논현2동주민센터,2811,1217,1594,293,532,612,495,360,519,149,208,266,223,163,208,144,324,346,272,197,311,1558,0,1558
20223,A,골목상권,3110967,역삼역 8번,1279,615,664,99,234,354,249,158,185,48,108,169,119,86,85,51,126,185,130,72,100,864,0,864
20223,A,골목상권,3110968,강남구청역 2번,549,253,296,50,99,136,99,64,101,29,48,63,40,29,44,21,51,73,59,35,57,314,0,314
20223,A,골목상권,3110969,베르사이유1아파트,1202,609,593,99,227,329,215,161,171,44,108,166,118,94,79,55,119,163,97,67,92,754,0,754
20223,A,골목상권,3110970,학동초등학교,1015,469,546,113,175,279,149,139,160,60,83,120,69,67,70,53,92,159,80,72,90,540,0,540
20223,A,골목상권,3110971,선정릉역 4번,3870,1781,2089,228,782,1162,697,451,550,109,307,536,353,239,237,119,475,626,344,212,313,2549,0,2549
20223,A,골목상권,3110972,강남세브란스병원미래의학연구센터,1921,869,1052,226,324,438,302,247,384,114,136,201,138,106,174,112,188,237,164,141,210,1003,0,1003
20223,A,골목상권,3110973,강남구청역 4번,2295,1070,1225,438,328,391,457,301,380,240,146,165,207,143,169,198,182,226,250,158,211,952,0,952
20223,A,골목상권,3110974,언주중학교,1463,654,809,224,266,309,282,189,193,124,110,119,131,91,79,100,156,190,151,98,114,765,0,765
20223,A,골목상권,3110975,매봉역 1번,890,417,473,121,142,116,109,159,243,58,76,52,44,70,117,63,66,64,65,89,126,353,0,353
20223,A,골목상권,3110976,언북초등학교,2022,876,1146,270,397,432,328,248,347,126,150,182,158,121,139,144,247,250,170,127,208,1080,0,1080
20223,A,골목상권,3110977,논현로18길,691,336,355,81,99,148,96,117,150,38,55,76,52,49,66,43,44,72,44,68,84,340,0,340
20223,A,골목상권,3110978,도곡2동주민센터(대치중학교),356,154,202,31,19,45,75,61,125,17,8,18,31,29,51,14,11,27,44,32,74,255,0,255
20223,A,골목상권,3110979,청담초등학교,1131,525,606,232,133,123,184,180,279,112,71,43,82,85,132,120,62,80,102,95,147,397,0,397
20223,A,골목상권,3110980,개포지구대옆,2629,1270,1359,393,371,387,445,447,586,209,177,201,202,217,264,184,194,186,243,230,322,1125,0,1125
20223,A,골목상권,3110981,국악고교사거리,2118,1057,1061,303,333,373,344,391,374,162,185,183,168,189,170,141,148,190,176,202,204,907,0,907
20223,A,골목상권,3110982,강남구보훈회관,827,387,440,135,131,161,156,93,151,71,62,74,62,51,67,64,69,87,94,42,84,406,0,406
20223,A,골목상권,3110983,국립국악고등학교,2703,1266,1437,409,408,315,518,496,557,194,194,146,234,251,247,215,214,169,284,245,310,1231,0,1231
20223,A,골목상권,3110984,포이초등학교(개포목련어린이공원),4267,2104,2163,618,656,716,703,725,849,313,346,379,328,366,372,305,310,337,375,359,477,1912,0,1912
20223,A,골목상권,3110985,청담근린공원,956,448,508,110,162,187,153,141,203,65,73,98,58,65,89,45,89,89,95,76,114,480,0,480
20223,A,골목상권,3110986,삼성중앙역 7번,724,321,403,92,119,168,144,85,116,47,47,70,70,38,49,45,72,98,74,47,67,396,0,396
20223,A,골목상권,3110987,영동대교남단,491,229,262,78,77,79,72,81,104,41,31,37,31,36,53,37,46,42,41,45,51,199,0,199
20223,A,골목상권,3110988,청담역 3번,1318,663,655,224,162,136,198,206,392,142,88,63,89,103,178,82,74,73,109,103,214,474,0,474
20223,A,골목상권,3110989,대치동아우편취급국,1588,750,838,205,269,360,344,211,199,95,137,166,156,107,89,110,132,194,188,104,110,904,0,904
20223,A,골목상권,3110990,청담역 12번,158,73,85,12,33,26,16,23,48,5,20,10,7,13,18,7,13,16,9,10,30,77,0,77
20223,A,골목상권,3110991,삼성중앙역 5번,330,154,176,41,35,54,50,52,98,20,20,19,21,27,47,21,15,35,29,25,51,154,0,154
20223,A,골목상권,3110992,도곡초등학교,7894,3676,4218,1431,1250,1132,1562,1292,1227,754,628,517,630,619,528,677,622,615,932,673,699,3681,0,3681
20223,A,골목상권,3110993,개포지하차도 북측,234,121,113,27,36,39,33,42,57,14,24,25,14,21,23,13,12,14,19,21,34,119,0,119
20223,A,골목상권,3110994,개포고등학교,1777,891,886,275,226,239,263,285,489,152,132,126,122,134,225,123,94,113,141,151,264,797,0,797
20223,A,골목상권,3110995,봉은사역 4번,2802,1348,1454,474,414,417,431,456,610,249,214,200,199,204,282,225,200,217,232,252,328,1097,0,1097
20223,A,골목상권,3110996,대치2동주민센터,1368,679,689,242,147,119,295,226,339,149,81,51,137,110,151,93,66,68,158,116,188,664,0,664
20223,A,골목상권,3110997,대청초등학교,7187,3566,3621,1042,1264,1174,1052,1114,1541,566,637,592,515,547,709,476,627,582,537,567,832,3441,0,3441
20223,A,골목상권,3110998,은곡마을(은곡마을공원),609,294,315,98,81,172,114,73,71,47,43,81,57,34,32,51,38,91,57,39,39,312,0,312
20223,A,골목상권,3110999,윗방죽마을공원,3223,1492,1731,168,715,1000,472,304,564,95,257,458,252,181,249,73,458,542,220,123,315,2418,0,2418
20223,A,골목상권,3111000,대왕초등학교(세곡동사거리서남측),435,209,226,58,37,69,54,59,158,26,22,31,31,26,73,32,15,38,23,33,85,196,0,196
20223,A,골목상권,3111001,아래방죽마을공원(율현초등학교),1639,807,832,292,220,402,281,190,254,154,101,194,151,94,113,138,119,208,130,96,141,777,0,777
20223,A,골목상권,3111003,삼전역 4번,10844,5106,5738,1380,1881,2343,1717,1544,1979,676,845,1162,819,715,889,704,1036,1181,898,829,1090,5373,0,5373
20223,A,골목상권,3111004,삼전역 1번,9985,4642,5343,977,1835,2173,1620,1450,1930,503,800,1025,756,682,876,474,1035,1148,864,768,1054,5691,0,5691
20223,A,골목상권,3111005,삼전역 3번,8660,4131,4529,1040,1475,1740,1393,1294,1718,536,686,857,693,594,765,504,789,883,700,700,953,4280,0,4280
20223,A,골목상권,3111006,석촌고분역 1번,8763,4032,4731,957,1561,1870,1467,1221,1687,480,670,917,677,555,733,477,891,953,790,666,954,4597,0,4597
20223,A,골목상권,3111007,석촌고분역 4번,8268,3903,4365,1118,1321,1801,1398,1094,1536,584,600,894,650,506,669,534,721,907,748,588,867,4119,0,4119
20223,A,골목상권,3111008,석촌고분역 3번,4837,2348,2489,583,782,981,765,670,1056,314,383,481,374,329,467,269,399,500,391,341,589,2338,0,2338
20223,A,골목상권,3111009,송파책박물관,1111,571,540,110,197,182,152,206,264,67,100,98,83,93,130,43,97,84,69,113,134,523,0,523
20223,A,골목상권,3111010,석촌역 7번,8953,4188,4765,894,1672,2230,1348,1164,1645,431,714,1091,670,543,739,463,958,1139,678,621,906,4884,0,4884
20223,A,골목상권,3111011,잠실나루역,301,150,151,68,32,40,71,32,58,39,16,18,35,15,27,29,16,22,36,17,31,102,0,102
20223,A,골목상권,3111012,석촌역 6번,6266,3006,3260,727,965,1218,991,938,1427,373,437,590,477,479,650,354,528,628,514,459,777,3287,0,3287
20223,A,골목상권,3111013,송파나루역 1번(송리단길),8690,4043,4647,840,1636,2026,1225,1201,1762,401,735,1010,558,531,808,439,901,1016,667,670,954,4484,0,4484
20223,A,골목상권,3111014,송파나루역 2번,3154,1520,1634,273,577,631,475,488,710,135,282,308,256,224,315,138,295,323,219,264,395,1683,0,1683
20223,A,골목상권,3111015,석촌역 3번,10401,4877,5524,1135,1972,2356,1506,1460,1972,575,863,1138,716,689,896,560,1109,1218,790,771,1076,5279,0,5279
20223,A,골목상권,3111016,송파역 2번,3349,1563,1786,469,547,472,480,536,845,240,252,224,225,258,364,229,295,248,255,278,481,1498,0,1498
20223,A,골목상권,3111017,송파나루역 3번,967,448,519,83,164,223,138,140,219,50,68,113,59,65,93,33,96,110,79,75,126,504,0,504
20223,A,골목상권,3111018,풍납초등학교(풍납백제문화공원),773,402,371,111,90,118,129,135,190,59,57,66,71,67,82,52,33,52,58,68,108,331,0,331
20223,A,골목상권,3111019,한성백제역 3번,8679,4205,4474,1122,1342,1604,1228,1369,2014,629,644,816,588,609,919,493,698,788,640,760,1095,3835,0,3835
20223,A,골목상권,3111020,방이동고분군(방산고등학교),685,337,348,116,120,103,122,109,115,65,55,49,56,56,56,51,65,54,66,53,59,276,0,276
20223,A,골목상권,3111021,방이역 4번,9969,4785,5184,1654,1564,1553,1720,1575,1903,822,804,746,817,734,862,832,760,807,903,841,1041,4179,0,4179
20223,A,골목상권,3111022,석촌중학교(방이육교),2794,1345,1449,379,467,505,402,441,600,182,236,250,189,201,287,197,231,255,213,240,313,1218,0,1218
20223,A,골목상권,3111023,문정역 1번,2005,997,1008,189,412,414,271,306,413,87,210,228,141,141,190,102,202,186,130,165,223,1026,0,1026
20223,A,골목상권,3111024,경찰병원역 4번(건너말공원),1531,784,747,189,277,269,242,238,316,108,136,151,126,119,144,81,141,118,116,119,172,738,0,738
20223,A,골목상권,3111025,경찰병원역 3번,3043,1505,1538,304,592,669,407,462,609,173,285,330,215,218,284,131,307,339,192,244,325,1468,0,1468
20223,A,골목상권,3111026,문정역 2번,4545,2275,2270,643,707,949,723,695,828,331,365,495,366,330,388,312,342,454,357,365,440,1963,0,1963
20223,A,골목상권,3111027,문정초등학교,5416,2676,2740,684,939,1121,773,871,1028,361,459,594,399,390,473,323,480,527,374,481,555,2489,0,2489
20223,A,골목상권,3111028,문현중학교(장지역 1번),1839,936,903,227,359,380,260,265,348,118,182,209,128,142,157,109,177,171,132,123,191,915,0,915
20223,A,골목상권,3111029,오금역 4번,1287,639,648,147,197,201,190,225,327,77,104,97,97,110,154,70,93,104,93,115,173,664,0,664
20223,A,골목상권,3111030,방이역 2번,1884,923,961,275,303,265,281,348,412,149,152,126,132,174,190,126,151,139,149,174,222,803,0,803
20223,A,골목상권,3111031,장지동주민센터(한림연예예술고교),3628,1765,1863,576,517,591,612,562,770,284,246,314,303,278,340,292,271,277,309,284,430,1605,0,1605
20223,A,골목상권,3111032,방이역 1번,1705,818,887,275,234,237,222,271,466,131,121,117,105,128,216,144,113,120,117,143,250,636,0,636
20223,A,골목상권,3111033,문정동성당,674,327,347,92,106,106,106,109,155,38,53,58,53,50,75,54,53,48,53,59,80,325,0,325
20223,A,골목상권,3111034,오동나무공원(송파레미니스1단지),5033,2437,2596,819,710,795,820,866,1023,434,363,408,394,384,454,385,347,387,426,482,569,2058,0,2058
20223,A,골목상권,3111035,오금공원(오주중학교),3928,1946,1982,520,619,569,612,747,861,267,336,295,293,367,388,253,283,274,319,380,473,1672,0,1672
20223,A,골목상권,3111036,투구봉어린이공원,1369,701,668,202,240,207,219,247,254,100,128,118,113,127,115,102,112,89,106,120,139,570,0,570
20223,A,골목상권,3111037,Sh수협은행 오금동금융센터(아랫말어린이공원),537,282,255,57,88,77,73,114,128,28,52,38,42,56,66,29,36,39,31,58,62,245,0,245
20223,A,골목상권,3111038,보인중학교,2407,1201,1206,336,351,309,378,444,589,183,182,165,190,213,268,153,169,144,188,231,321,1006,0,1006
20223,A,골목상권,3111039,벌말어린이공원,2044,1026,1018,255,280,315,367,342,485,130,146,171,199,164,216,125,134,144,168,178,269,960,0,960
20223,A,골목상권,3111040,거여초등학교,2343,1123,1220,282,372,303,323,452,611,153,207,154,145,192,272,129,165,149,178,260,339,961,0,961
20223,A,골목상권,3111041,거여역 8번,1757,892,865,232,256,198,227,353,491,146,121,106,103,171,245,86,135,92,124,182,246,666,0,666
20223,A,골목상권,3111042,거여역 1번(거여공원),5657,2877,2780,686,778,821,855,1011,1506,361,407,438,446,527,698,325,371,383,409,484,808,2667,0,2667
20223,A,골목상권,3111043,마천공원,3084,1589,1495,363,407,370,432,624,888,209,219,207,218,302,434,154,188,163,214,322,454,1302,0,1302
20223,A,골목상권,3111044,남천초등학교,5036,2514,2522,607,600,590,754,942,1543,280,336,332,393,480,693,327,264,258,361,462,850,2445,0,2445
20223,A,골목상권,3111045,개미어린이공원,2117,1093,1024,247,290,260,285,412,623,132,166,150,143,221,281,115,124,110,142,191,342,1020,0,1020
20223,A,골목상권,3111046,마천역(마천초등학교),8877,4550,4327,1003,1011,1098,1298,1557,2910,505,538,621,684,848,1354,498,473,477,614,709,1556,4437,0,4437
20223,A,골목상권,3111047,마천1치안센터,2487,1328,1159,207,319,299,321,492,849,115,168,179,172,285,409,92,151,120,149,207,440,1315,0,1315
20223,A,골목상권,3111048,천호역 1번(천호문구완구거리),2340,1182,1158,164,332,384,290,430,740,79,176,212,156,219,340,85,156,172,134,211,400,1328,0,1328
20223,A,골목상권,3111049,천호지구대(천호동자전거거리),4059,2023,2036,389,599,930,570,642,929,197,254,497,331,298,446,192,345,433,239,344,483,2053,0,2053
20223,A,골목상권,3111050,강동구청(강동구청역 2번),1004,473,531,169,144,177,142,153,219,76,72,89,69,71,96,93,72,88,73,82,123,412,0,412
20223,A,골목상권,3111051,천호역 6번,6783,3247,3536,541,1208,1188,919,1064,1863,278,501,628,468,522,850,263,707,560,451,542,1013,3895,0,3895
20223,A,골목상권,3111052,암사역 3번(천호동자전거거리),6010,2944,3066,965,791,1212,927,882,1233,472,372,611,503,417,569,493,419,601,424,465,664,2679,0,2679
20223,A,골목상권,3111053,성내천어린이공원(하니사랑길),4507,2189,2318,766,598,680,770,689,1004,409,320,323,366,323,448,357,278,357,404,366,556,1768,0,1768
20223,A,골목상권,3111054,암사역 4번(삼성광나루아파트),441,216,225,50,81,67,70,53,120,25,48,33,34,23,53,25,33,34,36,30,67,234,0,234
20223,A,골목상권,3111055,선사초등학교,105,54,51,14,11,32,17,12,19,10,7,17,7,6,7,4,4,15,10,6,12,60,0,60
20223,A,골목상권,3111056,천호태영아파트,802,306,496,19,330,233,105,60,55,7,85,106,51,27,30,12,245,127,54,33,25,681,0,681
20223,A,골목상권,3111057,천호공원(해공체육문화센터),4221,2130,2091,467,532,639,565,725,1293,243,284,348,292,367,596,224,248,291,273,358,697,2178,0,2178
20223,A,골목상권,3111058,성내중학교,1575,787,788,201,257,266,238,269,344,107,123,138,125,132,162,94,134,128,113,137,182,702,0,702
20223,A,골목상권,3111059,강동역 4번(강풀만화거리),11270,5620,5650,1123,1864,1890,1629,1818,2946,584,888,1015,841,901,1391,539,976,875,788,917,1555,5801,0,5801
20223,A,골목상권,3111060,암사역 2번(서울강동초등학교),9867,4868,4999,1148,1442,1639,1525,1611,2502,591,734,860,766,787,1130,557,708,779,759,824,1372,4684,0,4684
20223,A,골목상권,3111061,암사역 1번,9641,4730,4911,1102,1334,1495,1497,1639,2574,550,677,781,791,793,1138,552,657,714,706,846,1436,4713,0,4713
20223,A,골목상권,3111062,둔촌동역 3번(성내3동주민센터),3532,1774,1758,589,502,430,599,599,813,346,293,214,265,297,359,243,209,216,334,302,454,1406,0,1406
20223,A,골목상권,3111063,강동구립 천호도서관,6177,3062,3115,460,1076,1230,765,913,1733,248,460,652,418,501,783,212,616,578,347,412,950,3706,0,3706
20223,A,골목상권,3111064,둔촌동역 4번,2762,1357,1405,363,460,376,415,498,650,197,249,203,201,231,276,166,211,173,214,267,374,1196,0,1196
20223,A,골목상권,3111065,천일초등학교,2837,1466,1371,292,413,353,394,564,821,151,206,201,224,311,373,141,207,152,170,253,448,1431,0,1431
20223,A,골목상권,3111066,암사동성당(효정하나플러스아파트),5430,2691,2739,577,767,806,808,1016,1456,277,418,414,418,491,673,300,349,392,390,525,783,2600,0,2600
20223,A,골목상권,3111067,강동구립성내도서관,9441,4559,4882,1099,1526,1648,1404,1527,2237,583,763,817,711,697,988,516,763,831,693,830,1249,4459,0,4459
20223,A,골목상권,3111068,강동성심병원,351,165,186,38,58,89,59,48,59,20,25,39,30,22,29,18,33,50,29,26,30,171,0,171
20223,A,골목상권,3111069,천호1동주민센터,5329,2685,2644,552,743,815,820,931,1468,286,384,444,444,454,673,266,359,371,376,477,795,2810,0,2810
20223,A,골목상권,3111070,천호초등학교,2665,1291,1374,363,363,440,430,421,648,172,176,212,236,222,273,191,187,228,194,199,375,1283,0,1283
20223,A,골목상권,3111071,천동초등학교,1313,666,647,177,161,218,193,199,365,91,83,130,102,91,169,86,78,88,91,108,196,531,0,531
20223,A,골목상권,3111072,굽은다리역 1번(십자성마을),7359,3629,3730,932,1030,1148,1132,1177,1940,479,516,620,596,521,897,453,514,528,536,656,1043,3168,0,3168
20223,A,골목상권,3111073,둔촌동역 1번(한산중학교),7108,3505,3603,932,1051,1036,1052,1247,1790,484,504,563,508,627,819,448,547,473,544,620,971,3295,0,3295
20223,A,골목상권,3111074,명일역 1번,2331,1133,1198,364,294,317,437,373,546,190,152,168,213,180,230,174,142,149,224,193,316,964,0,964
20223,A,골목상권,3111075,굽은다리역 2번,4283,2146,2137,472,624,571,569,746,1301,235,322,310,316,367,596,237,302,261,253,379,705,2011,0,2011
20223,A,골목상권,3111076,둔촌2동주민센터,2077,1038,1039,277,315,303,287,369,526,153,158,156,145,183,243,124,157,147,142,186,283,1011,0,1011
20223,A,골목상권,3111077,길동주민센터(강동도서관),11736,5803,5933,1469,1555,1691,1812,2019,3190,784,780,890,934,958,1457,685,775,801,878,1061,1733,5387,0,5387
20223,A,골목상권,3111078,굽은다리역 4번,9399,4627,4772,1035,1454,1414,1392,1591,2513,548,715,728,725,753,1158,487,739,686,667,838,1355,4316,0,4316
20223,A,골목상권,3111079,둔촌고등학교(둔촌중학교),1950,965,985,242,322,252,264,371,499,124,159,139,134,179,230,118,163,113,130,192,269,910,0,910
20223,A,골목상권,3111080,굽은다리역 3번,2995,1448,1547,460,395,414,431,495,800,236,198,228,210,221,355,224,197,186,221,274,445,1228,0,1228
20223,A,골목상권,3111081,둔촌푸르지오아파트,259,113,146,26,50,31,32,50,70,10,25,18,13,19,28,16,25,13,19,31,42,114,0,114
20223,A,골목상권,3111082,중앙보훈병원,1122,539,583,136,186,151,143,204,302,73,90,82,75,82,137,63,96,69,68,122,165,480,0,480
20223,A,골목상권,3111083,GS강동자이아파트,3217,1578,1639,463,469,443,479,581,782,254,241,224,234,280,345,209,228,219,245,301,437,1379,0,1379
20223,A,골목상권,3111084,길동신동아아파트,1001,483,518,163,151,149,150,169,219,93,78,69,68,76,99,70,73,80,82,93,120,354,0,354
20223,A,골목상권,3111085,묘곡초등학교(고덕아이파크아파트),4222,2214,2008,519,593,476,585,813,1236,277,326,286,305,420,600,242,267,190,280,393,636,1980,0,1980
20223,A,골목상권,3111086,한영중고,2403,1173,1230,452,314,279,407,393,558,228,165,150,198,198,234,224,149,129,209,195,324,1056,0,1056
20223,A,골목상권,3111087,고덕중학교(고덕2동주민센터),2415,1285,1130,302,308,290,337,454,724,169,170,171,182,231,362,133,138,119,155,223,362,1224,0,1224
20223,A,골목상권,3111088,고덕동성당,1940,1001,939,202,254,198,245,400,641,104,146,107,135,217,292,98,108,91,110,183,349,967,0,967
20223,A,골목상권,3111089,상일여고(상일초등학교),3621,1856,1765,415,548,429,463,753,1013,209,302,241,251,371,482,206,246,188,212,382,531,1702,0,1702
20223,A,골목상권,3111090,강일동주민센터,1002,537,465,45,271,232,169,134,151,23,122,132,101,78,81,22,149,100,68,56,70,826,0,826
20223,D,발달상권,3120001,서대문역,708,441,267,49,98,92,80,157,232,26,48,54,53,113,147,23,50,38,27,44,85,513,0,513
20223,D,발달상권,3120002,서촌(경복궁역),1589,739,850,192,208,231,235,238,485,104,106,107,113,104,205,88,102,124,122,134,280,798,0,798
20223,D,발달상권,3120003,광화문역,3003,1304,1699,391,388,570,478,433,743,189,153,229,194,196,343,202,235,341,284,237,400,1571,0,1571
20223,D,발달상권,3120004,종로구청,456,231,225,49,45,76,75,80,131,29,18,36,32,47,69,20,27,40,43,33,62,276,0,276
20223,D,발달상권,3120005,삼청동,1166,561,605,123,128,185,171,175,384,66,65,86,86,88,170,57,63,99,85,87,214,582,0,582
20223,D,발달상권,3120006,종각역,431,279,152,11,71,88,67,70,124,6,43,57,42,47,84,5,28,31,25,23,40,356,0,356
20223,D,발달상권,3120007,북촌(안국역),1599,713,886,178,171,174,255,267,554,91,78,79,123,111,231,87,93,95,132,156,323,817,0,817
20223,D,발달상권,3120008,인사동,397,219,178,17,28,75,55,67,155,12,14,36,24,43,90,5,14,39,31,24,65,308,0,308
20223,D,발달상권,3120009,종로3가역,3706,2479,1227,96,369,340,463,780,1658,52,216,223,323,609,1056,44,153,117,140,171,602,3116,0,3116
20223,D,발달상권,3120010,원남동사거리,810,414,396,45,243,128,80,106,208,21,92,70,50,75,106,24,151,58,30,31,102,589,0,589
20223,D,발달상권,3120011,종로4가,937,464,473,137,120,187,130,158,205,65,62,86,69,81,101,72,58,101,61,77,104,368,0,368
20223,D,발달상권,3120012,대학로(혜화역),2009,943,1066,117,671,321,230,275,395,51,274,166,120,148,184,66,397,155,110,127,211,1346,0,1346
20223,D,발달상권,3120013,이화사거리,823,411,412,49,300,169,83,73,149,22,136,84,47,44,78,27,164,85,36,29,71,631,0,631
20223,D,발달상권,3120014,종로5가역,1017,558,459,25,291,171,87,155,288,11,136,104,58,92,157,14,155,67,29,63,131,847,0,847
20223,D,발달상권,3120015,종로6가,145,84,61,9,13,14,13,34,62,3,7,9,7,23,35,6,6,5,6,11,27,101,0,101
20223,D,발달상권,3120016,동대문역,602,418,184,19,42,47,57,134,303,9,27,32,39,102,209,10,15,15,18,32,94,466,0,466
20223,D,발달상권,3120017,동묘앞역(동묘),1020,521,499,67,173,150,146,188,296,30,83,89,72,96,151,37,90,61,74,92,145,703,0,703
20223,D,발달상권,3120018,중림동,1800,1005,795,129,231,370,338,278,454,60,98,180,203,195,269,69,133,190,135,83,185,1266,0,1266
20223,D,발달상권,3120019,경찰청앞교차로,324,143,181,38,40,78,80,41,47,16,11,39,41,15,21,22,29,39,39,26,26,194,0,194
20223,D,발달상권,3120020,시청역_1번,10,5,5,1,2,0,1,5,1,0,2,0,0,2,1,1,0,0,1,3,0,7,0,7
20223,D,발달상권,3120021,시청역_8번,25,16,9,0,2,2,2,4,15,0,2,1,1,2,10,0,0,1,1,2,5,14,0,14
20223,D,발달상권,3120022,북창동(시청역_6번),258,171,87,2,20,39,40,43,114,1,8,30,33,28,71,1,12,9,7,15,43,234,0,234
20223,D,발달상권,3120023,서울시청,19,10,9,1,1,0,4,4,9,0,0,0,3,1,6,1,1,0,1,3,3,14,0,14
20223,D,발달상권,3120024,회현역,1625,814,811,83,119,153,196,230,844,34,45,81,111,119,424,49,74,72,85,111,420,1109,0,1109
20223,D,발달상권,3120026,을지로입구역,66,38,28,4,5,5,6,16,30,2,3,3,2,11,17,2,2,2,4,5,13,48,0,48
20223,D,발달상권,3120027,명동역(명동재미로),1216,577,639,111,130,152,174,204,445,60,51,73,86,97,210,51,79,79,88,107,235,695,0,695
20223,D,발달상권,3120028,명동(명동거리),117,75,42,8,10,14,13,30,42,3,5,10,9,21,27,5,5,4,4,9,15,85,0,85
20223,D,발달상권,3120029,을지로2가,14,9,5,1,1,2,1,3,6,1,1,1,1,2,3,0,0,1,0,1,3,10,0,10
20223,D,발달상권,3120030,중부경찰서(영화인의거리),427,239,188,38,113,96,46,51,83,17,46,62,32,34,48,21,67,34,14,17,35,316,0,316
20223,D,발달상권,3120031,을지로3가역,670,395,275,7,83,114,89,103,274,4,35,62,57,73,164,3,48,52,32,30,110,588,0,588
20223,D,발달상권,3120032,충무로역,2406,1270,1136,144,385,303,297,400,877,78,202,177,174,224,415,66,183,126,123,176,462,1495,0,1495
20223,D,발달상권,3120033,을지로4가역,80,48,32,1,2,12,4,11,50,0,1,9,3,5,30,1,1,3,1,6,20,57,0,57
20223,D,발달상권,3120034,중구청(퇴계로4가),1256,637,619,118,285,292,165,200,196,62,113,168,79,107,108,56,172,124,86,93,88,739,0,739
20223,D,발달상권,3120035,퇴계로5가,389,215,174,11,113,70,43,57,95,6,50,41,28,35,55,5,63,29,15,22,40,288,0,288
20223,D,발달상권,3120036,장충동족발거리(남소영길),310,158,152,34,85,39,38,34,80,19,45,13,23,18,40,15,40,26,15,16,40,208,0,208
20223,D,발달상권,3120037,동대문역사문화공원역,2054,1067,987,106,280,301,238,358,771,52,132,161,127,206,389,54,148,140,111,152,382,1352,0,1352
20223,D,발달상권,3120038,약수역,2176,1022,1154,170,384,277,303,330,712,90,180,129,155,154,314,80,204,148,148,176,398,1252,0,1252
20223,D,발달상권,3120039,신당역,3369,1652,1717,261,748,693,443,553,671,120,328,336,230,291,347,141,420,357,213,262,324,2095,0,2095
20223,D,발달상권,3120040,용산전자상가(용산역),1415,800,615,104,191,347,254,198,321,55,102,193,167,124,159,49,89,154,87,74,162,843,0,843
20223,D,발달상권,3120041,신용산역(용산역),7176,3373,3803,667,1287,1849,993,1170,1210,344,524,865,477,558,605,323,763,984,516,612,605,4109,0,4109
20223,D,발달상권,3120042,"숙대입구역(남영역, 남영동)",316,158,158,9,89,82,49,43,44,5,37,37,28,27,24,4,52,45,21,16,20,261,0,261
20223,D,발달상권,3120043,서울역,878,774,104,6,11,34,100,279,448,2,6,32,86,265,383,4,5,2,14,14,65,836,0,836
20223,D,발달상권,3120044,삼각지역,1708,894,814,141,284,357,207,266,453,74,160,198,113,134,215,67,124,159,94,132,238,1029,0,1029
20223,D,발달상권,3120045,남영동 먹자골목,634,408,226,22,69,89,108,141,205,11,39,53,84,102,119,11,30,36,24,39,86,487,0,487
20223,D,발달상권,3120046,이태원(이태원역),2689,1360,1329,190,475,595,399,385,645,100,235,340,205,191,289,90,240,255,194,194,356,1705,0,1705
20223,D,발달상권,3120047,한남오거리,1746,794,952,142,229,405,334,234,402,64,113,178,152,110,177,78,116,227,182,124,225,1075,0,1075
20223,D,발달상권,3120048,금호역,1469,733,736,113,224,187,213,259,473,64,125,98,107,132,207,49,99,89,106,127,266,787,0,787
20223,D,발달상권,3120049,왕십리역(왕십리),2400,1136,1264,151,1070,392,196,218,373,73,465,215,95,104,184,78,605,177,101,114,189,1765,0,1765
20223,D,발달상권,3120050,서울숲역,884,435,449,88,188,194,116,136,162,44,90,103,55,70,73,44,98,91,61,66,89,491,0,491
20223,D,발달상권,3120051,뚝섬역,2209,1100,1109,231,362,394,341,361,520,116,159,194,174,208,249,115,203,200,167,153,271,1248,0,1248
20223,D,발달상권,3120052,성수역,1062,596,466,70,216,201,151,191,233,38,94,117,89,127,131,32,122,84,62,64,102,722,0,722
20223,D,발달상권,3120053,건대입구역(건대),4276,1997,2279,191,1304,696,442,444,1199,91,566,366,223,229,522,100,738,330,219,215,677,2966,0,2966
20223,D,발달상권,3120054,어린이대공원역,4222,1933,2289,344,1424,876,484,462,632,166,533,437,250,248,299,178,891,439,234,214,333,2832,0,2832
20223,D,발달상권,3120055,군자역,6446,2864,3582,429,1755,1456,744,836,1226,215,608,632,382,426,601,214,1147,824,362,410,625,4160,0,4160
20223,D,발달상권,3120056,구의역,4390,1983,2407,252,1399,1089,565,459,626,137,523,505,291,234,293,115,876,584,274,225,333,3114,0,3114
20223,D,발달상권,3120057,아차산역,3492,1639,1853,390,574,641,471,592,824,211,235,305,243,273,372,179,339,336,228,319,452,1831,0,1831
20223,D,발달상권,3120058,구의사거리,1867,938,929,245,298,318,284,271,451,131,159,157,144,141,206,114,139,161,140,130,245,925,0,925
20223,D,발달상권,3120059,구삼강변맛길,4389,2089,2300,686,714,605,774,740,870,323,324,281,360,387,414,363,390,324,414,353,456,1946,0,1946
20223,D,발달상권,3120060,강변역(테크노마트),5,4,1,0,0,1,0,1,3,0,0,1,0,0,3,0,0,0,0,1,0,5,0,5
20223,D,발달상권,3120061,올림픽대교북단,234,99,135,16,48,59,32,35,44,3,20,26,14,17,19,13,28,33,18,18,25,156,0,156
20223,D,발달상권,3120062,신설동역,3593,1835,1758,117,1175,721,424,483,673,62,396,369,273,335,400,55,779,352,151,148,273,2999,0,2999
20223,D,발달상권,3120063,청량리역(청량리),1404,821,583,60,259,190,159,266,470,25,112,94,108,174,308,35,147,96,51,92,162,1025,0,1025
20223,D,발달상권,3120064,경희대학교(경희대),691,331,360,66,246,90,78,81,130,25,105,54,36,46,65,41,141,36,42,35,65,481,0,481
20223,D,발달상권,3120065,회기역,2091,940,1151,186,832,359,222,171,321,88,316,188,108,86,154,98,516,171,114,85,167,1486,0,1486
20223,D,발달상권,3120066,장한평역(장한평),4543,2353,2190,276,1157,1067,622,625,796,137,465,579,364,365,443,139,692,488,258,260,353,3035,0,3035
20223,D,발달상권,3120067,장안동사거리,6314,3185,3129,764,1118,1377,1043,888,1124,407,473,721,560,478,546,357,645,656,483,410,578,3467,0,3467
20223,D,발달상권,3120068,사가정역,706,362,344,20,68,121,114,128,255,11,30,68,63,73,117,9,38,53,51,55,138,530,0,530
20223,D,발달상권,3120069,상봉역,6439,2955,3484,699,1444,1203,920,959,1214,344,527,563,447,485,589,355,917,640,473,474,625,3444,0,3444
20223,D,발달상권,3120070,한성대입구역,1072,508,564,91,223,155,155,153,295,48,87,75,87,80,131,43,136,80,68,73,164,701,0,701
20223,D,발달상권,3120071,성북구청,1059,457,602,66,344,219,128,131,171,34,119,93,66,72,73,32,225,126,62,59,98,746,0,746
20223,D,발달상권,3120072,성신여대,3093,1168,1925,171,1239,563,320,312,488,77,304,245,150,171,221,94,935,318,170,141,267,2335,0,2335
20223,D,발달상권,3120073,미아사거리,982,465,517,51,188,120,124,179,320,23,71,59,67,97,148,28,117,61,57,82,172,685,0,685
20223,D,발달상권,3120074,안암역,420,187,233,26,224,46,22,35,67,10,99,24,9,19,26,16,125,22,13,16,41,333,0,333
20223,D,발달상권,3120075,월곡역,2247,1023,1224,246,584,329,295,340,453,118,206,171,135,179,214,128,378,158,160,161,239,1269,0,1269
20223,D,발달상권,3120076,수유역,5624,2866,2758,280,1332,1013,892,892,1215,144,501,564,511,518,628,136,831,449,381,374,587,4009,0,4009
20223,D,발달상권,3120077,미아역,1777,907,870,153,325,208,251,332,508,83,141,116,137,180,250,70,184,92,114,152,258,1077,0,1077
20223,D,발달상권,3120078,미아사거리역,527,257,270,34,74,72,66,95,186,21,32,36,31,45,92,13,42,36,35,50,94,322,0,322
20223,D,발달상권,3120079,창동역,515,316,199,17,136,85,89,101,87,13,58,52,55,73,65,4,78,33,34,28,22,450,0,450
20223,D,발달상권,3120080,마들역,3,2,1,0,0,0,0,0,3,0,0,0,0,0,2,0,0,0,0,0,1,3,0,3
20223,D,발달상권,3120081,노원역,1060,611,449,48,260,180,152,194,226,20,104,112,96,134,145,28,156,68,56,60,81,855,0,855
20223,D,발달상권,3120082,상계백병원,80,31,49,11,19,14,13,11,12,6,6,5,6,5,3,5,13,9,7,6,9,47,0,47
20223,D,발달상권,3120083,등나무근린공원,1535,719,816,322,218,217,379,269,130,154,99,105,174,127,60,168,119,112,205,142,70,633,0,633
20223,D,발달상권,3120084,공릉역,1609,813,796,135,340,216,231,269,418,72,175,108,127,138,193,63,165,108,104,131,225,1077,0,1077
20223,D,발달상권,3120085,은행사거리,191,89,102,57,19,19,55,25,16,27,8,8,28,11,7,30,11,11,27,14,9,100,0,100
20223,D,발달상권,3120086,태릉입구역,1636,778,858,166,479,250,223,257,261,89,155,128,119,150,137,77,324,122,104,107,124,934,0,934
20223,D,발달상권,3120087,응암역,2245,1003,1242,194,469,473,349,299,461,102,172,216,166,148,199,92,297,257,183,151,262,1374,0,1374
20223,D,발달상권,3120088,구산역,1660,758,902,257,273,215,297,257,361,102,113,110,127,142,164,155,160,105,170,115,197,772,0,772
20223,D,발달상권,3120089,구파발역,3135,1406,1729,553,538,884,567,301,292,283,178,380,280,155,130,270,360,504,287,146,162,1612,0,1612
20223,D,발달상권,3120090,연신내역,2993,1366,1627,138,1003,626,339,331,556,70,383,305,172,171,265,68,620,321,167,160,291,2194,0,2194
20223,D,발달상권,3120091,본서부병원,3435,1517,1918,390,743,609,553,465,675,206,257,273,276,223,282,184,486,336,277,242,393,1936,0,1936
20223,D,발달상권,3120092,불광역,1284,614,670,74,324,249,140,198,299,35,127,129,74,99,150,39,197,120,66,99,149,845,0,845
20223,D,발달상권,3120093,연희동,1107,520,587,104,335,226,121,127,194,45,171,114,48,54,88,59,164,112,73,73,106,700,0,700
20223,D,발달상권,3120094,"신촌역(신촌역, 신촌로터리)",3725,1858,1867,134,1612,770,365,313,531,70,742,405,205,190,246,64,870,365,160,123,285,2990,0,2990
20223,D,발달상권,3120095,홍제역,1480,694,786,102,236,175,203,271,493,58,90,96,97,144,209,44,146,79,106,127,284,940,0,940
20223,D,발달상권,3120096,"이화여대(이대역, 이대)",2851,987,1864,128,1239,499,282,270,433,56,288,212,134,130,167,72,951,287,148,140,266,2265,0,2265
20223,D,발달상권,3120097,충정로역,873,324,549,30,363,293,90,43,54,11,119,107,44,19,24,19,244,186,46,24,30,718,0,718
20223,D,발달상권,3120098,DMC(디지털미디어시티),1285,501,784,95,474,308,232,111,65,46,125,130,101,68,31,49,349,178,131,43,34,981,0,981
20223,D,발달상권,3120100,망원역,1147,542,605,114,218,237,183,136,259,60,105,105,94,65,113,54,113,132,89,71,146,633,0,633
20223,D,발달상권,3120101,합정역,6959,3247,3712,1045,1428,1187,946,1060,1293,546,628,525,446,515,587,499,800,662,500,545,706,3485,0,3485
20223,D,발달상권,3120102,서교동(홍대),3224,1523,1701,264,677,664,516,427,676,131,300,315,264,208,305,133,377,349,252,219,371,1861,0,1861
20223,D,발달상권,3120103,홍대입구역(홍대),4693,2085,2608,276,1684,1067,544,426,696,143,649,513,271,206,303,133,1035,554,273,220,393,3238,0,3238
20223,D,발달상권,3120104,연남동(홍대),7337,3503,3834,606,1706,1637,1041,854,1493,319,802,805,521,403,653,287,904,832,520,451,840,4471,0,4471
20223,D,발달상권,3120105,상수역(홍대),1351,591,760,66,487,303,161,105,229,36,199,139,79,44,94,30,288,164,82,61,135,991,0,991
20223,D,발달상권,3120106,마포역,3616,1626,1990,446,472,919,737,512,530,206,186,418,303,264,249,240,286,501,434,248,281,2059,0,2059
20223,D,발달상권,3120107,공덕역(공덕오거리),2488,1106,1382,292,463,505,424,421,383,151,177,207,187,206,178,141,286,298,237,215,205,1269,0,1269
20223,D,발달상권,3120108,신정네거리역,3392,1673,1719,310,597,622,515,523,825,161,247,329,257,284,395,149,350,293,258,239,430,1994,0,1994
20223,D,발달상권,3120109,서울남부지방법원,2189,1095,1094,348,275,274,343,373,576,183,125,135,177,199,276,165,150,139,166,174,300,1055,0,1055
20223,D,발달상권,3120110,목동역 8번출구,2200,1164,1036,229,380,341,342,387,521,113,193,180,194,210,274,116,187,161,148,177,247,1182,0,1182
20223,D,발달상권,3120111,목동사거리,2454,1234,1220,236,385,478,391,379,585,132,186,245,208,188,275,104,199,233,183,191,310,1306,0,1306
20223,D,발달상권,3120112,등촌역,4543,2031,2512,351,1138,1185,606,521,742,174,401,539,311,265,341,177,737,646,295,256,401,2850,0,2850
20223,D,발달상권,3120113,오목교역,3323,1589,1734,758,405,360,658,520,622,380,192,167,311,260,279,378,213,193,347,260,343,1227,0,1227
20223,D,발달상권,3120114,목동신시가지,10522,5044,5478,2819,1102,1205,2483,1418,1495,1490,499,466,1106,785,698,1329,603,739,1377,633,797,3858,0,3858
20223,D,발달상권,3120116,송정역,861,436,425,39,253,187,97,112,173,21,116,97,54,59,89,18,137,90,43,53,84,628,0,628
20223,D,발달상권,3120117,강서농산물도매시장,48,26,22,7,15,4,4,7,11,3,6,3,3,3,8,4,9,1,1,4,3,41,0,41
20223,D,발달상권,3120118,마곡역(마곡),1725,735,990,18,696,691,205,76,39,9,182,346,130,48,20,9,514,345,75,28,19,1583,0,1583
20223,D,발달상권,3120119,발산역(마곡),2329,974,1355,56,1033,707,288,160,85,29,262,352,162,112,57,27,771,355,126,48,28,2112,0,2112
20223,D,발달상권,3120120,화곡역,2784,1304,1480,202,657,733,363,359,470,101,272,357,177,178,219,101,385,376,186,181,251,1729,0,1729
20223,D,발달상권,3120121,까치산역,3505,1591,1914,233,884,954,467,334,633,126,327,481,225,149,283,107,557,473,242,185,350,2142,0,2142
20223,D,발달상권,3120122,강서구청,6478,2907,3571,458,2103,1700,816,629,772,232,706,833,443,333,360,226,1397,867,373,296,412,4582,0,4582
20223,D,발달상권,3120123,오류동역,5234,2395,2839,314,1587,1723,620,352,638,162,565,860,330,203,275,152,1022,863,290,149,363,3946,0,3946
20223,D,발달상권,3120124,개봉동 현대아파트,3727,1824,1903,422,431,518,556,641,1159,220,210,281,302,299,512,202,221,237,254,342,647,1831,0,1831
20223,D,발달상권,3120125,구로역,2187,1133,1054,239,380,459,376,343,390,129,189,223,206,191,195,110,191,236,170,152,195,1144,0,1144
20223,D,발달상권,3120126,디지털단지오거리,599,352,247,13,105,76,75,126,204,8,61,49,49,78,107,5,44,27,26,48,97,446,0,446
20223,D,발달상권,3120127,구로구청,5087,2303,2784,368,1573,1317,755,558,516,194,509,646,388,332,234,174,1064,671,367,226,282,3664,0,3664
20223,D,발달상권,3120128,신도림역,3192,1531,1661,370,568,830,535,478,411,184,229,408,263,234,213,186,339,422,272,244,198,1605,0,1605
20223,D,발달상권,3120129,구로디지털단지,1525,795,730,84,450,461,208,141,181,44,217,252,126,81,75,40,233,209,82,60,106,1148,0,1148
20223,D,발달상권,3120130,구로디지털단지역,2067,1156,911,59,615,611,311,260,211,30,276,342,207,175,126,29,339,269,104,85,85,1747,0,1747
20223,D,발달상권,3120131,가산디지털단지,4705,2495,2210,99,2104,1369,509,293,331,40,855,872,353,201,174,59,1249,497,156,92,157,4135,0,4135
20223,D,발달상권,3120132,독산동,6630,3819,2811,479,1483,1727,954,893,1094,236,789,1115,593,530,556,243,694,612,361,363,538,4547,0,4547
20223,D,발달상권,3120133,서울시흥동우체국(홈플러스시흥점),559,280,279,39,119,99,67,88,147,23,52,52,35,46,72,16,67,47,32,42,75,337,0,337
20223,D,발달상권,3120134,구로전화국,3479,1767,1712,239,665,733,457,557,828,115,303,415,240,293,401,124,362,318,217,264,427,2172,0,2172
20223,D,발달상권,3120135,양평역,511,246,265,49,88,127,89,49,109,28,39,58,49,28,44,21,49,69,40,21,65,321,0,321
20223,D,발달상권,3120136,영등포구청역,2992,1544,1448,181,660,639,380,415,717,83,317,348,214,233,349,98,343,291,166,182,368,2043,0,2043
20223,D,발달상권,3120138,당산2동(영등포우체국),1775,843,932,169,352,309,221,233,491,85,172,153,107,118,208,84,180,156,114,115,283,1119,0,1119
20223,D,발달상권,3120139,대림3동사거리,2313,1207,1106,243,323,248,364,490,645,118,173,131,186,274,325,125,150,117,178,216,320,1232,0,1232
20223,D,발달상권,3120140,문래동주민센터,1164,578,586,171,105,144,201,203,340,84,60,59,97,113,165,87,45,85,104,90,175,597,0,597
20223,D,발달상권,3120141,영등포청과시장교차로,1335,649,686,81,301,299,156,194,304,30,128,157,90,99,145,51,173,142,66,95,159,843,0,843
20223,D,발달상권,3120142,대림역,1534,844,690,93,242,231,229,294,445,45,137,152,136,151,223,48,105,79,93,143,222,1022,0,1022
20223,D,발달상권,3120143,당산역,2879,1189,1690,79,1085,1022,261,184,248,39,308,489,138,94,121,40,777,533,123,90,127,2355,0,2355
20223,D,발달상권,3120144,영중로,1597,676,921,46,590,519,173,101,168,25,170,237,94,61,89,21,420,282,79,40,79,1356,0,1356
20223,D,발달상권,3120145,영등포역(영등포),4753,2992,1761,80,1212,1072,624,758,1007,37,536,650,455,609,705,43,676,422,169,149,302,4219,0,4219
20223,D,발달상권,3120146,한강성심병원,2442,1212,1230,60,989,909,203,134,147,29,375,530,128,77,73,31,614,379,75,57,74,2068,0,2068
20223,D,발달상권,3120147,보라매역,1093,515,578,107,259,247,155,113,212,54,101,120,73,53,114,53,158,127,82,60,98,645,0,645
20223,D,발달상권,3120148,국회의사당역(국회의사당),2445,1145,1300,223,456,800,399,264,303,113,174,381,187,138,152,110,282,419,212,126,151,1658,0,1658
20223,D,발달상권,3120149,여의도역(여의도),2805,1333,1472,470,304,336,470,516,709,223,151,131,230,253,345,247,153,205,240,263,364,1075,0,1075
20223,D,발달상권,3120150,63빌딩,637,282,355,100,61,73,101,97,205,42,27,26,50,47,90,58,34,47,51,50,115,263,0,263
20223,D,발달상권,3120151,보라매공원,5056,2353,2703,799,677,718,809,648,1405,382,309,332,383,305,642,417,368,386,426,343,763,2091,0,2091
20223,D,발달상권,3120152,신대방삼거리역,2793,1245,1548,295,658,662,372,324,482,146,226,282,191,164,236,149,432,380,181,160,246,1709,0,1709
20223,D,발달상권,3120153,노량진역(노량진),2159,1092,1067,63,1012,529,172,156,227,32,430,329,107,88,106,31,582,200,65,68,121,1856,0,1856
20223,D,발달상권,3120154,장승배기역,1002,447,555,66,271,191,120,112,242,31,110,90,59,57,100,35,161,101,61,55,142,648,0,648
20223,D,발달상권,3120155,총신대학교,2123,1020,1103,300,304,318,360,301,540,149,148,153,182,148,240,151,156,165,178,153,300,996,0,996
20223,D,발달상권,3120156,"총신대입구역(이수, 총신대)",4405,2034,2371,488,851,694,659,664,1049,237,336,323,327,335,476,251,515,371,332,329,573,2369,0,2369
20223,D,발달상권,3120157,신림역(신림),8448,4409,4039,285,3376,2264,878,671,974,148,1575,1323,504,368,491,137,1801,941,374,303,483,6728,0,6728
20223,D,발달상권,3120158,녹두거리(대학동),2123,1220,903,90,748,460,301,216,308,50,389,296,202,144,139,40,359,164,99,72,169,1747,0,1747
20223,D,발달상권,3120159,서울대입구역,8567,3745,4822,255,4457,2012,671,496,676,103,1645,1007,364,272,354,152,2812,1005,307,224,322,7285,0,7285
20223,D,발달상권,3120160,사당역(사당),3973,1867,2106,395,989,915,535,451,688,185,407,467,269,209,330,210,582,448,266,242,358,2376,0,2376
20223,D,발달상권,3120161,방배동가구거리(사당동가구거리),1317,610,707,241,195,180,261,204,236,120,98,91,115,97,89,121,97,89,146,107,147,542,0,542
20223,D,발달상권,3120162,방배동카페골목,2276,1065,1211,375,335,391,440,342,393,186,147,185,197,170,180,189,188,206,243,172,213,1096,0,1096
20223,D,발달상권,3120163,사당역 11번(사당역먹자골목),3524,1648,1876,467,506,550,549,533,919,235,243,255,266,243,406,232,263,295,283,290,513,1661,0,1661
20223,D,발달상권,3120164,내방역,2972,1379,1593,389,404,515,505,423,736,178,180,229,246,216,330,211,224,286,259,207,406,1480,0,1480
20223,D,발달상권,3120165,서래마을카페거리(서래마을),1604,745,859,336,194,208,312,234,320,178,88,87,139,117,136,158,106,121,173,117,184,618,0,618
20223,D,발달상권,3120166,방배역,3076,1493,1583,348,421,511,541,488,767,197,197,243,266,243,347,151,224,268,275,245,420,1703,0,1703
20223,D,발달상권,3120167,고속터미널(고속터미널역),304,147,157,92,27,31,70,41,43,46,16,12,30,24,19,46,11,19,40,17,24,96,0,96
20223,D,발달상권,3120168,서울고교교차로,375,190,185,62,41,94,68,44,66,38,23,46,34,18,31,24,18,48,34,26,35,149,0,149
20223,D,발달상권,3120169,서초역,2053,971,1082,269,326,374,285,338,461,140,150,172,135,163,211,129,176,202,150,175,250,917,0,917
20223,D,발달상권,3120170,삼호가든사거리,614,292,322,130,59,132,102,82,109,69,30,58,49,42,44,61,29,74,53,40,65,259,0,259
20223,D,발달상권,3120171,서초3동사거리,3163,1528,1635,359,616,583,514,482,609,187,252,285,259,245,300,172,364,298,255,237,309,1771,0,1771
20223,D,발달상권,3120172,교대입구교차로,3843,1921,1922,390,671,985,703,533,561,221,298,489,354,277,282,169,373,496,349,256,279,2327,0,2327
20223,D,발달상권,3120173,교대역(법원.검찰청),5359,2576,2783,685,929,1060,885,796,1004,345,432,505,421,404,469,340,497,555,464,392,535,2857,0,2857
20223,D,발달상권,3120174,논현역 5번,1387,653,734,173,263,259,216,189,287,90,104,122,113,87,137,83,159,137,103,102,150,717,0,717
20223,D,발달상권,3120175,남부터미널역,4099,1851,2248,450,724,1012,677,569,667,229,291,428,311,265,327,221,433,584,366,304,340,2394,0,2394
20223,D,발달상권,3120176,논현역 4번,4902,2315,2587,329,1008,1239,853,611,862,171,443,593,445,295,368,158,565,646,408,316,494,3227,0,3227
20223,D,발달상권,3120177,신논현역 1번,4597,2309,2288,238,1080,1226,739,550,764,125,498,619,410,299,358,113,582,607,329,251,406,3223,0,3223
20223,D,발달상권,3120178,신사역,3757,1859,1898,282,780,890,561,498,746,133,347,448,299,278,354,149,433,442,262,220,392,2447,0,2447
20223,D,발달상권,3120179,양재역,5125,2413,2712,574,922,1235,815,736,843,270,402,613,372,372,384,304,520,622,443,364,459,2769,0,2769
20223,D,발달상권,3120180,양재화물트럭터미널앞,1346,657,689,397,115,143,308,156,227,223,51,53,154,80,96,174,64,90,154,76,131,392,0,392
20223,D,발달상권,3120181,교육개발원입구사거리,1000,480,520,78,151,232,152,138,249,40,72,118,71,67,112,38,79,114,81,71,137,578,0,578
20223,D,발달상권,3120182,"양재시민의숲역(양재동꽃시장, aT센터)",1907,996,911,235,265,335,304,322,446,123,138,181,160,174,220,112,127,154,144,148,226,1043,0,1043
20223,D,발달상권,3120183,양재천카페거리,1202,611,591,107,173,245,247,183,247,59,90,135,128,90,109,48,83,110,119,93,138,700,0,700
20223,D,발달상권,3120184,포이사거리(삼호물산),5782,2984,2798,603,1025,1282,920,903,1049,330,488,687,476,475,528,273,537,595,444,428,521,3235,0,3235
20223,D,발달상권,3120185,논현역,3722,1809,1913,240,702,857,630,551,742,117,333,425,316,291,327,123,369,432,314,260,415,2397,0,2397
20223,D,발달상권,3120186,가로수길,3152,1382,1770,378,495,607,589,437,646,180,198,257,261,227,259,198,297,350,328,210,387,1777,0,1777
20223,D,발달상권,3120187,신논현역,5512,2640,2872,281,1241,1410,895,649,1036,134,504,686,488,347,481,147,737,724,407,302,555,3959,0,3959
20223,D,발달상권,3120188,압구정역,1129,540,589,157,157,213,198,140,264,83,79,97,92,68,121,74,78,116,106,72,143,598,0,598
20223,D,발달상권,3120189,강남역,6332,2979,3353,634,1313,1697,1025,783,880,313,537,818,493,399,419,321,776,879,532,384,461,4029,0,4029
20223,D,발달상권,3120190,강남을지병원,2366,1063,1303,254,457,495,423,288,449,129,182,233,182,142,195,125,275,262,241,146,254,1367,0,1367
20223,D,발달상권,3120191,학동역,4438,2087,2351,275,755,1109,868,578,853,139,339,539,401,301,368,136,416,570,467,277,485,2983,0,2983
20223,D,발달상권,3120192,뱅뱅사거리,6623,3041,3582,509,1616,2037,1095,647,719,250,618,966,536,332,339,259,998,1071,559,315,380,4718,0,4718
20223,D,발달상권,3120193,도산공원교차로,1184,561,623,125,177,217,210,160,295,58,97,101,110,70,125,67,80,116,100,90,170,596,0,596
20223,D,발달상권,3120194,언주역(차병원),2599,1282,1317,142,483,760,435,329,450,76,222,375,218,175,216,66,261,385,217,154,234,1764,0,1764
20223,D,발달상권,3120195,성수대교남단,444,233,211,59,65,73,87,60,100,36,32,36,44,35,50,23,33,37,43,25,50,224,0,224
20223,D,발달상권,3120196,서울세관,1453,699,754,109,189,275,280,232,368,51,87,140,139,123,159,58,102,135,141,109,209,940,0,940
20223,D,발달상권,3120197,역삼역,6083,3079,3004,523,1507,1800,856,603,794,324,602,907,475,361,410,199,905,893,381,242,384,4337,0,4337
20223,D,발달상권,3120198,구역삼세무서,7376,3813,3563,479,1410,1908,1355,980,1244,248,673,1017,733,547,595,231,737,891,622,433,649,5072,0,5072
20223,D,발달상권,3120199,경복아파트교차로,862,407,455,80,148,260,192,91,91,38,61,113,108,51,36,42,87,147,84,40,55,598,0,598
20223,D,발달상권,3120200,학동사거리,976,427,549,88,166,208,160,125,229,48,59,79,77,62,102,40,107,129,83,63,127,565,0,565
20223,D,발달상권,3120201,도곡1동,1880,867,1013,176,361,462,299,254,328,90,135,218,146,126,152,86,226,244,153,128,176,1108,0,1108
20223,D,발달상권,3120202,압구정로데오역(압구정로데오),1843,860,983,267,240,256,318,276,486,127,94,118,151,144,226,140,146,138,167,132,260,793,0,793
20223,D,발달상권,3120203,강남구청역,1522,713,809,147,292,382,251,204,246,66,136,170,111,112,118,81,156,212,140,92,128,920,0,920
20223,D,발달상권,3120204,르네상스호텔사거리,1595,712,883,107,316,509,318,182,163,53,116,235,151,81,76,54,200,274,167,101,87,1127,0,1127
20223,D,발달상권,3120205,매봉역,1116,543,573,131,209,180,176,172,248,78,88,83,96,73,125,53,121,97,80,99,123,592,0,592
20223,D,발달상권,3120206,개나리아파트,4115,1932,2183,687,712,622,766,564,764,366,326,266,355,290,329,321,386,356,411,274,435,2106,0,2106
20223,D,발달상권,3120207,선정릉역,6714,2997,3717,804,1098,1452,1288,894,1178,423,464,615,576,418,501,381,634,837,712,476,677,3816,0,3816
20223,D,발달상권,3120208,청담사거리(청담동명품거리),3501,1584,1917,373,504,586,624,510,904,184,208,269,296,228,399,189,296,317,328,282,505,1999,0,1999
20223,D,발달상권,3120209,"강남구청(청담역_8번, 강남세무서)",1374,624,750,205,242,240,225,210,252,113,100,92,99,97,123,92,142,148,126,113,129,671,0,671
20223,D,발달상권,3120210,선릉역,4780,2264,2516,332,934,1309,900,630,675,155,372,615,448,336,338,177,562,694,452,294,337,3339,0,3339
20223,D,발달상권,3120211,도성초등학교,1638,780,858,338,246,204,340,267,243,182,124,90,139,131,114,156,122,114,201,136,129,726,0,726
20223,D,발달상권,3120212,한티역,1483,713,770,271,240,150,288,289,245,141,110,71,126,152,113,130,130,79,162,137,132,683,0,683
20223,D,발달상권,3120213,삼성중앙역,4143,2023,2120,429,753,864,708,594,795,245,360,405,359,293,361,184,393,459,349,301,434,2324,0,2324
20223,D,발달상권,3120214,영동대교남단교차로,706,345,361,125,96,123,130,115,117,66,44,53,66,57,59,59,52,70,64,58,58,303,0,303
20223,D,발달상권,3120215,포스코사거리,3639,1706,1933,398,635,916,760,470,460,222,258,384,368,254,220,176,377,532,392,216,240,2275,0,2275
20223,D,발달상권,3120216,경기고교사거리(경기고교앞사거리),218,98,120,12,38,61,44,28,35,6,16,23,20,19,14,6,22,38,24,9,21,151,0,151
20223,D,발달상권,3120217,대치사거리,3838,1911,1927,633,717,676,724,551,537,377,346,337,327,278,246,256,371,339,397,273,291,2031,0,2031
20223,D,발달상권,3120218,코엑스,28,15,13,2,4,2,4,8,8,0,2,1,2,4,6,2,2,1,2,4,2,17,0,17
20223,D,발달상권,3120219,은마아파트,1101,557,544,225,169,92,250,189,176,137,90,41,111,99,79,88,79,51,139,90,97,436,0,436
20223,D,발달상권,3120220,대치역,1297,634,663,375,145,80,315,207,175,191,69,35,139,111,89,184,76,45,176,96,86,391,0,391
20223,D,발달상권,3120221,봉은사역,711,359,352,60,85,148,142,106,170,32,51,76,70,58,72,28,34,72,72,48,98,493,0,493
20223,D,발달상권,3120222,삼성역,746,381,365,62,176,173,115,116,104,38,78,78,55,75,57,24,98,95,60,41,47,508,0,508
20223,D,발달상권,3120223,휘문고교사거리,309,158,151,62,42,27,58,59,61,38,23,12,26,30,29,24,19,15,32,29,32,111,0,111
20223,D,발달상권,3120224,수서역,594,284,310,26,106,144,96,113,109,8,38,65,49,68,56,18,68,79,47,45,53,437,0,437
20223,D,발달상권,3120225,잠실새내역(신천),4074,1922,2152,274,765,912,639,554,930,142,316,443,324,276,421,132,449,469,315,278,509,2702,0,2702
20223,D,발달상권,3120226,석촌고분역,1955,922,1033,189,340,436,282,302,406,101,159,203,142,136,181,88,181,233,140,166,225,1092,0,1092
20223,D,발달상권,3120227,잠실역,5684,2620,3064,972,674,928,874,881,1355,472,310,411,397,397,633,500,364,517,477,484,722,2183,0,2183
20223,D,발달상권,3120228,석촌역(석촌호수),4223,1985,2238,388,828,906,601,605,895,201,377,420,283,291,413,187,451,486,318,314,482,2293,0,2293
20223,D,발달상권,3120229,방이동먹자골목,2889,1401,1488,137,643,708,418,422,561,68,284,351,209,220,269,69,359,357,209,202,292,2005,0,2005
20223,D,발달상권,3120230,송파사거리(송파역),1644,834,810,172,221,473,206,201,371,87,99,241,115,115,177,85,122,232,91,86,194,906,0,906
20223,D,발달상권,3120232,송파나루역,875,426,449,93,167,178,124,131,182,46,79,91,59,68,83,47,88,87,65,63,99,462,0,462
20223,D,발달상권,3120233,몽촌토성역,3436,1375,2061,98,1266,1298,364,204,206,48,379,564,164,108,112,50,887,734,200,96,94,2871,0,2871
20223,D,발달상권,3120234,가락시장역,2694,1460,1234,235,419,436,425,577,602,117,217,248,230,324,324,118,202,188,195,253,278,1472,0,1472
20223,D,발달상권,3120235,문정역,4514,1904,2610,245,1378,1658,589,357,287,122,429,725,299,207,122,123,949,933,290,150,165,3480,0,3480
20223,D,발달상권,3120236,장지역(가든파이브),167,92,75,30,28,35,24,28,22,12,18,22,15,15,10,18,10,13,9,13,12,89,0,89
20223,D,발달상권,3120237,경찰병원역,3823,1982,1841,340,617,755,620,671,820,175,298,394,320,372,423,165,319,361,300,299,397,2305,0,2305
20223,D,발달상권,3120238,방이역,501,258,243,62,69,69,88,84,129,32,35,39,41,47,64,30,34,30,47,37,65,251,0,251
20223,D,발달상권,3120239,오금역,4150,2026,2124,491,680,725,619,688,947,264,314,359,305,330,454,227,366,366,314,358,493,2024,0,2024
20223,D,발달상권,3120240,개롱역,3595,1737,1858,608,526,511,680,556,714,320,250,254,320,274,319,288,276,257,360,282,395,1478,0,1478
20223,D,발달상권,3120241,거여역,1814,931,883,200,277,225,276,347,489,106,143,124,144,177,237,94,134,101,132,170,252,883,0,883
20223,D,발달상권,3120242,강동구청역,3677,1758,1919,506,543,653,626,521,828,268,254,299,302,260,375,238,289,354,324,261,453,1741,0,1741
20223,D,발달상권,3120243,천호역,4206,2016,2190,254,807,977,658,653,857,127,313,475,341,354,406,127,494,502,317,299,451,2801,0,2801
20223,D,발달상권,3120244,암사역,2164,1092,1072,191,361,437,353,313,509,95,160,234,186,174,243,96,201,203,167,139,266,1394,0,1394
20223,D,발달상권,3120245,둔촌역,2797,1426,1371,391,370,413,443,533,647,228,185,218,223,282,290,163,185,195,220,251,357,1358,0,1358
20223,D,발달상권,3120246,길동역,6298,3044,3254,408,1703,1430,840,843,1074,199,642,736,449,457,561,209,1061,694,391,386,513,4215,0,4215
20223,D,발달상권,3120247,굽은다리역,1819,832,987,195,307,325,257,282,453,87,141,150,130,127,197,108,166,175,127,155,256,888,0,888
20223,D,발달상권,3120248,명일역,2253,1121,1132,292,294,282,412,370,603,141,147,146,200,188,299,151,147,136,212,182,304,1153,0,1153
20223,D,발달상권,3120249,고덕역,1201,545,656,191,279,239,191,159,142,114,107,104,80,73,67,77,172,135,111,86,75,627,0,627
20223,R,전통시장,3130001,통인시장,690,297,393,73,84,89,102,119,223,34,36,35,48,53,91,39,48,54,54,66,132,344,0,344
20223,R,전통시장,3130002,세종마을음식문화거리(금천교시장),571,278,293,57,79,85,79,95,176,26,48,39,40,48,77,31,31,46,39,47,99,318,0,318
20223,R,전통시장,3130004,낙원시장(낙원지하시장(대일상가)),315,145,170,36,31,33,55,40,120,21,18,14,34,14,44,15,13,19,21,26,76,144,0,144
20223,R,전통시장,3130005,세운상가가동,27,21,6,0,2,4,4,10,7,0,2,3,3,7,6,0,0,1,1,3,1,22,0,22
20223,R,전통시장,3130007,광장시장(광장전통시장),91,41,50,3,10,8,9,15,46,1,8,4,4,8,16,2,2,4,5,7,30,66,0,66
20223,R,전통시장,3130009,마전교지하쇼핑센터(구 한일상가),1,1,0,0,0,0,0,0,1,0,0,0,0,0,1,0,0,0,0,0,0,1,0,1
20223,R,전통시장,3130010,종로신진시장,112,83,29,0,4,5,16,35,52,0,1,5,14,24,39,0,3,0,2,11,13,102,0,102
20223,R,전통시장,3130011,충신시장,191,102,89,15,26,13,27,43,67,7,11,10,15,24,35,8,15,3,12,19,32,98,0,98
20223,R,전통시장,3130012,"동대문종합시장(동대문종합시장 신관, 동대문종합시장D동상가)",2,2,0,0,0,0,0,2,0,0,0,0,0,2,0,0,0,0,0,0,0,2,0,2
20223,R,전통시장,3130013,동대문상가A동,40,18,22,0,3,2,3,5,27,0,3,1,1,3,10,0,0,1,2,2,17,27,0,27
20223,R,전통시장,3130014,동문시장,128,87,41,0,13,13,10,39,53,0,8,11,5,28,35,0,5,2,5,11,18,100,0,100
20223,R,전통시장,3130015,창신골목시장,733,388,345,42,64,55,96,161,315,23,36,36,49,99,145,19,28,19,47,62,170,502,0,502
20223,R,전통시장,3130016,동대문상가B동,51,29,22,2,8,9,4,11,17,0,7,6,1,5,10,2,1,3,3,6,7,28,0,28
20223,R,전통시장,3130017,동대문상가C동,81,51,30,4,9,5,10,13,40,3,8,5,10,7,18,1,1,0,0,6,22,55,0,55
20223,R,전통시장,3130018,동대문문구완구거리(동대문문구완구시장),132,75,57,8,11,19,8,24,62,6,6,10,7,11,35,2,5,9,1,13,27,87,0,87
20223,R,전통시장,3130019,동대문상가D동,50,27,23,2,2,7,11,7,21,1,2,4,6,3,11,1,0,3,5,4,10,33,0,33
20223,R,전통시장,3130020,동묘시장(동묘벼룩시장),413,206,207,5,142,69,42,56,99,1,51,38,25,37,54,4,91,31,17,19,45,349,0,349
20223,R,전통시장,3130021,신설종합시장,8,8,0,0,0,2,0,4,2,0,0,2,0,4,2,0,0,0,0,0,0,7,0,7
20223,R,전통시장,3130024,남대문시장(자유상가),62,37,25,1,4,5,7,15,30,0,3,4,5,11,14,1,1,1,2,4,16,49,0,49
20223,R,전통시장,3130031,청계천공구상가,40,27,13,0,0,3,5,8,24,0,0,3,4,8,12,0,0,0,1,0,12,33,0,33
20223,R,전통시장,3130032,인현시장,161,96,65,9,14,18,18,35,67,6,6,9,13,25,37,3,8,9,5,10,30,94,0,94
20223,R,전통시장,3130033,대림상가(청계상가),131,83,48,2,9,19,10,34,57,1,5,10,7,24,36,1,4,9,3,10,21,87,0,87
20223,R,전통시장,3130034,필동 골목형상점가,7,4,3,0,1,1,1,2,2,0,1,1,0,2,0,0,0,0,1,0,2,6,0,6
20223,R,전통시장,3130035,방산종합시장(방산시장),316,223,93,5,37,41,32,62,139,1,26,28,22,46,100,4,11,13,10,16,39,253,0,253
20223,R,전통시장,3130036,중부시장(신중부시장),378,219,159,9,89,57,41,61,121,6,25,32,30,48,78,3,64,25,11,13,43,326,0,326
20223,R,전통시장,3130038,"평화시장(통일상가, 동화상가)",12,9,3,2,0,3,1,2,4,0,0,3,1,1,4,2,0,0,0,1,0,8,0,8
20223,R,전통시장,3130042,약수시장,477,231,246,51,66,65,59,88,148,24,28,30,28,56,65,27,38,35,31,32,83,256,0,256
20223,R,전통시장,3130046,team204(팀204),1,1,0,0,0,0,0,0,1,0,0,0,0,0,1,0,0,0,0,0,0,1,0,1
20223,R,전통시장,3130047,테크노상가(엘리시움),8,7,1,2,0,1,1,3,1,2,0,0,1,3,1,0,0,1,0,0,0,6,0,6
20223,R,전통시장,3130048,동평화시장,55,26,29,2,8,8,4,12,21,2,5,2,2,5,10,0,3,6,2,7,11,37,0,37
20223,R,전통시장,3130049,신당 미래유산 먹거리 골목형상점가,152,97,55,6,17,20,18,40,51,2,10,12,15,29,29,4,7,8,3,11,22,121,0,121
20223,R,전통시장,3130050,청평화시장,3,2,1,0,0,1,0,1,1,0,0,1,0,1,0,0,0,0,0,0,1,3,0,3
20223,R,전통시장,3130051,동화동 골목형상점가,1456,710,746,184,200,204,222,261,385,85,100,97,119,145,164,99,100,107,103,116,221,683,0,683
20223,R,전통시장,3130052,서울중앙시장(신중앙시장),1317,716,601,82,154,146,142,243,550,48,81,91,80,145,271,34,73,55,62,98,279,787,0,787
20223,R,전통시장,3130053,백학시장,1018,530,488,82,110,99,143,230,354,41,68,60,81,126,154,41,42,39,62,104,200,540,0,540
20223,R,전통시장,3130054,황학동주방가구거리상점가,1199,607,592,74,251,294,132,174,274,31,120,165,71,86,134,43,131,129,61,88,140,771,0,771
20223,R,전통시장,3130055,"황학시장(서울중앙시장, 신중앙시장)",1462,761,701,90,189,224,208,247,504,53,94,112,119,142,241,37,95,112,89,105,263,909,0,909
20223,R,전통시장,3130056,용산용문시장,671,331,340,64,107,98,82,91,229,30,50,57,46,52,96,34,57,41,36,39,133,394,0,394
20223,R,전통시장,3130057,만리시장,31,18,13,2,3,1,2,8,15,1,2,1,1,4,9,1,1,0,1,4,6,17,0,17
20223,R,전통시장,3130058,이촌종합시장,112,59,53,12,15,14,16,24,31,5,9,10,7,11,17,7,6,4,9,13,14,60,0,60
20223,R,전통시장,3130059,후암시장,708,358,350,84,88,92,93,138,213,46,49,52,48,75,88,38,39,40,45,63,125,371,0,371
20223,R,전통시장,3130060,신흥시장,81,41,40,6,9,12,12,12,30,0,7,7,7,8,12,6,2,5,5,4,18,48,0,48
20223,R,전통시장,3130061,이태원시장,67,31,36,6,8,9,6,16,22,4,2,3,4,10,8,2,6,6,2,6,14,34,0,34
20223,R,전통시장,3130062,보광시장,100,48,52,9,11,12,15,14,39,5,7,7,6,8,15,4,4,5,9,6,24,58,0,58
20223,R,전통시장,3130063,신금호역 골목형상점가,422,205,217,43,66,50,72,75,116,19,31,22,35,43,55,24,35,28,37,32,61,240,0,240
20223,R,전통시장,3130064,금남시장,198,102,96,6,18,17,23,43,91,2,11,11,15,24,39,4,7,6,8,19,52,128,0,128
20223,R,전통시장,3130065,무학봉상점가,2688,1354,1334,235,451,334,382,483,803,121,220,197,199,246,371,114,231,137,183,237,432,1592,0,1592
20223,R,전통시장,3130066,행당시장상점가,1912,932,980,136,523,322,220,298,413,72,222,165,121,157,195,64,301,157,99,141,218,1241,0,1241
20223,R,전통시장,3130067,왕십리도선동상점가,3520,1694,1826,313,863,616,447,561,720,167,375,308,242,275,327,146,488,308,205,286,393,2024,0,2024
20223,R,전통시장,3130068,마장축산물시장,1800,920,880,205,258,233,249,326,529,110,125,129,140,171,245,95,133,104,109,155,284,923,0,923
20223,R,전통시장,3130069,"한양대앞상점가(한양시장, 왕십리맛골목)",540,269,271,29,320,84,23,26,58,9,165,46,13,13,23,20,155,38,10,13,35,451,0,451
20223,R,전통시장,3130070,뚝섬역상점가,1411,732,679,92,353,303,187,190,286,41,175,168,95,109,144,51,178,135,92,81,142,920,0,920
20223,R,전통시장,3130071,성수역 골목형상점가,7,5,2,1,0,0,3,3,0,1,0,0,2,2,0,0,0,0,1,1,0,5,0,5
20223,R,전통시장,3130072,성동용답상가시장,4259,2142,2117,442,629,501,631,806,1250,223,318,273,316,425,587,219,311,228,315,381,663,2147,0,2147
20223,R,전통시장,3130073,뚝도시장,519,277,242,37,74,60,70,111,167,20,42,36,42,55,82,17,32,24,28,56,85,300,0,300
20223,R,전통시장,3130074,영동교골목시장,457,234,223,34,51,44,62,103,163,19,21,28,39,53,74,15,30,16,23,50,89,275,0,275
20223,R,전통시장,3130075,노룬산시장(노룬산골목시장),95,40,55,8,10,13,10,15,39,4,4,5,6,9,12,4,6,8,4,6,27,62,0,62
20223,R,전통시장,3130076,능동로골목시장,773,381,392,44,108,98,96,135,292,19,51,53,50,75,133,25,57,45,46,60,159,448,0,448
20223,R,전통시장,3130077,조양시장,76,42,34,3,25,13,10,7,18,3,14,7,4,7,7,0,11,6,6,0,11,54,0,54
20223,R,전통시장,3130078,화양제일골목시장,898,433,465,35,350,198,93,86,136,15,150,109,56,44,59,20,200,89,37,42,77,683,0,683
20223,R,전통시장,3130079,한아름시장,346,139,207,13,166,69,26,34,38,5,57,32,13,15,17,8,109,37,13,19,21,264,0,264
20223,R,전통시장,3130080,자양종합시장(기능상실),58,28,30,13,7,8,12,8,10,5,2,4,8,3,6,8,5,4,4,5,4,19,0,19
20223,R,전통시장,3130081,자양골목전통시장(자양골목시장),1945,925,1020,217,321,322,296,321,468,111,163,167,149,140,195,106,158,155,147,181,273,982,0,982
20223,R,전통시장,3130082,면곡골목시장,228,118,110,16,38,45,15,49,65,5,22,24,7,24,36,11,16,21,8,25,29,118,0,118
20223,R,전통시장,3130083,"중곡제일시장(중곡제일골목시장, 광성시장)",826,421,405,92,126,131,116,156,205,42,67,84,56,74,98,50,59,47,60,82,107,392,0,392
20223,R,전통시장,3130084,신성시장(신성골목시장),210,99,111,16,33,34,32,38,57,11,15,18,14,17,24,5,18,16,18,21,33,111,0,111
20223,R,전통시장,3130085,용두시장,25,16,9,1,1,1,7,5,10,0,1,0,5,4,6,1,0,1,2,1,4,18,0,18
20223,R,전통시장,3130086,서울약령시장,2184,1194,990,115,285,278,298,342,866,64,145,181,174,194,436,51,140,97,124,148,430,1493,0,1493
20223,R,전통시장,3130087,경동광성상가(경동시장),73,32,41,3,7,4,7,7,45,2,5,2,4,4,15,1,2,2,3,3,30,50,0,50
20223,R,전통시장,3130088,경동시장,4,3,1,0,0,0,1,0,3,0,0,0,1,0,2,0,0,0,0,0,1,3,0,3
20223,R,전통시장,3130089,청량리수산시장,358,190,168,24,30,35,55,49,165,11,19,19,33,26,82,13,11,16,22,23,83,222,0,222
20223,R,전통시장,3130090,청량리종합시장,105,63,42,1,8,13,7,20,56,1,5,7,5,15,30,0,3,6,2,5,26,61,0,61
20223,R,전통시장,3130091,청량종합도매시장,688,339,349,35,114,94,69,103,273,14,66,50,32,63,114,21,48,44,37,40,159,412,0,412
20223,R,전통시장,3130092,청량리농수산물시장,398,219,179,32,41,38,33,67,187,24,21,22,21,35,96,8,20,16,12,32,91,229,0,229
20223,R,전통시장,3130093,동서시장,3,3,0,0,0,0,0,2,1,0,0,0,0,2,1,0,0,0,0,0,0,3,0,3
20223,R,전통시장,3130094,청량리청과물시장,65,45,20,4,4,7,7,15,28,2,1,5,6,11,20,2,3,2,1,4,8,48,0,48
20223,R,전통시장,3130095,청량리전통시장,416,274,142,4,25,30,43,83,231,3,15,16,31,67,142,1,10,14,12,16,89,348,0,348
20223,R,전통시장,3130097,답십리 건축자재시장,1527,763,764,140,224,169,192,289,513,69,125,93,94,142,240,71,99,76,98,147,273,816,0,816
20223,R,전통시장,3130098,회기시장,1239,541,698,67,561,186,112,92,221,30,221,97,60,39,94,37,340,89,52,53,127,958,0,958
20223,R,전통시장,3130099,전농로터리시장,86,52,34,4,7,6,15,21,33,2,5,5,10,13,17,2,2,1,5,8,16,54,0,54
20223,R,전통시장,3130100,답십리시장,430,213,217,47,60,58,73,64,128,17,33,33,37,34,59,30,27,25,36,30,69,210,0,210
20223,R,전통시장,3130101,답십리현대시장,272,141,131,19,36,32,33,51,101,10,19,19,20,26,47,9,17,13,13,25,54,164,0,164
20223,R,전통시장,3130102,이문제일시장,76,32,44,9,16,5,10,19,17,2,6,2,4,11,7,7,10,3,6,8,10,34,0,34
20223,R,전통시장,3130103,이경시장,236,133,103,15,26,19,31,43,102,9,17,12,18,27,50,6,9,7,13,16,52,135,0,135
20223,R,전통시장,3130104,전곡시장,595,300,295,69,64,61,103,103,195,37,34,35,56,54,84,32,30,26,47,49,111,312,0,312
20223,R,전통시장,3130105,장미제일시장(중화동제일시장),1097,544,553,107,190,145,152,213,290,60,96,78,79,108,123,47,94,67,73,105,167,570,0,570
20223,R,전통시장,3130106,중랑동부시장,1323,696,627,115,247,198,201,244,318,60,120,107,111,141,157,55,127,91,90,103,161,812,0,812
20223,R,전통시장,3130107,중랑동부시장(중랑교종합상가),175,87,88,5,29,47,31,19,44,3,13,28,16,6,21,2,16,19,15,13,23,117,0,117
20223,R,전통시장,3130108,태능엔터피아(태릉시장),316,162,154,44,40,44,41,56,91,22,26,24,18,29,43,22,14,20,23,27,48,118,0,118
20223,R,전통시장,3130109,묵1동도깨비시장,852,432,420,102,135,120,135,135,225,52,75,57,74,66,108,50,60,63,61,69,117,383,0,383
20223,R,전통시장,3130110,면목골목시장(면목시장),1569,823,746,165,223,213,249,278,441,90,116,109,143,153,212,75,107,104,106,125,229,865,0,865
20223,R,전통시장,3130111,"동원전통종합시장(동원시장, 동원전통시장 상점가)",1962,976,986,184,247,254,260,380,637,86,126,139,135,198,292,98,121,115,125,182,345,1035,0,1035
20223,R,전통시장,3130112,사가정시장,2061,1003,1058,140,330,314,261,376,640,69,159,177,134,173,291,71,171,137,127,203,349,1132,0,1132
20223,R,전통시장,3130113,신아타운,163,81,82,21,18,24,26,42,32,11,7,10,10,27,16,10,11,14,16,15,16,119,0,119
20223,R,전통시장,3130114,유영시장,105,55,50,14,13,10,19,23,26,7,7,6,10,12,13,7,6,4,9,11,13,45,0,45
20223,R,전통시장,3130115,우림골목시장,2222,1131,1091,167,354,345,272,384,700,82,167,194,162,198,328,85,187,151,110,186,372,1274,0,1274
20223,R,전통시장,3130116,동성타워프라자,249,124,125,31,34,37,22,49,76,16,17,25,12,19,35,15,17,12,10,30,41,98,0,98
20223,R,전통시장,3130117,정릉시장,945,458,487,96,180,111,106,129,323,50,82,62,61,61,142,46,98,49,45,68,181,516,0,516
20223,R,전통시장,3130118,정릉골 골목형상점가,605,304,301,76,107,75,94,98,155,40,47,37,59,51,70,36,60,38,35,47,85,274,0,274
20223,R,전통시장,3130119,정릉아리랑시장,480,214,266,42,71,66,58,79,164,16,30,39,30,33,66,26,41,27,28,46,98,229,0,229
20223,R,전통시장,3130120,돈암시장(돈암제일시장),219,83,136,15,27,43,16,21,97,6,6,21,6,10,34,9,21,22,10,11,63,130,0,130
20223,R,전통시장,3130121,길음시장,31,26,5,1,2,3,4,11,10,0,2,2,4,9,9,1,0,1,0,2,1,29,0,29
20223,R,전통시장,3130122,밤나무골시장,229,108,121,25,17,29,33,41,84,14,6,19,15,19,35,11,11,10,18,22,49,120,0,120
20223,R,전통시장,3130123,꿈의숲 장곡 골목형상점가,331,161,170,47,36,36,51,62,99,24,21,16,20,37,43,23,15,20,31,25,56,142,0,142
20223,R,전통시장,3130124,번동시장,16,8,8,5,0,1,3,1,6,3,0,0,1,0,4,2,0,1,2,1,2,8,0,8
20223,R,전통시장,3130125,장위전통시장,839,407,432,87,95,93,116,146,302,42,53,45,69,69,129,45,42,48,47,77,173,397,0,397
20223,R,전통시장,3130126,새석관시장,55,27,28,1,10,4,6,12,22,1,4,2,5,7,8,0,6,2,1,5,14,34,0,34
20223,R,전통시장,3130127,석관시장,150,82,68,10,24,12,16,35,53,8,14,7,10,21,22,2,10,5,6,14,31,87,0,87
20223,R,전통시장,3130128,돌곶이시장(석관황금시장),1776,918,858,162,221,198,256,325,614,76,122,115,140,180,285,86,99,83,116,145,329,924,0,924
20223,R,전통시장,3130129,장미원골목시장,1471,728,743,200,207,230,201,243,390,103,103,129,108,120,165,97,104,101,93,123,225,662,0,662
20223,R,전통시장,3130130,수유북부골목시장,54,29,25,0,9,2,5,9,29,0,7,0,3,6,13,0,2,2,2,3,16,30,0,30
20223,R,전통시장,3130131,동북프라자,25,15,10,1,1,3,2,3,15,1,1,3,1,2,7,0,0,0,1,1,8,16,0,16
20223,R,전통시장,3130132,삼양골목시장(삼양시장),633,315,318,58,83,69,76,121,226,29,35,40,41,60,110,29,48,29,35,61,116,351,0,351
20223,R,전통시장,3130133,우이골목시장(우이시장),1598,794,804,209,219,162,246,295,467,108,118,93,124,145,206,101,101,69,122,150,261,734,0,734
20223,R,전통시장,3130134,"솔샘시장(미아6,7동골목시장)",137,67,70,11,11,18,16,20,61,3,6,13,8,8,29,8,5,5,8,12,32,78,0,78
20223,R,전통시장,3130135,수유중앙골목시장(수유중앙시장),921,464,457,94,123,116,125,191,272,48,60,59,71,96,130,46,63,57,54,95,142,457,0,457
20223,R,전통시장,3130136,수유재래시장,543,277,266,59,93,92,60,79,160,33,44,52,38,38,72,26,49,40,22,41,88,220,0,220
20223,R,전통시장,3130137,"수유전통시장(수유시장, 수유골목시장)",529,269,260,40,85,51,68,108,177,24,50,28,37,50,80,16,35,23,31,58,97,299,0,299
20223,R,전통시장,3130138,수유프라자,210,97,113,20,26,24,19,46,75,8,13,12,9,20,35,12,13,12,10,26,40,87,0,87
20223,R,전통시장,3130139,강북종합전통시장(강북종합골목시장),2207,1123,1084,146,453,329,289,376,614,76,219,199,160,183,286,70,234,130,129,193,328,1343,0,1343
20223,R,전통시장,3130140,숭인시장,227,119,108,12,34,26,35,50,70,4,17,10,20,34,34,8,17,16,15,16,36,140,0,140
20223,R,전통시장,3130141,강북북부골목시장,1076,537,539,124,182,157,201,148,264,68,84,87,108,80,110,56,98,70,93,68,154,526,0,526
20223,R,전통시장,3130143,방천골목시장,592,294,298,40,109,78,77,102,186,26,51,43,41,50,83,14,58,35,36,52,103,389,0,389
20223,R,전통시장,3130144,백운시장,453,219,234,46,65,56,69,66,151,25,26,30,32,35,71,21,39,26,37,31,80,210,0,210
20223,R,전통시장,3130145,쌍문역둘리상점가,933,450,483,95,199,174,125,134,206,51,89,91,63,60,96,44,110,83,62,74,110,473,0,473
20223,R,전통시장,3130146,쌍문시장(쌍문역골목시장),3436,1690,1746,256,626,475,519,581,979,123,302,249,275,285,456,133,324,226,244,296,523,1953,0,1953
20223,R,전통시장,3130147,쌍문역동측상점가,825,395,430,73,129,131,113,118,261,36,59,67,55,62,116,37,70,64,58,56,145,473,0,473
20223,R,전통시장,3130148,방학동도깨비시장,1109,569,540,116,156,111,143,215,368,64,93,69,72,107,164,52,63,42,71,108,204,528,0,528
20223,R,전통시장,3130149,창동신창시장,2299,1126,1173,286,339,298,344,446,586,142,176,143,191,210,264,144,163,155,153,236,322,987,0,987
20223,R,전통시장,3130150,창동골목시장,1210,591,619,128,138,138,177,214,415,69,70,73,89,106,184,59,68,65,88,108,231,632,0,632
20223,R,전통시장,3130151,신도봉시장,162,79,83,7,24,18,22,30,61,2,11,12,11,17,26,5,13,6,11,13,35,80,0,80
20223,R,전통시장,3130152,오!도봉거리 상점가,734,404,330,68,84,98,108,127,249,36,42,54,68,72,132,32,42,44,40,55,117,411,0,411
20223,R,전통시장,3130153,창동역상점가,174,141,33,5,28,22,30,45,44,2,14,20,26,41,38,3,14,2,4,4,6,159,0,159
20223,R,전통시장,3130154,상계주공1단지(가)상가,68,34,34,8,12,7,6,15,20,5,7,2,4,6,10,3,5,5,2,9,10,24,0,24
20223,R,전통시장,3130155,시영B상가(중계 그린아파트 B 상가),1,1,0,0,0,0,0,1,0,0,0,0,0,1,0,0,0,0,0,0,0,1,0,1
20223,R,전통시장,3130156,시영2단지 무지개종합상가(중계 무지개2단지아파트상가),413,181,232,56,52,89,69,48,99,29,28,39,31,19,35,27,24,50,38,29,64,209,0,209
20223,R,전통시장,3130157,상계중앙시장,1751,893,858,160,240,181,265,340,565,92,118,111,147,171,254,68,122,70,118,169,311,945,0,945
20223,R,전통시장,3130158,상계역전종합상가,1007,420,587,127,135,161,168,146,270,57,60,76,76,62,89,70,75,85,92,84,181,469,0,469
20223,R,전통시장,3130159,공릉동 도깨비시장,1767,893,874,182,342,294,211,274,464,86,165,154,120,135,233,96,177,140,91,139,231,916,0,916
20223,R,전통시장,3130160,수일시장,97,46,51,4,8,9,6,13,57,2,3,8,3,6,24,2,5,1,3,7,33,61,0,61
20223,R,전통시장,3130161,증산종합시장,148,59,89,21,18,19,21,21,48,12,4,8,11,7,17,9,14,11,10,14,31,71,0,71
20223,R,전통시장,3130162,증산골목시장,140,84,56,10,11,12,19,31,57,6,7,10,10,23,28,4,4,2,9,8,29,96,0,96
20223,R,전통시장,3130163,응암오거리상점가,1526,724,802,131,256,237,225,251,426,63,117,113,110,125,196,68,139,124,115,126,230,846,0,846
20223,R,전통시장,3130164,역촌중앙시장,84,39,45,1,14,11,14,16,28,0,6,5,9,8,11,1,8,6,5,8,17,56,0,56
20223,R,전통시장,3130165,"대림골목시장(대림시장, 양지시장)",489,243,246,58,54,50,65,96,166,30,32,30,34,53,64,28,22,20,31,43,102,257,0,257
20223,R,전통시장,3130166,응암시장(신응암시장),201,99,102,35,21,25,35,27,58,16,12,13,17,15,26,19,9,12,18,12,32,81,0,81
20223,R,전통시장,3130167,연신내상점가(연빛거리),1504,739,765,125,326,242,202,227,382,57,152,112,110,124,184,68,174,130,92,103,198,923,0,923
20223,R,전통시장,3130168,연서시장,306,158,148,22,30,28,31,64,131,12,11,15,15,35,70,10,19,13,16,29,61,167,0,167
20223,R,전통시장,3130169,대조시장,1849,850,999,124,314,298,281,243,589,56,144,154,139,121,236,68,170,144,142,122,353,1100,0,1100
20223,R,전통시장,3130170,제일시장,83,41,42,6,9,18,15,12,23,3,4,8,8,6,12,3,5,10,7,6,11,45,0,45
20223,R,전통시장,3130171,불광먹자골목 골목형상점가,1194,527,667,66,310,267,162,153,236,28,130,124,80,71,94,38,180,143,82,82,142,809,0,809
20223,R,전통시장,3130172,모래내시장(서중시장),81,54,27,1,2,9,11,18,40,1,1,8,8,14,22,0,1,1,3,4,18,59,0,59
20223,R,전통시장,3130173,백련시장,137,60,77,6,16,20,16,24,55,3,7,9,7,10,24,3,9,11,9,14,31,71,0,71
20223,R,전통시장,3130175,신촌 상인회(신촌상점가),3,1,2,0,3,0,0,0,0,0,1,0,0,0,0,0,2,0,0,0,0,3,0,3
20223,R,전통시장,3130176,유진상가,286,132,154,28,41,32,28,53,104,12,18,20,14,21,47,16,23,12,14,32,57,107,0,107
20223,R,전통시장,3130177,인왕시장(홍제골목형상점가),262,126,136,18,33,25,33,61,92,11,14,13,17,34,37,7,19,12,16,27,55,152,0,152
20223,R,전통시장,3130178,이대 앞 스타트업 상점가,48,15,33,2,18,5,7,4,12,1,2,3,2,2,5,1,16,2,5,2,7,35,0,35
20223,R,전통시장,3130179,"이화여대 3,5,7길 상점가",1402,317,1085,48,958,181,61,72,82,14,165,53,23,32,30,34,793,128,38,40,52,1238,0,1238
20223,R,전통시장,3130180,포방터시장,593,295,298,62,69,78,70,100,214,33,35,45,34,53,95,29,34,33,36,47,119,310,0,310
20223,R,전통시장,3130181,아현가구거리상점가,647,357,290,36,97,82,86,146,200,23,54,52,50,86,92,13,43,30,36,60,108,399,0,399
20223,R,전통시장,3130182,영천시장,446,233,213,28,64,53,56,80,165,16,34,33,38,46,66,12,30,20,18,34,99,294,0,294
20223,R,전통시장,3130183,상암동상점가,2863,1430,1433,294,611,569,416,361,612,146,287,304,219,200,274,148,324,265,197,161,338,1679,0,1679
20223,R,전통시장,3130185,망원월드컵시장,874,381,493,114,170,137,132,116,205,55,60,68,63,57,78,59,110,69,69,59,127,452,0,452
20223,R,전통시장,3130186,망원시장,1943,900,1043,191,282,329,315,288,538,99,133,158,146,140,224,92,149,171,169,148,314,1068,0,1068
20223,R,전통시장,3130187,영진시장,271,119,152,34,37,52,40,42,66,18,14,18,22,22,25,16,23,34,18,20,41,134,0,134
20223,R,전통시장,3130188,합정시장,71,30,41,3,17,18,9,6,18,1,8,8,5,2,6,2,9,10,4,4,12,37,0,37
20223,R,전통시장,3130189,서교시장,23,15,8,1,3,9,1,1,8,1,3,5,1,1,4,0,0,4,0,0,4,21,0,21
20223,R,전통시장,3130190,홍대소상공인상점가,339,183,156,15,137,58,41,30,58,9,75,35,24,17,23,6,62,23,17,13,35,258,0,258
20223,R,전통시장,3130191,홍대 걷고싶은 거리,497,240,257,30,127,104,51,53,132,13,57,59,29,26,56,17,70,45,22,27,76,328,0,328
20223,R,전통시장,3130192,동진시장,35,18,17,2,9,7,3,3,11,1,6,2,2,2,5,1,3,5,1,1,6,18,0,18
20223,R,전통시장,3130193,신수시장,64,27,37,5,8,17,8,7,19,2,4,6,4,5,6,3,4,11,4,2,13,40,0,40
20223,R,전통시장,3130194,용강동 상점가,756,389,367,144,91,112,171,102,136,67,53,58,89,55,67,77,38,54,82,47,69,358,0,358
20223,R,전통시장,3130195,도화동 상점가,2517,1170,1347,231,442,469,349,375,651,128,186,220,179,187,270,103,256,249,170,188,381,1475,0,1475
20223,R,전통시장,3130196,공덕시장,12,7,5,0,1,3,1,2,5,0,1,1,1,1,3,0,0,2,0,1,2,5,0,5
20223,R,전통시장,3130197,마포시장,61,52,9,0,1,5,4,27,24,0,0,5,4,24,19,0,1,0,0,3,5,59,0,59
20223,R,전통시장,3130198,아현시장,675,320,355,58,111,85,99,88,234,35,49,47,55,43,91,23,62,38,44,45,143,404,0,404
20223,R,전통시장,3130199,신월3동 골목시장,828,466,362,73,78,72,108,181,316,36,40,45,65,112,168,37,38,27,43,69,148,497,0,497
20223,R,전통시장,3130200,"신월7동 골목시장(약수시장, 우성상가)",264,130,134,32,39,24,40,50,79,14,18,12,25,25,36,18,21,12,15,25,43,110,0,110
20223,R,전통시장,3130201,월정로시장,1426,754,672,141,166,179,202,275,463,79,89,98,110,148,230,62,77,81,92,127,233,756,0,756
20223,R,전통시장,3130202,신영시장,1178,576,602,147,155,121,197,204,354,64,85,69,92,110,156,83,70,52,105,94,198,582,0,582
20223,R,전통시장,3130203,서서울 골목형상점가,565,277,288,47,53,70,82,117,196,25,28,40,40,60,84,22,25,30,42,57,112,345,0,345
20223,R,전통시장,3130204,경창시장,815,396,419,141,80,104,138,129,223,68,43,52,70,67,96,73,37,52,68,62,127,322,0,322
20223,R,전통시장,3130205,신곡종합시장(신월6동 골목시장),129,72,57,11,14,9,22,23,50,8,8,8,10,15,23,3,6,1,12,8,27,72,0,72
20223,R,전통시장,3130206,신정3동 골목시장,47,27,20,3,3,8,4,12,17,3,1,4,2,7,10,0,2,4,2,5,7,30,0,30
20223,R,전통시장,3130207,신정1동 골목시장(신정제일시장),191,95,96,27,15,32,20,27,70,12,6,16,11,15,35,15,9,16,9,12,35,106,0,106
20223,R,전통시장,3130208,목동깨비시장(목3동시장),1237,608,629,147,197,259,185,169,280,75,87,130,98,85,133,72,110,129,87,84,147,643,0,643
20223,R,전통시장,3130209,목사랑시장(목4동시장),1630,815,815,254,265,170,240,303,398,150,146,85,110,137,187,104,119,85,130,166,211,645,0,645
20223,R,전통시장,3130210,목2동시장,1293,593,700,80,247,273,141,182,370,34,85,138,67,103,166,46,162,135,74,79,204,841,0,841
20223,R,전통시장,3130211,신정2동 골목시장(오목교중앙시장),786,397,389,86,104,89,123,151,233,46,63,53,65,73,97,40,41,36,58,78,136,369,0,369
20223,R,전통시장,3130212,공항시장,375,188,187,10,117,109,33,37,69,7,36,68,19,22,36,3,81,41,14,15,33,307,0,307
20223,R,전통시장,3130213,방신전통시장,455,225,230,62,62,57,62,75,137,34,32,30,35,33,61,28,30,27,27,42,76,194,0,194
20223,R,전통시장,3130214,송화벽화시장(송화골목시장),657,320,337,108,111,111,108,102,117,50,52,61,47,53,57,58,59,50,61,49,60,320,0,320
20223,R,전통시장,3130216,화곡중앙시장,969,471,498,130,129,188,148,146,228,55,58,102,73,69,114,75,71,86,75,77,114,455,0,455
20223,R,전통시장,3130217,화곡본동시장,340,151,189,36,58,60,53,39,94,16,23,28,28,17,39,20,35,32,25,22,55,179,0,179
20223,R,전통시장,3130218,신월중앙시장,76,43,33,9,14,13,16,10,14,5,7,10,8,7,6,4,7,3,8,3,8,45,0,45
20223,R,전통시장,3130219,까치산시장,963,447,516,95,150,167,156,134,261,46,62,81,79,64,115,49,88,86,77,70,146,512,0,512
20223,R,전통시장,3130220,등마루시장,590,223,367,16,33,22,20,46,453,10,12,11,7,20,163,6,21,11,13,26,290,393,0,393
20223,R,전통시장,3130221,"남부골목시장(남부화곡시장, 남부시장)",2003,957,1046,210,254,286,300,331,622,112,138,139,150,158,260,98,116,147,150,173,362,951,0,951
20223,R,전통시장,3130222,오류시장,167,85,82,9,24,13,22,34,65,5,11,7,16,22,24,4,13,6,6,12,41,109,0,109
20223,R,전통시장,3130223,고척근린시장,559,272,287,50,83,57,80,95,194,24,36,32,46,43,91,26,47,25,34,52,103,313,0,313
20223,R,전통시장,3130224,개봉프라자(고척근린시장),145,70,75,24,8,25,23,19,46,12,5,14,12,9,18,12,3,11,11,10,28,61,0,61
20223,R,전통시장,3130225,개봉중앙시장,3033,1478,1555,300,462,403,443,540,885,166,235,215,236,249,377,134,227,188,207,291,508,1332,0,1332
20223,R,전통시장,3130226,고척프라자,26,13,13,0,2,2,2,5,15,0,1,2,1,1,8,0,1,0,1,4,7,19,0,19
20223,R,전통시장,3130227,고척골목시장상점가(그라운드 고척),271,135,136,13,43,32,30,44,109,4,28,19,15,26,43,9,15,13,15,18,66,160,0,160
20223,R,전통시장,3130228,구로시장,233,121,112,17,25,12,27,56,96,7,14,5,15,34,46,10,11,7,12,22,50,135,0,135
20223,R,전통시장,3130229,남구로시장,636,375,261,60,37,72,92,145,230,29,19,47,56,102,122,31,18,25,36,43,108,402,0,402
20223,R,전통시장,3130230,가리봉시장,152,80,72,10,20,16,13,34,59,5,10,10,2,23,30,5,10,6,11,11,29,103,0,103
20223,R,전통시장,3130231,독산동 우시장,1549,806,743,204,301,540,191,164,149,107,123,307,110,85,74,97,178,233,81,79,75,881,0,881
20223,R,전통시장,3130232,독산동 맛나는거리상점가(독산동 맛나는거리),818,428,390,68,120,105,95,160,270,36,62,57,49,91,133,32,58,48,46,69,137,470,0,470
20223,R,전통시장,3130233,남문시장,1479,736,743,147,190,139,191,339,473,82,92,72,91,167,232,65,98,67,100,172,241,781,0,781
20223,R,전통시장,3130234,푸른터시장(기능상실),228,117,111,22,30,52,32,43,49,14,13,27,16,25,22,8,17,25,16,18,27,127,0,127
20223,R,전통시장,3130235,대명여울빛거리시장(대명시장),1058,544,514,23,144,167,156,174,394,13,69,93,87,94,188,10,75,74,69,80,206,843,0,843
20223,R,전통시장,3130236,비단길현대시장(현대시장),2057,1005,1052,167,304,218,257,393,718,78,159,119,138,192,319,89,145,99,119,201,399,1174,0,1174
20223,R,전통시장,3130237,박미시장(기능상실),282,144,138,15,28,30,52,49,108,10,18,11,26,27,52,5,10,19,26,22,56,174,0,174
20223,R,전통시장,3130238,은행나무시장,1183,579,604,130,174,160,188,189,342,57,85,88,100,105,144,73,89,72,88,84,198,592,0,592
20223,R,전통시장,3130240,영등포유통상가,50,40,10,0,1,5,8,13,23,0,1,4,6,12,17,0,0,1,2,1,6,47,0,47
20223,R,전통시장,3130241,선유도역 골목형상점가,1456,749,707,163,209,322,216,212,334,91,100,169,119,116,154,72,109,153,97,96,180,777,0,777
20223,R,전통시장,3130242,대림중앙 골목형상점가,432,202,230,30,46,36,53,90,177,15,24,16,26,43,78,15,22,20,27,47,99,228,0,228
20223,R,전통시장,3130243,도림시장,74,36,38,7,18,23,5,6,15,4,8,13,3,3,5,3,10,10,2,3,10,52,0,52
20223,R,전통시장,3130244,대림중앙시장,982,475,507,82,110,94,131,186,379,46,64,51,70,85,159,36,46,43,61,101,220,533,0,533
20223,R,전통시장,3130245,영일시장,178,121,57,2,10,17,20,45,84,1,4,15,14,38,49,1,6,2,6,7,35,138,0,138
20223,R,전통시장,3130246,영등포청과시장(조광시장),1705,934,771,83,333,407,199,252,431,41,161,241,119,156,216,42,172,166,80,96,215,1118,0,1118
20223,R,전통시장,3130247,우리시장,368,189,179,38,51,42,49,62,126,22,30,25,22,30,60,16,21,17,27,32,66,182,0,182
20223,R,전통시장,3130248,영등포역지하도상점가,46,28,18,4,3,6,5,9,19,2,3,4,0,8,11,2,0,2,5,1,8,33,0,33
20223,R,전통시장,3130249,동남상가,150,73,77,15,9,11,26,28,61,10,4,8,14,14,23,5,5,3,12,14,38,69,0,69
20223,R,전통시장,3130250,삼구시장(로타리상가),8,6,2,0,0,0,0,2,6,0,0,0,0,1,5,0,0,0,0,1,1,7,0,7
20223,R,전통시장,3130253,영신상가(제일상가),45,39,6,0,3,1,4,10,27,0,1,1,4,9,24,0,2,0,0,1,3,42,0,42
20223,R,전통시장,3130254,남서울상가,2,2,0,0,0,0,0,0,2,0,0,0,0,0,2,0,0,0,0,0,0,2,0,2
20223,R,전통시장,3130255,영등포전통시장,1053,661,392,41,135,142,115,207,413,27,73,97,78,157,229,14,62,45,37,50,184,757,0,757
20223,R,전통시장,3130256,신동시장,44,20,24,4,2,3,7,11,17,3,2,2,1,6,6,1,0,1,6,5,11,25,0,25
20223,R,전통시장,3130257,영등포시장기계공구상가,591,339,252,26,189,148,58,69,101,8,87,90,43,49,62,18,102,58,15,20,39,473,0,473
20223,R,전통시장,3130258,영진시장A동,101,47,54,11,16,10,11,24,29,4,9,4,5,10,15,7,7,6,6,14,14,47,0,47
20223,R,전통시장,3130259,대신시장,213,98,115,23,25,22,30,37,76,10,13,9,12,20,34,13,12,13,18,17,42,82,0,82
20223,R,전통시장,3130260,신대방1동골목상권,505,245,260,44,74,54,69,83,181,25,30,28,32,39,91,19,44,26,37,44,90,303,0,303
20223,R,전통시장,3130261,성대전통시장(성대시장),1954,903,1051,165,343,328,283,297,538,75,137,160,138,153,240,90,206,168,145,144,298,1222,0,1222
20223,R,전통시장,3130262,상도도깨비 골목형상점가,888,440,448,83,130,146,139,138,252,51,62,82,71,69,105,32,68,64,68,69,147,488,0,488
20223,R,전통시장,3130263,신노량진시장(기능상실),228,118,110,15,31,29,33,39,81,7,15,21,19,20,36,8,16,8,14,19,45,132,0,132
20223,R,전통시장,3130264,상도약수골목형상점가,522,244,278,60,106,99,69,82,106,29,48,45,36,38,48,31,58,54,33,44,58,260,0,260
20223,R,전통시장,3130265,노량진중앙시장,115,60,55,3,47,32,7,6,20,1,25,20,1,4,9,2,22,12,6,2,11,97,0,97
20223,R,전통시장,3130266,만양로상점가,66,44,22,3,18,19,8,7,11,1,11,14,8,6,4,2,7,5,0,1,7,53,0,53
20223,R,전통시장,3130267,본동인정시장(기능상실),280,157,123,9,43,41,40,55,92,3,30,23,30,30,41,6,13,18,10,25,51,184,0,184
20223,R,전통시장,3130268,상도전통시장,1587,765,822,119,342,214,205,222,485,65,172,120,98,116,194,54,170,94,107,106,291,975,0,975
20223,R,전통시장,3130269,강남시장(동작구 강남시장),97,42,55,7,14,16,8,18,34,5,3,8,5,6,15,2,11,8,3,12,19,57,0,57
20223,R,전통시장,3130270,흑석시장,50,22,28,5,6,7,7,6,19,3,2,5,6,2,4,2,4,2,1,4,15,32,0,32
20223,R,전통시장,3130271,남성역골목시장,550,241,309,33,114,83,73,66,181,15,43,45,34,30,74,18,71,38,39,36,107,325,0,325
20223,R,전통시장,3130272,사당시장,10,7,3,0,2,1,1,3,3,0,2,1,1,1,2,0,0,0,0,2,1,5,0,5
20223,R,전통시장,3130273,남성사계시장(남성시장),721,365,356,36,138,118,113,100,216,27,62,58,64,55,99,9,76,60,49,45,117,463,0,463
20223,R,전통시장,3130274,사당1동먹자골목상점가(사당1동먹자골목),774,374,400,32,213,160,82,96,191,12,92,84,47,50,89,20,121,76,35,46,102,544,0,544
20223,R,전통시장,3130275,강남골목시장,387,188,199,30,84,72,42,57,102,9,41,38,23,30,47,21,43,34,19,27,55,247,0,247
20223,R,전통시장,3130276,신림중앙시장(조원동 펭귄시장),66,42,24,5,22,13,7,9,10,2,10,11,5,8,6,3,12,2,2,1,4,56,0,56
20223,R,전통시장,3130277,조원동 펭귄시장(신림중앙시장),1363,701,662,123,325,264,178,176,297,60,159,156,103,90,133,63,166,108,75,86,164,832,0,832
20223,R,전통시장,3130278,미성동 도깨비시장 골목형상점가,777,361,416,63,117,79,104,135,279,34,53,37,58,61,118,29,64,42,46,74,161,407,0,407
20223,R,전통시장,3130279,관악신사시장,2181,1078,1103,158,486,347,292,349,549,88,219,194,153,177,247,70,267,153,139,172,302,1355,0,1355
20223,R,전통시장,3130280,신림종합시장,250,138,112,13,86,54,25,29,43,9,47,36,16,11,19,4,39,18,9,18,24,191,0,191
20223,R,전통시장,3130281,우림시장,83,37,46,15,4,18,15,9,22,4,3,8,8,5,9,11,1,10,7,4,13,35,0,35
20223,R,전통시장,3130282,난곡 골목형상점가,336,165,171,42,41,64,35,44,110,19,23,35,21,22,45,23,18,29,14,22,65,166,0,166
20223,R,전통시장,3130283,신원시장,439,254,185,18,109,75,39,80,118,12,53,51,27,49,62,6,56,24,12,31,56,300,0,300
20223,R,전통시장,3130284,관악종합시장(신원시장),13,10,3,0,1,3,2,3,4,0,1,2,2,2,3,0,0,1,0,1,1,11,0,11
20223,R,전통시장,3130285,서원동상점가,865,400,465,16,418,242,71,64,54,9,158,132,40,30,31,7,260,110,31,34,23,751,0,751
20223,R,전통시장,3130286,신신림시장(삼성동시장),30,15,15,0,2,1,2,9,16,0,1,0,2,7,5,0,1,1,0,2,11,21,0,21
20223,R,전통시장,3130287,삼성동 시장(삼성동시장),162,101,61,8,18,18,17,21,80,5,14,13,11,11,47,3,4,5,6,10,33,117,0,117
20223,R,전통시장,3130288,신림현대종합상가,19,7,12,2,3,4,1,4,5,0,1,1,0,2,3,2,2,3,1,2,2,10,0,10
20223,R,전통시장,3130290,영림시장,2084,929,1155,122,670,307,198,248,539,58,247,162,102,137,223,64,423,145,96,111,316,1468,0,1468
20223,R,전통시장,3130291,봉천제일종합시장,168,83,85,1,65,20,11,34,37,0,21,14,4,23,21,1,44,6,7,11,16,151,0,151
20223,R,전통시장,3130292,봉천현대시장,11,4,7,0,4,0,1,3,3,0,2,0,0,2,0,0,2,0,1,1,3,5,0,5
20223,R,전통시장,3130293,봉천중앙시장,421,212,209,14,186,121,30,38,32,6,83,68,16,22,17,8,103,53,14,16,15,322,0,322
20223,R,전통시장,3130294,관악중부시장,588,280,308,32,155,132,78,48,143,14,65,72,41,25,63,18,90,60,37,23,80,409,0,409
20223,R,전통시장,3130295,인헌시장(원당종합시장),1385,693,692,76,308,292,172,178,359,41,149,145,83,112,163,35,159,147,89,66,196,951,0,951
20223,R,전통시장,3130296,남부종합시장,197,93,104,42,20,26,39,26,44,20,12,11,16,14,20,22,8,15,23,12,24,79,0,79
20223,R,전통시장,3130301,양재시장,201,100,101,11,49,55,22,29,35,6,25,30,9,15,15,5,24,25,13,14,20,132,0,132
20223,R,전통시장,3130302,강남시장(강남구 강남시장),272,117,155,37,24,54,52,28,77,19,11,22,23,12,30,18,13,32,29,16,47,109,0,109
20223,R,전통시장,3130303,영동전통시장,1142,546,596,78,215,277,196,161,215,35,99,131,95,88,98,43,116,146,101,73,117,728,0,728
20223,R,전통시장,3130305,논현종합시장,84,38,46,7,7,13,20,6,31,3,2,4,11,4,14,4,5,9,9,2,17,47,0,47
20223,R,전통시장,3130306,강남언주로,408,199,209,19,91,110,69,49,70,6,44,60,38,23,28,13,47,50,31,26,42,274,0,274
20223,R,전통시장,3130307,도곡시장,35,20,15,8,1,4,7,7,8,6,0,2,4,3,5,2,1,2,3,4,3,12,0,12
20223,R,전통시장,3130308,청담삼익시장,6,3,3,0,0,2,1,0,3,0,0,1,0,0,2,0,0,1,1,0,1,4,0,4
20223,R,전통시장,3130309,은마종합상점가,574,289,285,136,90,44,93,135,76,64,54,20,38,72,41,72,36,24,55,63,35,171,0,171
20223,R,전통시장,3130310,강남개포시장,112,63,49,16,15,22,22,16,21,8,6,12,14,9,14,8,9,10,8,7,7,83,0,83
20223,R,전통시장,3130311,새마을시장,2340,1157,1183,182,379,515,320,329,615,87,175,272,178,161,284,95,204,243,142,168,331,1367,0,1367
20223,R,전통시장,3130312,석촌시장,913,446,467,92,130,174,129,150,238,40,61,81,69,80,115,52,69,93,60,70,123,524,0,524
20223,R,전통시장,3130313,방이시장,5350,2547,2803,608,943,1116,758,762,1163,318,429,567,368,346,519,290,514,549,390,416,644,2702,0,2702
20223,R,전통시장,3130314,풍납시장,3970,1962,2008,346,473,483,585,721,1362,178,252,261,293,378,600,168,221,222,292,343,762,2071,0,2071
20223,R,전통시장,3130315,문정동 로데오거리 상점가(문정동 로데오거리),1222,617,605,121,197,180,209,213,302,64,87,104,101,113,148,57,110,76,108,100,154,687,0,687
20223,R,전통시장,3130316,마천시장,97,50,47,7,11,14,11,17,37,4,5,9,8,7,17,3,6,5,3,10,20,58,0,58
20223,R,전통시장,3130317,마천중앙시장,1061,566,495,139,86,132,152,189,363,56,49,82,86,115,178,83,37,50,66,74,185,536,0,536
20223,R,전통시장,3130318,로데오거리상점가,773,343,430,11,242,255,116,92,57,4,73,116,55,63,32,7,169,139,61,29,25,670,0,670
20223,R,전통시장,3130319,성내전통시장,1314,673,641,130,169,197,218,215,385,57,83,106,116,124,187,73,86,91,102,91,198,715,0,715
20223,R,전통시장,3130320,암사종합시장,989,508,481,85,168,197,157,144,238,38,82,105,94,74,115,47,86,92,63,70,123,556,0,556
20223,R,전통시장,3130321,장신구 특화거리 상점가,1443,722,721,239,225,312,234,195,238,116,126,154,120,88,118,123,99,158,114,107,120,664,0,664
20223,R,전통시장,3130322,고분다리전통시장,771,400,371,58,106,85,110,135,277,29,56,48,62,74,131,29,50,37,48,61,146,437,0,437
20223,R,전통시장,3130323,둔촌역전통시장,1515,782,733,152,213,221,231,273,425,93,123,122,122,134,188,59,90,99,109,139,237,718,0,718
20223,R,전통시장,3130324,길동복조리시장,1129,555,574,118,158,129,170,175,379,66,77,73,94,79,166,52,81,56,76,96,213,489,0,489
20223,R,전통시장,3130325,명일전통시장,1895,942,953,341,243,255,312,288,456,170,124,137,142,161,208,171,119,118,170,127,248,697,0,697
20223,R,전통시장,3130326,고덕 골목형상점가,1281,639,642,255,155,407,224,117,123,145,73,204,108,60,49,110,82,203,116,57,74,579,0,579
20223,R,전통시장,3130327,"평화시장(남평화시장, 제일평화시장, 신평화패션타운)",3,0,3,0,1,1,1,0,0,0,0,0,0,0,0,0,1,1,1,0,0,3,0,3
20223,U,관광특구,3001491,이태원 관광특구,5083,2410,2673,326,721,912,761,790,1573,173,346,497,384,376,634,153,375,415,377,414,939,3300,0,3300
20223,U,관광특구,3001492,명동 남대문 북창동 다동 무교동 관광특구,1089,403,686,17,50,107,175,233,507,7,25,56,66,90,159,10,25,51,109,143,348,494,0,494
20223,U,관광특구,3001493,동대문패션타운 관광특구,2636,1264,1372,188,611,611,360,380,486,87,250,290,185,197,255,101,361,321,175,183,231,1704,0,1704
20223,U,관광특구,3001494,종로?청계 관광특구,1795,1196,599,37,199,203,202,394,760,21,121,142,143,285,484,16,78,61,59,109,276,1475,0,1475
20223,U,관광특구,3001495,잠실 관광특구,9817,4317,5500,825,2296,2634,1332,1101,1629,429,830,1144,580,542,792,396,1466,1490,752,559,837,6271,0,6271
20223,U,관광특구,3001496,강남 마이스 관광특구,29,16,13,2,4,2,4,9,8,0,2,1,2,5,6,2,2,1,2,4,2,18,0,18
20224,A,골목상권,3110001,이북5도청사,1011,475,536,116,130,122,119,171,353,66,59,70,53,73,154,50,71,52,66,98,199,401,0,401
20224,A,골목상권,3110002,독립문역 1번,663,326,337,52,60,53,79,111,308,30,31,23,44,58,140,22,29,30,35,53,168,343,0,343
20224,A,골목상권,3110003,세검정초등학교,2926,1417,1509,331,413,381,381,533,887,165,206,210,180,237,419,166,207,171,201,296,468,1270,0,1270
20224,A,골목상권,3110004,대신고등학교,529,259,270,51,55,57,78,94,194,28,32,28,39,49,83,23,23,29,39,45,111,244,0,244
20224,A,골목상권,3110005,세검정,2153,1046,1107,243,308,267,285,410,640,133,171,138,124,181,299,110,137,129,161,229,341,878,0,878
20224,A,골목상권,3110006,부암동주민센터,671,329,342,46,68,70,66,127,294,27,40,37,28,65,132,19,28,33,38,62,162,384,0,384
20224,A,골목상권,3110007,사직공원(한국사회과학도서관),2073,950,1123,256,225,309,330,332,621,123,112,136,168,142,269,133,113,173,162,190,352,885,0,885
20224,A,골목상권,3110008,배화여자대학교(박노수미술관),5038,2280,2758,621,598,669,863,875,1412,308,266,314,382,417,593,313,332,355,481,458,819,2045,0,2045
20224,A,골목상권,3110009,자하문터널,1622,787,835,159,207,221,257,302,476,95,114,117,114,129,218,64,93,104,143,173,258,713,0,713
20224,A,골목상권,3110010,평창동서측,3015,1401,1614,295,368,395,409,517,1031,158,190,193,188,223,449,137,178,202,221,294,582,1417,0,1417
20224,A,골목상권,3110011,청운초등학교,432,204,228,59,67,44,71,83,108,33,41,17,30,36,47,26,26,27,41,47,61,164,0,164
20224,A,골목상권,3110012,성곡미술관,1916,878,1038,262,212,252,312,358,520,138,94,123,131,159,233,124,118,129,181,199,287,847,0,847
20224,A,골목상권,3110013,체부동홍종문가옥,292,137,155,25,30,53,54,46,84,16,15,19,29,19,39,9,15,34,25,27,45,198,0,198
20224,A,골목상권,3110014,경복고등학교,916,447,469,87,122,82,125,165,335,48,76,38,54,79,152,39,46,44,71,86,183,464,0,464
20224,A,골목상권,3110015,청와대사랑채,672,309,363,89,83,94,112,120,174,48,40,38,50,51,82,41,43,56,62,69,92,254,0,254
20224,A,골목상권,3110016,평창동동측,1988,982,1006,217,199,253,247,295,777,118,112,142,125,131,354,99,87,111,122,164,423,901,0,901
20224,A,골목상권,3110017,정독도서관,700,341,359,99,73,76,111,126,215,59,42,35,50,61,94,40,31,41,61,65,121,321,0,321
20224,A,골목상권,3110018,중앙고등학교,2897,1357,1540,278,340,383,489,520,887,131,164,185,222,258,397,147,176,198,267,262,490,1295,0,1295
20224,A,골목상권,3110019,창덕궁,271,150,121,11,16,30,37,45,132,4,8,18,22,30,68,7,8,12,15,15,64,159,0,159
20224,A,골목상권,3110020,서울국제고등학교,4097,2131,1966,312,589,953,537,556,1150,149,289,615,282,285,511,163,300,338,255,271,639,2299,0,2299
20224,A,골목상권,3110021,성균관대학교,1851,925,926,129,316,522,230,207,447,70,121,298,117,103,216,59,195,224,113,104,231,1229,0,1229
20224,A,골목상권,3110022,경신고등학교,1513,742,771,187,235,281,254,224,332,96,118,158,121,107,142,91,117,123,133,117,190,784,0,784
20224,A,골목상권,3110023,서울대병원,681,301,380,47,60,233,106,76,159,24,31,96,49,35,66,23,29,137,57,41,93,365,0,365
20224,A,골목상권,3110024,혜회동주민센터,980,436,544,100,170,194,138,144,234,53,78,86,53,63,103,47,92,108,85,81,131,800,0,800
20224,A,골목상권,3110025,충신시장옆,523,280,243,32,51,96,78,86,180,18,31,53,45,46,87,14,20,43,33,40,93,264,0,264
20224,A,골목상권,3110026,종로5가역 4번,130,61,69,7,13,16,13,24,57,0,8,4,7,11,31,7,5,12,6,13,26,62,0,62
20224,A,골목상권,3110027,혜화역 1번,2999,1400,1599,262,347,594,470,455,871,116,159,298,237,223,367,146,188,296,233,232,504,1450,0,1450
20224,A,골목상권,3110028,이화달팽이길,4475,2311,2164,254,679,787,518,817,1420,120,386,412,293,414,686,134,293,375,225,403,734,2181,0,2181
20224,A,골목상권,3110029,동대문역 1번,6133,3169,2964,458,788,794,763,1261,2069,253,414,422,430,663,987,205,374,372,333,598,1082,2569,0,2569
20224,A,골목상권,3110030,동대문역 3번,239,122,117,14,21,40,25,52,87,7,12,26,10,27,40,7,9,14,15,25,47,116,0,116
20224,A,골목상권,3110031,창신역 1번,350,180,170,26,41,56,38,65,124,14,21,35,19,28,63,12,20,21,19,37,61,266,0,266
20224,A,골목상권,3110032,수족관거리,32,15,17,1,2,4,5,8,12,0,0,2,4,5,4,1,2,2,1,3,8,16,0,16
20224,A,골목상권,3110033,창신역 4번,2222,1111,1111,182,228,304,323,411,774,98,119,159,173,210,352,84,109,145,150,201,422,1077,0,1077
20224,A,골목상권,3110034,창신1동주민센터,330,192,138,1,2,6,27,60,234,0,1,2,15,35,139,1,1,4,12,25,95,308,0,308
20224,A,골목상권,3110035,동묘앞역 2번,3851,1990,1861,241,391,543,511,758,1407,138,189,284,283,403,693,103,202,259,228,355,714,2014,0,2014
20224,A,골목상권,3110036,동묘앞역 3번,162,102,60,3,10,38,22,28,61,1,4,26,16,16,39,2,6,12,6,12,22,342,0,342
20224,A,골목상권,3110037,신설동역 12번,1645,801,844,128,159,233,243,281,601,67,78,117,129,139,271,61,81,116,114,142,330,807,0,807
20224,A,골목상권,3110038,경향신문사,15,12,3,2,0,3,2,2,6,2,0,3,2,2,3,0,0,0,0,0,3,7,0,7
20224,A,골목상권,3110039,회현역 1번,92,53,39,8,10,5,13,16,40,7,2,4,11,10,19,1,8,1,2,6,21,51,0,51
20224,A,골목상권,3110040,중구회현체육센터(정화예술대남산캠퍼스),1084,503,581,73,92,141,163,157,458,32,48,73,86,77,187,41,44,68,77,80,271,482,0,482
20224,A,골목상권,3110041,남산케이블카,765,386,379,81,61,132,126,125,240,40,33,79,66,65,103,41,28,53,60,60,137,439,0,439
20224,A,골목상권,3110042,남산골공원옆,934,456,478,81,73,175,140,141,324,39,33,91,70,75,148,42,40,84,70,66,176,532,0,532
20224,A,골목상권,3110043,충무초등학교,2059,1095,964,161,339,622,262,241,434,83,144,394,143,125,206,78,195,228,119,116,228,1458,0,1458
20224,A,골목상권,3110044,관성묘,259,119,140,23,29,54,46,37,70,12,13,29,25,15,25,11,16,25,21,22,45,130,0,130
20224,A,골목상권,3110045,동대문역사문화공원역 5번,999,495,504,67,89,170,130,141,402,36,39,94,69,74,183,31,50,76,61,67,219,528,0,528
20224,A,골목상권,3110046,버티고개,4037,2045,1992,351,473,706,637,648,1222,196,256,398,335,318,542,155,217,308,302,330,680,1656,0,1656
20224,A,골목상권,3110047,다산성곽길,3006,1461,1545,249,336,410,421,532,1058,128,176,215,200,278,464,121,160,195,221,254,594,1360,0,1360
20224,A,골목상권,3110048,장충동주민센터,2658,1284,1374,257,291,498,419,425,768,133,146,247,205,203,350,124,145,251,214,222,418,1262,0,1262
20224,A,골목상권,3110049,장충단 고개,2063,964,1099,231,231,436,360,306,499,112,112,204,177,137,222,119,119,232,183,169,277,988,0,988
20224,A,골목상권,3110050,약수역 7번,850,391,459,62,93,150,117,137,291,32,49,59,53,74,124,30,44,91,64,63,167,396,0,396
20224,A,골목상권,3110051,한양공고앞 교차로,1236,641,595,88,117,178,159,231,463,41,59,101,95,120,225,47,58,77,64,111,238,710,0,710
20224,A,골목상권,3110052,장충초등학교,1915,948,967,172,226,305,259,353,600,82,109,157,143,181,276,90,117,148,116,172,324,876,0,876
20224,A,골목상권,3110053,청구역 1번,2726,1360,1366,207,340,481,374,516,808,98,172,270,203,257,360,109,168,211,171,259,448,1498,0,1498
20224,A,골목상권,3110054,청구역 3번,1969,946,1023,151,222,482,313,321,480,87,107,208,149,165,230,64,115,274,164,156,250,1121,0,1121
20224,A,골목상권,3110055,황학동벼룩시장,198,115,83,4,17,32,24,34,87,2,9,17,14,20,53,2,8,15,10,14,34,224,0,224
20224,A,골목상권,3110056,신당역 3번,5434,2688,2746,437,597,785,766,1067,1782,221,297,404,409,570,787,216,300,381,357,497,995,2699,0,2699
20224,A,골목상권,3110057,황학코아루아파트,1371,604,767,85,126,501,250,184,225,45,43,193,113,99,111,40,83,308,137,85,114,1288,0,1288
20224,A,골목상권,3110058,성심여자고등학교,4022,1936,2086,398,443,557,618,665,1341,193,225,271,310,344,593,205,218,286,308,321,748,1972,0,1972
20224,A,골목상권,3110059,새남터성지,1903,909,994,151,157,218,251,332,794,86,76,116,137,178,316,65,81,102,114,154,478,953,0,953
20224,A,골목상권,3110060,효창공원앞역 6번,3473,1661,1812,420,315,565,647,511,1015,195,164,262,323,264,453,225,151,303,324,247,562,1728,0,1728
20224,A,골목상권,3110061,효창동주민센터,3737,1818,1919,407,457,623,568,614,1068,212,240,307,291,290,478,195,217,316,277,324,590,1764,0,1764
20224,A,골목상권,3110062,한강로동땡땡거리(은행나무길),1344,724,620,71,105,164,182,195,627,41,63,107,110,123,280,30,42,57,72,72,347,734,0,734
20224,A,골목상권,3110063,효창공원앞역 5번,2463,1276,1187,215,233,381,373,389,872,115,133,217,213,206,392,100,100,164,160,183,480,1651,0,1651
20224,A,골목상권,3110064,효창공원앞역 2번,2816,1315,1501,347,367,478,490,453,681,181,173,215,232,215,299,166,194,263,258,238,382,1454,0,1454
20224,A,골목상권,3110065,남정초등학교,139,64,75,17,18,15,23,24,42,10,6,3,14,12,19,7,12,12,9,12,23,85,0,85
20224,A,골목상권,3110066,서울역 15번,3174,1634,1540,239,343,540,453,622,977,128,179,281,254,332,460,111,164,259,199,290,517,1541,0,1541
20224,A,골목상권,3110067,배문고등학교,8328,4236,4092,820,1058,1548,1266,1413,2223,427,555,845,682,700,1027,393,503,703,584,713,1196,3893,0,3893
20224,A,골목상권,3110068,남영역 1번,3001,1467,1534,246,290,569,516,432,948,126,136,279,265,231,430,120,154,290,251,201,518,2038,0,2038
20224,A,골목상권,3110069,숙대입구,4953,2159,2794,341,705,1105,804,635,1363,170,229,411,379,339,631,171,476,694,425,296,732,3446,0,3446
20224,A,골목상권,3110070,용산세무서,143,69,74,18,21,14,22,16,52,5,9,8,12,6,29,13,12,6,10,10,23,43,0,43
20224,A,골목상권,3110071,한강미주맨션아파트,452,207,245,76,57,32,59,85,143,44,30,13,17,45,58,32,27,19,42,40,85,179,0,179
20224,A,골목상권,3110072,열정도,154,91,63,5,8,20,19,25,77,1,3,14,13,16,44,4,5,6,6,9,33,97,0,97
20224,A,골목상권,3110073,삼각지역 3번,490,237,253,23,37,102,74,69,185,19,23,51,42,34,68,4,14,51,32,35,117,364,0,364
20224,A,골목상권,3110074,서울역 12번,2812,1932,880,112,180,315,326,577,1302,60,96,189,219,444,924,52,84,126,107,133,378,2493,0,2493
20224,A,골목상권,3110075,숙대입구역 1번,3426,1837,1589,248,310,575,521,590,1182,133,170,297,289,337,611,115,140,278,232,253,571,2033,0,2033
20224,A,골목상권,3110076,삼각지역 14번,32,22,10,2,0,1,6,5,18,1,0,1,4,4,12,1,0,0,2,1,6,15,0,15
20224,A,골목상권,3110077,삼광초등학교,1368,671,697,161,147,176,226,230,428,88,76,94,108,116,189,73,71,82,118,114,239,618,0,618
20224,A,골목상권,3110078,이촌동점보아파트,498,228,270,78,63,42,64,92,159,37,34,14,29,40,74,41,29,28,35,52,85,146,0,146
20224,A,골목상권,3110079,후암동주민센터,10496,5151,5345,1216,1121,1544,1849,1775,2991,622,602,796,935,867,1329,594,519,748,914,908,1662,5148,0,5148
20224,A,골목상권,3110080,해방촌예술마을,4324,2140,2184,409,463,665,684,691,1412,216,228,362,371,349,614,193,235,303,313,342,798,2097,0,2097
20224,A,골목상권,3110081,해방촌 남동측,3897,1815,2082,262,353,605,565,622,1490,125,175,285,294,292,644,137,178,320,271,330,846,1950,0,1950
20224,A,골목상권,3110082,용산구청,1040,487,553,89,65,212,168,141,365,51,34,100,87,58,157,38,31,112,81,83,208,564,0,564
20224,A,골목상권,3110083,서빙고역 1번,813,407,406,106,134,74,154,160,185,55,58,41,71,91,91,51,76,33,83,69,94,350,0,350
20224,A,골목상권,3110084,경리단길북측,4008,1823,2185,293,296,658,672,613,1476,149,153,328,313,290,590,144,143,330,359,323,886,2154,0,2154
20224,A,골목상권,3110085,경리단길남측,2556,1181,1375,274,209,412,420,411,830,132,101,207,207,185,349,142,108,205,213,226,481,1508,0,1508
20224,A,골목상권,3110086,이태원역 북측,1009,491,518,150,89,154,168,135,313,74,54,74,81,64,144,76,35,80,87,71,169,549,0,549
20224,A,골목상권,3110087,이태원엔틱가구거리,1794,768,1026,94,113,245,252,290,800,44,53,136,130,132,273,50,60,109,122,158,527,1150,0,1150
20224,A,골목상권,3110088,오산고등학교,1955,972,983,203,223,277,341,361,550,117,122,155,162,175,241,86,101,122,179,186,309,813,0,813
20224,A,골목상권,3110089,서빙고동주민센터,2587,1261,1326,222,264,299,403,440,959,112,130,168,206,217,428,110,134,131,197,223,531,1322,0,1322
20224,A,골목상권,3110090,한국폴리텍대학서울정수캠퍼스,2055,926,1129,162,192,339,323,383,656,78,96,167,143,172,270,84,96,172,180,211,386,1109,0,1109
20224,A,골목상권,3110091,리움미술관,169,85,84,13,6,38,27,19,66,8,3,23,11,7,33,5,3,15,16,12,33,82,0,82
20224,A,골목상권,3110092,NH농협은행 보광동지점,3884,1878,2006,270,428,626,579,691,1290,147,236,336,290,328,541,123,192,290,289,363,749,1848,0,1848
20224,A,골목상권,3110093,우사단길,6433,3253,3180,466,544,1169,1135,1042,2077,248,290,673,605,542,895,218,254,496,530,500,1182,3613,0,3613
20224,A,골목상권,3110094,오산중학교,372,193,179,14,45,63,46,82,122,6,29,35,28,42,53,8,16,28,18,40,69,201,0,201
20224,A,골목상권,3110095,한강진역 3번,2490,1092,1398,161,143,330,451,437,968,80,66,140,229,201,376,81,77,190,222,236,592,1717,0,1717
20224,A,골목상권,3110096,한남힐사이드아파트,1080,486,594,122,97,154,226,175,306,64,49,63,112,76,122,58,48,91,114,99,184,454,0,454
20224,A,골목상권,3110097,한남초등학교,225,104,121,31,5,55,57,21,56,18,3,25,28,5,25,13,2,30,29,16,31,131,0,131
20224,A,골목상권,3110098,서울독일학교,219,103,116,28,21,37,26,34,73,15,9,18,12,16,33,13,12,19,14,18,40,117,0,117
20224,A,골목상권,3110099,유엔빌리지길,1635,781,854,274,137,248,282,251,443,145,72,111,129,118,206,129,65,137,153,133,237,835,0,835
20224,A,골목상권,3110100,옥수동우편취급국,113,53,60,13,15,27,12,13,33,8,6,15,4,6,14,5,9,12,8,7,19,43,0,43
20224,A,골목상권,3110101,옥정중학교,693,321,372,82,49,152,156,103,151,42,19,69,78,47,66,40,30,83,78,56,85,378,0,378
20224,A,골목상권,3110102,옥수역 6번,995,479,516,114,90,179,178,134,300,64,43,83,88,67,134,50,47,96,90,67,166,455,0,455
20224,A,골목상권,3110103,옥수터널,480,231,249,46,50,81,76,78,149,28,32,41,41,36,53,18,18,40,35,42,96,215,0,215
20224,A,골목상권,3110104,신금호역 4번,3310,1604,1706,331,411,439,494,567,1068,166,204,217,255,292,470,165,207,222,239,275,598,1334,0,1334
20224,A,골목상권,3110105,금동어린이공원,2997,1488,1509,244,326,423,404,528,1072,134,185,231,195,285,458,110,141,192,209,243,614,1398,0,1398
20224,A,골목상권,3110106,금북초등학교,1081,541,540,103,125,157,140,179,377,56,76,73,75,79,182,47,49,84,65,100,195,407,0,407
20224,A,골목상권,3110107,금호사거리,269,137,132,22,22,44,42,34,105,14,8,24,23,22,46,8,14,20,19,12,59,132,0,132
20224,A,골목상권,3110108,성동구립금호도서관,3,1,2,0,0,0,1,0,2,0,0,0,0,0,1,0,0,0,1,0,1,1,0,1
20224,A,골목상권,3110109,금호삼성래미안아파트,503,259,244,32,59,57,74,88,193,15,35,31,44,48,86,17,24,26,30,40,107,242,0,242
20224,A,골목상권,3110110,상왕십리역 6번,2125,1045,1080,140,212,432,357,332,652,75,111,198,196,165,300,65,101,234,161,167,352,1159,0,1159
20224,A,골목상권,3110111,대현산장미원,1594,799,795,160,173,182,257,273,549,81,86,99,146,139,248,79,87,83,111,134,301,617,0,617
20224,A,골목상권,3110112,행당역 2번,2881,1365,1516,275,393,460,427,509,817,126,200,229,209,228,373,149,193,231,218,281,444,1348,0,1348
20224,A,골목상권,3110113,응봉산,1614,788,826,181,206,196,240,281,510,109,106,96,119,130,228,72,100,100,121,151,282,633,0,633
20224,A,골목상권,3110114,왕십리파출소,769,379,390,93,83,113,141,128,211,47,46,57,74,66,89,46,37,56,67,62,122,372,0,372
20224,A,골목상권,3110115,상왕십리역 3번,2074,1046,1028,162,262,431,277,381,561,90,143,209,144,201,259,72,119,222,133,180,302,1116,0,1116
20224,A,골목상권,3110116,청계천박물관,2169,1108,1061,198,279,283,275,438,696,116,148,158,136,216,334,82,131,125,139,222,362,948,0,948
20224,A,골목상권,3110117,성동구보건소,1620,819,801,135,197,269,214,288,517,70,118,128,122,145,236,65,79,141,92,143,281,795,0,795
20224,A,골목상권,3110118,왕십리역 9번,1163,614,549,81,106,206,156,203,411,41,60,125,80,108,200,40,46,81,76,95,211,694,0,694
20224,A,골목상권,3110119,마장지하차도,268,139,129,13,24,45,43,42,101,5,12,23,25,25,49,8,12,22,18,17,52,147,0,147
20224,A,골목상권,3110120,서울숲카페거리,1198,621,577,121,139,225,199,175,339,69,80,122,108,87,155,52,59,103,91,88,184,432,0,432
20224,A,골목상권,3110121,한양대역 4번,712,413,299,34,186,246,56,63,127,15,89,183,37,36,53,19,97,63,19,27,74,771,0,771
20224,A,골목상권,3110122,마장역 2번,706,359,347,100,93,114,101,117,181,51,49,57,50,58,94,49,44,57,51,59,87,365,0,365
20224,A,골목상권,3110123,마장역 3번,2880,1460,1420,219,314,426,377,478,1066,115,162,219,203,254,507,104,152,207,174,224,559,1611,0,1611
20224,A,골목상권,3110124,뚝섬역교차로,825,444,381,48,77,175,109,115,301,27,44,98,56,64,155,21,33,77,53,51,146,512,0,512
20224,A,골목상권,3110125,사근동살곶이상점가,4154,2274,1880,278,714,1018,458,525,1161,142,384,703,255,259,531,136,330,315,203,266,630,2833,0,2833
20224,A,골목상권,3110126,서울숲역 1번,543,265,278,47,67,99,77,93,160,28,34,51,41,37,74,19,33,48,36,56,86,316,0,316
20224,A,골목상권,3110127,성수1가1동주민센터,942,484,458,57,53,282,193,143,214,30,24,134,100,85,111,27,29,148,93,58,103,715,0,715
20224,A,골목상권,3110128,성원중학교,8370,4430,3940,702,1043,1194,1172,1695,2564,370,546,659,638,922,1295,332,497,535,534,773,1269,4002,0,4002
20224,A,골목상권,3110129,성원어린이공원,1687,836,851,168,148,335,342,270,424,88,75,168,180,130,195,80,73,167,162,140,229,833,0,833
20224,A,골목상권,3110130,답십리역 6번,2008,1016,992,144,233,286,289,360,696,76,106,146,164,189,335,68,127,140,125,171,361,627,0,627
20224,A,골목상권,3110131,성수동카페거리,2841,1538,1303,247,277,584,434,458,841,129,140,312,244,261,452,118,137,272,190,197,389,1526,0,1526
20224,A,골목상권,3110132,성수2가3동주민센터,1918,1011,907,129,161,375,286,308,659,68,85,189,160,170,339,61,76,186,126,138,320,1318,0,1318
20224,A,골목상권,3110133,서울교통공사,1527,819,708,132,140,209,248,319,479,63,68,113,140,185,250,69,72,96,108,134,229,977,0,977
20224,A,골목상권,3110134,성수119안전센터,6354,3316,3038,611,594,974,1021,1086,2068,314,317,512,541,589,1043,297,277,462,480,497,1025,2888,0,2888
20224,A,골목상권,3110135,성동세무서,1108,596,512,95,90,229,195,181,318,51,46,131,104,107,157,44,44,98,91,74,161,657,0,657
20224,A,골목상권,3110136,경수초등학교,2695,1404,1291,295,255,400,423,447,875,140,135,212,230,242,445,155,120,188,193,205,430,1203,0,1203
20224,A,골목상권,3110137,성수초등학교,1666,903,763,214,135,339,373,226,379,107,70,174,221,132,199,107,65,165,152,94,180,920,0,920
20224,A,골목상권,3110138,송정체육공원,3537,1903,1634,271,385,568,470,680,1163,136,218,305,262,381,601,135,167,263,208,299,562,1973,0,1973
20224,A,골목상권,3110139,자양4동주민센터,5586,2830,2756,358,523,800,823,1049,2033,155,271,415,443,568,978,203,252,385,380,481,1055,3040,0,3040
20224,A,골목상권,3110140,건대입구역 6번,5668,2843,2825,400,556,1062,865,950,1835,204,275,544,470,501,849,196,281,518,395,449,986,2848,0,2848
20224,A,골목상권,3110141,건대입구역 1번,3006,1430,1576,166,347,1072,455,335,631,82,127,504,251,170,296,84,220,568,204,165,335,2208,0,2208
20224,A,골목상권,3110142,화양사거리,5301,2606,2695,230,792,2113,735,543,888,111,314,1071,390,297,423,119,478,1042,345,246,465,4850,0,4850
20224,A,골목상권,3110143,뚝섬유원지역 1번,140,74,66,20,19,13,13,36,39,9,12,5,6,22,20,11,7,8,7,14,19,49,0,49
20224,A,골목상권,3110144,어린이대공원역 4번,2006,981,1025,71,281,664,254,239,497,32,107,333,134,152,223,39,174,331,120,87,274,1732,0,1732
20224,A,골목상권,3110145,장안초등학교,635,303,332,57,59,157,96,92,174,26,27,81,52,40,77,31,32,76,44,52,97,308,0,308
20224,A,골목상권,3110146,신자초등학교,4081,2073,2008,459,462,599,629,707,1225,217,257,324,331,349,595,242,205,275,298,358,630,1853,0,1853
20224,A,골목상권,3110147,능동우편취급국,6391,3243,3148,648,676,1432,1102,879,1654,348,350,743,599,431,772,300,326,689,503,448,882,3407,0,3407
20224,A,골목상권,3110148,어린이대공원역 3번,1427,737,690,72,213,379,186,196,381,39,113,218,95,101,171,33,100,161,91,95,210,1068,0,1068
20224,A,골목상권,3110149,세종대학교,923,410,513,72,127,264,148,129,183,37,48,112,66,63,84,35,79,152,82,66,99,598,0,598
20224,A,골목상권,3110150,중곡1동 마을마당,5846,2926,2920,514,468,1189,999,896,1780,259,262,568,533,460,844,255,206,621,466,436,936,3330,0,3330
20224,A,골목상권,3110151,자양한강도서관,4707,2315,2392,515,519,750,870,780,1273,266,276,366,441,385,581,249,243,384,429,395,692,2312,0,2312
20224,A,골목상권,3110152,중곡어린이공원,2070,1067,1003,229,215,359,322,364,581,123,108,191,171,201,273,106,107,168,151,163,308,996,0,996
20224,A,골목상권,3110153,중곡1동주민센터,2407,1168,1239,245,235,516,467,329,615,126,106,255,246,145,290,119,129,261,221,184,325,1412,0,1412
20224,A,골목상권,3110154,광진정말공원,4782,2336,2446,519,528,794,796,765,1380,294,250,394,405,384,609,225,278,400,391,381,771,2148,0,2148
20224,A,골목상권,3110155,광진구청,3905,1939,1966,342,490,728,635,666,1044,177,248,378,326,317,493,165,242,350,309,349,551,2111,0,2111
20224,A,골목상권,3110156,군자역 5번,6196,2946,3250,617,514,1552,1214,763,1536,321,260,675,632,373,685,296,254,877,582,390,851,3544,0,3544
20224,A,골목상권,3110157,자양동우체국,5967,2977,2990,780,746,930,1044,1009,1458,418,417,455,504,504,679,362,329,475,540,505,779,2602,0,2602
20224,A,골목상권,3110158,중곡3동주민센터,7012,3495,3517,687,741,1100,1088,1241,2155,359,371,573,582,614,996,328,370,527,506,627,1159,3649,0,3649
20224,A,골목상권,3110159,구의역 4번,9198,4495,4703,819,967,1742,1508,1479,2683,404,502,847,787,712,1243,415,465,895,721,767,1440,4855,0,4855
20224,A,골목상권,3110160,광진경찰서,1905,915,990,195,260,335,333,327,455,99,124,171,155,152,214,96,136,164,178,175,241,944,0,944
20224,A,골목상권,3110161,중곡역 3번,5088,2512,2576,501,589,848,754,896,1500,254,309,424,402,433,690,247,280,424,352,463,810,2469,0,2469
20224,A,골목상권,3110162,군자역 4번,4032,1934,2098,539,440,744,705,618,986,273,239,339,323,308,452,266,201,405,382,310,534,1665,0,1665
20224,A,골목상권,3110163,성자초등학교,2989,1434,1555,410,341,449,590,469,730,186,169,219,310,217,333,224,172,230,280,252,397,1278,0,1278
20224,A,골목상권,3110164,아차산역 5번,3100,1474,1626,320,283,755,607,406,729,175,140,335,308,190,326,145,143,420,299,216,403,1755,0,1755
20224,A,골목상권,3110165,국립정신건강센터,4490,2211,2279,462,577,756,682,799,1214,230,302,389,356,360,574,232,275,367,326,439,640,1913,0,1913
20224,A,골목상권,3110166,구의1동주민센터,6518,3073,3445,500,705,1479,1165,1005,1664,256,336,672,577,488,744,244,369,807,588,517,920,3508,0,3508
20224,A,골목상권,3110167,용마초등학교,6898,3400,3498,830,757,1229,1152,1140,1790,427,399,627,585,535,827,403,358,602,567,605,963,3155,0,3155
20224,A,골목상권,3110168,대원고등학교,2608,1281,1327,314,445,338,389,536,586,157,227,176,190,252,279,157,218,162,199,284,307,1104,0,1104
20224,A,골목상권,3110169,성동초등학교,2355,1188,1167,199,266,448,380,369,693,116,138,233,204,167,330,83,128,215,176,202,363,1360,0,1360
20224,A,골목상권,3110170,동대부여고,6314,3055,3259,500,628,1334,1168,968,1716,254,321,662,587,482,749,246,307,672,581,486,967,3367,0,3367
20224,A,골목상권,3110171,중곡4동주민센터,2691,1316,1375,230,339,361,351,524,886,122,180,184,186,254,390,108,159,177,165,270,496,1190,0,1190
20224,A,골목상권,3110172,광진초등학교,3768,1834,1934,437,436,554,606,644,1091,229,224,257,312,322,490,208,212,297,294,322,601,1960,0,1960
20224,A,골목상권,3110173,구남초등학교,1446,686,760,130,177,260,211,225,443,74,81,124,102,100,205,56,96,136,109,125,238,716,0,716
20224,A,골목상권,3110174,아차산역 1번,5080,2472,2608,608,551,757,820,823,1521,312,282,358,417,390,713,296,269,399,403,433,808,2047,0,2047
20224,A,골목상권,3110175,푸른동산공원,4810,2314,2496,571,515,910,887,744,1183,292,252,435,463,337,535,279,263,475,424,407,648,2478,0,2478
20224,A,골목상권,3110176,해오름공원,6416,3169,3247,616,711,1021,950,1112,2006,331,351,526,518,563,880,285,360,495,432,549,1126,2913,0,2913
20224,A,골목상권,3110177,동의초등학교,1692,842,850,196,189,187,302,274,544,99,115,88,154,146,240,97,74,99,148,128,304,661,0,661
20224,A,골목상권,3110178,장로회신학대학교,1265,595,670,146,144,202,178,199,396,68,69,98,84,101,175,78,75,104,94,98,221,559,0,559
20224,A,골목상권,3110179,광나루역 1번,788,389,399,78,105,125,125,134,221,45,56,66,59,63,100,33,49,59,66,71,121,580,0,580
20224,A,골목상권,3110180,광진정보도서관,1113,567,546,128,123,181,174,197,310,70,71,91,85,96,154,58,52,90,89,101,156,618,0,618
20224,A,골목상권,3110181,신설동역 9번,593,330,263,71,56,94,102,106,164,36,37,55,50,65,87,35,19,39,52,41,77,1033,0,1033
20224,A,골목상권,3110182,용두희망어린이공원,941,546,395,61,145,321,135,104,175,30,81,221,75,57,82,31,64,100,60,47,93,700,0,700
20224,A,골목상권,3110183,한국의류시험연구원,408,229,179,31,41,56,60,63,157,14,22,32,34,40,87,17,19,24,26,23,70,350,0,350
20224,A,골목상권,3110184,용두사거리,235,121,114,22,19,37,49,36,72,12,11,16,30,20,32,10,8,21,19,16,40,135,0,135
20224,A,골목상권,3110185,용두초등학교,416,221,195,35,32,58,48,86,157,15,14,33,25,54,80,20,18,25,23,32,77,249,0,249
20224,A,골목상권,3110186,종암초등학교,418,239,179,24,57,141,63,41,92,12,29,93,38,23,44,12,28,48,25,18,48,295,0,295
20224,A,골목상권,3110187,제기동역 6번,3256,1635,1621,223,342,654,503,507,1027,114,166,336,272,265,482,109,176,318,231,242,545,2930,0,2930
20224,A,골목상권,3110188,용두동신동아아파트,1769,903,866,187,190,259,285,303,545,98,102,147,156,153,247,89,88,112,129,150,298,2161,0,2161
20224,A,골목상권,3110189,제기동역 1번,2067,1006,1061,225,223,417,342,314,546,108,121,211,163,154,249,117,102,206,179,160,297,1104,0,1104
20224,A,골목상권,3110190,고대앞사거리,2054,1095,959,195,207,429,301,293,629,100,99,261,170,166,299,95,108,168,131,127,330,1415,0,1415
20224,A,골목상권,3110191,고려대역 6번,1068,572,496,58,98,221,173,135,383,30,51,127,109,75,180,28,47,94,64,60,203,843,0,843
20224,A,골목상권,3110192,동의보감타워,515,278,237,11,28,137,98,69,172,5,15,74,50,37,97,6,13,63,48,32,75,481,0,481
20224,A,골목상권,3110193,고려대역 4번,1474,781,693,93,154,386,180,162,499,50,72,236,94,95,234,43,82,150,86,67,265,875,0,875
20224,A,골목상권,3110194,홍파초등학교,1586,789,797,122,120,238,232,202,672,68,64,132,132,107,286,54,56,106,100,95,386,922,0,922
20224,A,골목상권,3110195,동대문구청,3313,1664,1649,240,289,556,426,487,1315,131,142,287,229,270,605,109,147,269,197,217,710,2226,0,2226
20224,A,골목상권,3110196,홍릉근린공원,1125,580,545,70,95,93,146,169,552,32,46,51,87,97,267,38,49,42,59,72,285,820,0,820
20224,A,골목상권,3110197,세종대왕기념관교차로,511,263,248,60,55,78,73,78,167,30,26,47,41,46,73,30,29,31,32,32,94,307,0,307
20224,A,골목상권,3110198,동대문중앙새마을금고본점,120,58,62,8,6,11,21,12,62,2,2,7,12,8,27,6,4,4,9,4,35,80,0,80
20224,A,골목상권,3110199,홍릉시장,943,485,458,41,68,126,122,130,456,21,34,73,74,77,206,20,34,53,48,53,250,699,0,699
20224,A,골목상권,3110200,동대문경찰서,708,366,342,45,61,110,102,110,280,24,35,56,59,63,129,21,26,54,43,47,151,463,0,463
20224,A,골목상권,3110201,전농119안전센터,474,246,228,34,42,32,82,81,203,21,20,15,49,47,94,13,22,17,33,34,109,354,0,354
20224,A,골목상권,3110202,전농1동주민센터(전농시장),1358,761,597,35,89,77,144,270,743,17,50,32,87,171,404,18,39,45,57,99,339,1053,0,1053
20224,A,골목상권,3110203,떡전교사거리,1844,914,930,149,168,284,258,281,704,73,83,163,138,158,299,76,85,121,120,123,405,1013,0,1013
20224,A,골목상권,3110204,간데메공원,3304,1649,1655,433,323,461,536,502,1049,220,168,235,265,268,493,213,155,226,271,234,556,1692,0,1692
20224,A,골목상권,3110205,경희대삼거리,2619,1294,1325,173,383,703,366,337,657,92,160,378,199,182,283,81,223,325,167,155,374,1683,0,1683
20224,A,골목상권,3110206,텃골근린공원,4002,2020,1982,361,477,575,552,697,1340,202,264,293,289,349,623,159,213,282,263,348,717,2011,0,2011
20224,A,골목상권,3110207,시립대앞사거리,831,422,409,54,104,129,106,131,307,30,51,68,61,66,146,24,53,61,45,65,161,576,0,576
20224,A,골목상권,3110208,시조사삼거리,764,408,356,46,100,209,101,91,217,23,53,122,56,45,109,23,47,87,45,46,108,540,0,540
20224,A,골목상권,3110209,답십리 장령당공원,722,369,353,63,79,103,101,127,249,30,44,58,53,74,110,33,35,45,48,53,139,372,0,372
20224,A,골목상권,3110210,서울시립대,3215,1612,1603,249,493,715,450,377,931,124,213,428,244,185,418,125,280,287,206,192,513,2186,0,2186
20224,A,골목상권,3110211,전곡마을마당공원,3640,1812,1828,260,449,467,478,657,1329,134,228,262,260,342,586,126,221,205,218,315,743,1938,0,1938
20224,A,골목상권,3110212,답십리초등학교,2315,1154,1161,210,263,287,313,404,838,116,131,159,167,208,373,94,132,128,146,196,465,1077,0,1077
20224,A,골목상권,3110213,청량초등학교,762,380,382,60,134,207,85,129,147,24,69,122,39,59,67,36,65,85,46,70,80,500,0,500
20224,A,골목상권,3110214,경희대후문,2343,1221,1122,139,551,826,182,217,428,68,230,535,91,99,198,71,321,291,91,118,230,1930,0,1930
20224,A,골목상권,3110215,회기역 1번,2080,1040,1040,78,339,799,265,189,410,37,133,418,149,111,192,41,206,381,116,78,218,1579,0,1579
20224,A,골목상권,3110216,전농중학교,1200,593,607,115,128,156,177,206,418,59,61,93,90,106,184,56,67,63,87,100,234,589,0,589
20224,A,골목상권,3110217,자동차부품상가,613,319,294,33,71,81,79,140,209,20,38,45,49,77,90,13,33,36,30,63,119,301,0,301
20224,A,골목상권,3110218,답십리사거리,2799,1418,1381,283,265,380,409,498,964,126,144,216,214,260,458,157,121,164,195,238,506,1289,0,1289
20224,A,골목상권,3110219,삼육보건대학교,6613,3372,3241,479,1092,1638,804,856,1744,252,512,962,447,397,802,227,580,676,357,459,942,4386,0,4386
20224,A,골목상권,3110220,외대앞역 1번,1939,976,963,87,316,478,246,257,555,46,132,271,137,140,250,41,184,207,109,117,305,1341,0,1341
20224,A,골목상권,3110221,의릉,977,458,519,80,129,188,168,149,263,36,54,90,95,71,112,44,75,98,73,78,151,565,0,565
20224,A,골목상권,3110222,회기역 2번,27,15,12,4,1,3,2,4,13,2,0,2,2,4,5,2,1,1,0,0,8,44,0,44
20224,A,골목상권,3110223,군자초등학교,1638,837,801,188,162,287,258,258,485,108,85,140,137,134,233,80,77,147,121,124,252,750,0,750
20224,A,골목상권,3110224,외대앞역 2번,1570,827,743,78,163,243,241,280,565,41,84,134,139,164,265,37,79,109,102,116,300,321,0,321
20224,A,골목상권,3110225,촬영소사거리,1339,690,649,101,170,171,179,247,471,46,88,97,96,129,234,55,82,74,83,118,237,603,0,603
20224,A,골목상권,3110226,장안1동주민센터,9890,5049,4841,904,970,1523,1573,1729,3191,457,515,788,856,887,1546,447,455,735,717,842,1645,5867,0,5867
20224,A,골목상권,3110227,답십리공원,749,370,379,68,92,102,96,150,241,38,37,50,52,80,113,30,55,52,44,70,128,380,0,380
20224,A,골목상권,3110228,장안근린공원,5180,2631,2549,373,614,645,693,913,1942,179,326,358,381,480,907,194,288,287,312,433,1035,2855,0,2855
20224,A,골목상권,3110229,장평중학교,7419,3695,3724,1054,617,1155,1364,1001,2228,553,311,565,716,495,1055,501,306,590,648,506,1173,3145,0,3145
20224,A,골목상권,3110230,장안현대홈타운1차아파트,2960,1492,1468,415,278,452,559,431,825,225,140,217,299,220,391,190,138,235,260,211,434,1685,0,1685
20224,A,골목상권,3110231,장안교,118,63,55,15,10,20,20,23,30,7,8,8,9,15,16,8,2,12,11,8,14,83,0,83
20224,A,골목상권,3110232,동대부고,2829,1441,1388,370,300,408,476,454,821,199,171,201,244,232,394,171,129,207,232,222,427,1455,0,1455
20224,A,골목상권,3110233,중랑역 1번,5266,2761,2505,386,508,841,709,960,1862,197,272,440,412,509,931,189,236,401,297,451,931,2875,0,2875
20224,A,골목상권,3110234,중랑역 4번,729,360,369,79,55,183,163,117,132,47,21,74,86,63,69,32,34,109,77,54,63,494,0,494
20224,A,골목상권,3110235,세화어린이공원,1418,794,624,93,134,184,200,287,520,48,78,105,118,167,278,45,56,79,82,120,242,799,0,799
20224,A,골목상권,3110236,신묵초등학교,7715,3884,3831,867,813,1293,1345,1217,2180,473,418,644,729,617,1003,394,395,649,616,600,1177,4017,0,4017
20224,A,골목상권,3110237,메가박스 상봉,4317,2148,2169,362,472,659,679,786,1359,176,231,326,379,419,617,186,241,333,300,367,742,2348,0,2348
20224,A,골목상권,3110238,배꽃어린이공원,1172,586,586,103,104,140,163,222,440,44,53,79,86,114,210,59,51,61,77,108,230,785,0,785
20224,A,골목상권,3110239,중랑역 2번,293,151,142,15,33,51,27,62,105,9,20,26,11,31,54,6,13,25,16,31,51,166,0,166
20224,A,골목상권,3110240,태릉시장 특화거리,1289,663,626,88,136,179,166,247,473,40,72,95,93,137,226,48,64,84,73,110,247,706,0,706
20224,A,골목상권,3110241,먹골역 5번,2629,1303,1326,230,271,427,420,437,844,120,115,216,227,231,394,110,156,211,193,206,450,1755,0,1755
20224,A,골목상권,3110242,면목5동주민센터,4308,2181,2127,494,464,594,640,792,1324,256,231,301,331,421,641,238,233,293,309,371,683,2108,0,2108
20224,A,골목상권,3110243,중랑노인종합복지관,4889,2474,2415,544,589,637,748,951,1420,265,283,330,412,487,697,279,306,307,336,464,723,2219,0,2219
20224,A,골목상권,3110244,중화역 4번,1073,560,513,88,111,171,161,172,370,53,62,83,91,96,175,35,49,88,70,76,195,847,0,847
20224,A,골목상권,3110245,KB국민은행 중화동지점,2503,1260,1243,194,272,338,320,477,902,105,126,177,181,245,426,89,146,161,139,232,476,1317,0,1317
20224,A,골목상권,3110246,월드순복음교회,2488,1240,1248,252,239,558,438,381,620,134,129,257,228,200,292,118,110,301,210,181,328,1591,0,1591
20224,A,골목상권,3110247,먹골역 1번,6235,3084,3151,571,590,1137,1069,934,1934,294,310,568,567,459,886,277,280,569,502,475,1048,3032,0,3032
20224,A,골목상권,3110248,먹골파출소,1465,761,704,138,143,247,214,221,502,75,81,128,122,118,237,63,62,119,92,103,265,810,0,810
20224,A,골목상권,3110249,중화역 1번,6619,3324,3295,698,745,1046,1020,1047,2063,347,399,546,531,528,973,351,346,500,489,519,1090,2908,0,2908
20224,A,골목상권,3110250,화랑대역 7번,1576,767,809,191,200,202,226,265,492,96,106,107,106,131,221,95,94,95,120,134,271,684,0,684
20224,A,골목상권,3110251,장안중학교,3901,1891,2010,387,470,666,527,629,1222,180,249,327,282,287,566,207,221,339,245,342,656,1895,0,1895
20224,A,골목상권,3110252,장안제일시장,4747,2416,2331,513,516,763,679,825,1451,253,258,405,352,429,719,260,258,358,327,396,732,2120,0,2120
20224,A,골목상권,3110253,중곡초등학교,3662,1848,1814,358,427,532,562,671,1112,193,223,262,298,346,526,165,204,270,264,325,586,1666,0,1666
20224,A,골목상권,3110254,오거리공원,7809,3930,3879,820,903,1042,1227,1397,2420,420,461,543,643,727,1136,400,442,499,584,670,1284,3458,0,3458
20224,A,골목상권,3110255,상봉역 4번,6496,3237,3259,543,591,1262,982,1097,2021,272,313,606,532,558,956,271,278,656,450,539,1065,3575,0,3575
20224,A,골목상권,3110256,면목2동체육관,8303,4279,4024,855,867,1216,1279,1495,2591,463,453,639,711,754,1259,392,414,577,568,741,1332,3930,0,3930
20224,A,골목상권,3110257,상봉역 7번,3869,1961,1908,427,403,600,572,620,1247,219,213,303,295,328,603,208,190,297,277,292,644,2178,0,2178
20224,A,골목상권,3110258,면동초등학교,5746,2931,2815,576,584,868,890,1062,1766,297,312,438,467,548,869,279,272,430,423,514,897,3214,0,3214
20224,A,골목상권,3110259,사가정역 1번,4080,2061,2019,358,396,709,699,647,1271,197,199,350,374,341,600,161,197,359,325,306,671,2160,0,2160
20224,A,골목상권,3110260,면목역 3번,2218,1133,1085,176,209,390,353,388,702,92,106,198,184,216,337,84,103,192,169,172,365,1261,0,1261
20224,A,골목상권,3110261,사가정역 4번,5043,2476,2567,442,539,837,811,829,1585,230,273,410,418,413,732,212,266,427,393,416,853,2655,0,2655
20224,A,골목상권,3110262,상봉역 3번,2915,1489,1426,310,228,528,457,429,963,167,135,269,261,203,454,143,93,259,196,226,509,2768,0,2768
20224,A,골목상권,3110263,면목역 1번,7265,3581,3684,695,804,1165,1108,1211,2282,331,409,603,608,599,1031,364,395,562,500,612,1251,3743,0,3743
20224,A,골목상권,3110264,면목역 2번,9684,4902,4782,841,1090,1730,1545,1648,2830,437,571,885,845,821,1343,404,519,845,700,827,1487,4953,0,4953
20224,A,골목상권,3110265,망우역 1번,1035,540,495,84,114,149,120,183,385,44,62,79,66,93,196,40,52,70,54,90,189,551,0,551
20224,A,골목상권,3110266,면목동우체국,5266,2589,2677,433,648,837,760,963,1625,206,348,439,394,473,729,227,300,398,366,490,896,2780,0,2780
20224,A,골목상권,3110267,망우역 2번,4466,2222,2244,532,518,686,733,699,1298,292,268,345,381,342,594,240,250,341,352,357,704,2073,0,2073
20224,A,골목상권,3110268,망우3동주민센터,2588,1293,1295,248,312,363,382,469,814,112,163,185,195,245,393,136,149,178,187,224,421,1439,0,1439
20224,A,골목상권,3110269,용마문화복지센터,1355,701,654,103,179,181,171,249,472,47,80,97,96,144,237,56,99,84,75,105,235,841,0,841
20224,A,골목상권,3110270,혜원여고,1235,592,643,128,155,175,169,216,392,56,81,91,79,108,177,72,74,84,90,108,215,550,0,550
20224,A,골목상권,3110271,신내역 1번,138,74,64,13,12,23,23,14,53,7,8,10,15,4,30,6,4,13,8,10,23,125,0,125
20224,A,골목상권,3110272,신내1동주민센터,3548,1733,1815,457,415,462,541,616,1057,231,229,206,284,310,473,226,186,256,257,306,584,1656,0,1656
20224,A,골목상권,3110273,장스여성병원,2369,1266,1103,161,269,340,293,418,888,80,145,198,165,219,459,81,124,142,128,199,429,1186,0,1186
20224,A,골목상권,3110274,서일대학교,6866,3490,3376,755,807,913,972,1264,2155,379,412,469,521,663,1046,376,395,444,451,601,1109,3294,0,3294
20224,A,골목상권,3110275,하나은행 망우동지점,896,476,420,70,93,121,118,159,335,39,52,54,69,95,167,31,41,67,49,64,168,487,0,487
20224,A,골목상권,3110276,신내IC북측,366,196,170,45,30,42,68,54,127,24,19,23,40,29,61,21,11,19,28,25,66,256,0,256
20224,A,골목상권,3110277,러스크서울병원,3593,1856,1737,329,415,512,516,598,1223,178,224,272,275,306,601,151,191,240,241,292,622,1806,0,1806
20224,A,골목상권,3110278,망우본동주민센터,3928,2053,1875,273,501,495,483,726,1450,142,271,262,269,377,732,131,230,233,214,349,718,2334,0,2334
20224,A,골목상권,3110279,신내역 2번,25,15,10,3,2,0,4,7,9,0,1,0,2,5,7,3,1,0,2,2,2,25,0,25
20224,A,골목상권,3110280,북정마을,713,356,357,47,71,85,110,102,298,28,38,37,61,56,136,19,33,48,49,46,162,378,0,378
20224,A,골목상권,3110281,길상사,912,459,453,106,91,123,125,155,312,70,42,62,58,79,148,36,49,61,67,76,164,486,0,486
20224,A,골목상권,3110282,국민대학교앞,676,330,346,67,106,129,74,79,221,26,48,76,40,42,98,41,58,53,34,37,123,473,0,473
20224,A,골목상권,3110283,성북초등학교앞,518,243,275,52,56,64,89,97,160,22,27,34,45,46,69,30,29,30,44,51,91,244,0,244
20224,A,골목상권,3110284,정릉북한산국립공원입구,1404,722,682,129,209,163,165,235,503,75,116,79,84,118,250,54,93,84,81,117,253,609,0,609
20224,A,골목상권,3110285,홍대부중,2137,1042,1095,248,243,295,388,383,580,135,139,149,175,200,244,113,104,146,213,183,336,897,0,897
20224,A,골목상권,3110286,한성대입구역 5번,2598,1223,1375,190,263,512,417,452,764,90,129,241,206,214,343,100,134,271,211,238,421,1433,0,1433
20224,A,골목상권,3110287,정릉3동주민센터,1888,990,898,132,328,349,210,306,563,68,168,234,111,148,261,64,160,115,99,158,302,1036,0,1036
20224,A,골목상권,3110288,동구여중,1648,790,858,178,210,232,253,276,499,86,113,115,127,128,221,92,97,117,126,148,278,889,0,889
20224,A,골목상권,3110289,북한산보국문역 2번,4966,2453,2513,489,645,702,720,760,1650,257,320,377,382,396,721,232,325,325,338,364,929,2448,0,2448
20224,A,골목상권,3110290,북한산보국문역 1번,1428,729,699,124,171,180,207,219,527,76,88,103,112,112,238,48,83,77,95,107,289,682,0,682
20224,A,골목상권,3110291,한성대입구역 3번,4426,2124,2302,354,576,826,696,684,1290,182,286,407,360,325,564,172,290,419,336,359,726,2385,0,2385
20224,A,골목상권,3110292,정릉역 2번,560,273,287,22,37,38,54,107,302,10,17,23,30,58,135,12,20,15,24,49,167,333,0,333
20224,A,골목상권,3110293,삼선중학교,2527,1171,1356,256,289,586,408,387,601,128,137,245,210,179,272,128,152,341,198,208,329,1340,0,1340
20224,A,골목상권,3110294,서경대학교,7169,3527,3642,792,883,1021,1088,1130,2255,427,444,523,570,542,1021,365,439,498,518,588,1234,3065,0,3065
20224,A,골목상권,3110295,정릉우체국,4685,2307,2378,530,487,632,734,694,1608,282,252,341,383,333,716,248,235,291,351,361,892,2294,0,2294
20224,A,골목상권,3110296,성신여대입구역 4번,1902,870,1032,238,224,294,303,313,530,118,100,134,142,155,221,120,124,160,161,158,309,952,0,952
20224,A,골목상권,3110297,경동고등학교,6534,3135,3399,559,808,1388,999,1042,1738,300,384,680,501,511,759,259,424,708,498,531,979,3502,0,3502
20224,A,골목상권,3110298,솔숲어린이공원,732,368,364,67,88,83,103,128,263,40,47,49,46,60,126,27,41,34,57,68,137,323,0,323
20224,A,골목상권,3110299,정릉역 1번,3547,1751,1796,364,381,455,506,543,1298,191,191,233,267,286,583,173,190,222,239,257,715,1690,0,1690
20224,A,골목상권,3110300,삼선동주민센터,2912,1235,1677,127,409,829,388,381,778,70,137,316,189,184,339,57,272,513,199,197,439,3186,0,3186
20224,A,골목상권,3110301,성신여대입구역 7번,3589,1650,1939,253,416,898,558,460,1004,134,175,405,292,221,423,119,241,493,266,239,581,2066,0,2066
20224,A,골목상권,3110302,보문역 8번,2263,1109,1154,186,213,457,368,341,698,95,112,229,199,174,300,91,101,228,169,167,398,1187,0,1187
20224,A,골목상권,3110303,성신여대입구역 1번,3389,1399,1990,205,448,964,443,416,913,100,115,367,210,199,408,105,333,597,233,217,505,2158,0,2158
20224,A,골목상권,3110304,보문역 4번,395,181,214,22,45,136,65,47,80,11,18,65,30,23,34,11,27,71,35,24,46,1203,0,1203
20224,A,골목상권,3110305,보문역 5번,779,412,367,55,84,175,100,119,246,33,40,102,59,62,116,22,44,73,41,57,130,2282,0,2282
20224,A,골목상권,3110306,미아초등학교,930,456,474,122,89,135,142,124,318,68,40,74,72,65,137,54,49,61,70,59,181,526,0,526
20224,A,골목상권,3110307,길음역 7번,226,112,114,48,24,36,50,35,33,21,15,14,27,21,14,27,9,22,23,14,19,121,0,121
20224,A,골목상권,3110308,길음역 8번,1086,541,545,80,106,142,160,171,427,44,50,82,82,95,188,36,56,60,78,76,239,556,0,556
20224,A,골목상권,3110309,대광초등학교,1377,708,669,77,159,323,198,219,401,40,70,184,122,105,187,37,89,139,76,114,214,825,0,825
20224,A,골목상권,3110310,길음역 10번,263,94,169,14,34,48,41,47,79,4,13,11,27,14,25,10,21,37,14,33,54,168,0,168
20224,A,골목상권,3110311,종암아이파크2차후문,1189,618,571,104,146,174,164,225,376,55,85,97,87,112,182,49,61,77,77,113,194,542,0,542
20224,A,골목상권,3110312,안암역 2번,934,491,443,18,223,370,82,68,173,9,103,215,50,36,78,9,120,155,32,32,95,1306,0,1306
20224,A,골목상권,3110313,안암역 3번,568,354,214,16,113,245,55,52,87,8,58,172,39,32,45,8,55,73,16,20,42,968,0,968
20224,A,골목상권,3110314,종암경찰서,1052,535,517,102,120,198,139,150,343,51,57,102,84,75,166,51,63,96,55,75,177,615,0,615
20224,A,골목상권,3110315,종암아이파크2차,3110,1521,1589,255,402,549,450,529,925,132,201,296,226,253,413,123,201,253,224,276,512,1486,0,1486
20224,A,골목상권,3110316,숭곡초등학교,4741,2330,2411,447,433,575,698,775,1813,219,234,292,364,412,809,228,199,283,334,363,1004,2347,0,2347
20224,A,골목상권,3110317,종암중학교,2192,1237,955,128,289,747,258,234,536,67,153,490,147,129,251,61,136,257,111,105,285,1588,0,1588
20224,A,골목상권,3110318,KT월곡지사,1456,742,714,152,148,206,243,208,499,94,80,105,138,106,219,58,68,101,105,102,280,884,0,884
20224,A,골목상권,3110319,종암동주민센터,2991,1415,1576,221,242,335,326,479,1388,122,122,174,171,242,584,99,120,161,155,237,804,1909,0,1909
20224,A,골목상권,3110320,KB국민은행 종암동지점,925,476,449,119,123,153,116,169,245,70,64,93,59,73,117,49,59,60,57,96,128,477,0,477
20224,A,골목상권,3110321,동덕여대,214,110,104,19,36,50,24,31,54,9,15,28,12,18,28,10,21,22,12,13,26,133,0,133
20224,A,골목상권,3110322,장위1동주민센터,2307,1112,1195,286,310,340,327,409,635,137,153,174,169,189,290,149,157,166,158,220,345,1288,0,1288
20224,A,골목상권,3110323,상월곡역 1번,2012,932,1080,156,316,366,244,331,599,88,95,167,133,181,268,68,221,199,111,150,331,1417,0,1417
20224,A,골목상권,3110324,월곡역 4번,656,322,334,19,83,135,66,100,253,11,29,72,33,56,121,8,54,63,33,44,132,481,0,481
20224,A,골목상권,3110325,장곡초등학교,3172,1586,1586,340,377,418,412,554,1071,183,205,226,219,275,478,157,172,192,193,279,593,1632,0,1632
20224,A,골목상권,3110326,장위동성당,1545,751,794,194,221,164,221,289,456,101,112,87,109,142,200,93,109,77,112,147,256,597,0,597
20224,A,골목상권,3110327,상월곡역 2번,3612,1823,1789,338,425,453,506,639,1251,174,220,240,279,316,594,164,205,213,227,323,657,1591,0,1591
20224,A,골목상권,3110328,상월곡역 3번,1950,1014,936,153,200,272,306,302,717,80,112,150,176,161,335,73,88,122,130,141,382,1208,0,1208
20224,A,골목상권,3110329,우리은행체육관,2675,1343,1332,251,303,329,373,438,981,127,155,178,199,210,474,124,148,151,174,228,507,1219,0,1219
20224,A,골목상권,3110330,돌곶이역 1번,2045,1034,1011,196,234,271,280,361,703,97,122,147,152,190,326,99,112,124,128,171,377,928,0,928
20224,A,골목상권,3110331,돌곶이역 8번,3234,1588,1646,272,405,523,477,534,1023,155,197,266,239,261,470,117,208,257,238,273,553,1801,0,1801
20224,A,골목상권,3110332,돌곶이역 3번,743,398,345,63,71,95,121,140,253,30,38,52,65,81,132,33,33,43,56,59,121,481,0,481
20224,A,골목상권,3110333,돌곶이역 5번,1229,600,629,111,144,184,190,190,410,50,67,100,96,85,202,61,77,84,94,105,208,680,0,680
20224,A,골목상권,3110334,석관중앙교회,3034,1526,1508,247,350,395,387,542,1113,138,176,215,198,282,517,109,174,180,189,260,596,1359,0,1359
20224,A,골목상권,3110335,석계역 7번,4330,2201,2129,330,442,696,653,755,1454,176,225,356,355,367,722,154,217,340,298,388,732,2385,0,2385
20224,A,골목상권,3110336,석관고등학교,2293,1170,1123,179,264,320,305,428,797,95,144,177,164,204,386,84,120,143,141,224,411,1121,0,1121
20224,A,골목상권,3110337,아카데미하우스,2659,1286,1373,346,305,315,393,432,868,176,164,151,186,208,401,170,141,164,207,224,467,1196,0,1196
20224,A,골목상권,3110338,인수초등학교,2381,1195,1186,176,223,249,307,444,982,89,131,118,166,224,467,87,92,131,141,220,515,1213,0,1213
20224,A,골목상권,3110339,국립4.19민주묘지,15,7,8,0,1,0,2,2,10,0,1,0,2,0,4,0,0,0,0,2,6,20,0,20
20224,A,골목상권,3110340,인수중학교,1661,834,827,165,196,222,214,299,565,70,115,105,123,150,271,95,81,117,91,149,294,687,0,687
20224,A,골목상권,3110341,북한산우이역 2번,2263,1100,1163,223,247,259,284,397,853,115,132,124,152,191,386,108,115,135,132,206,467,988,0,988
20224,A,골목상권,3110342,국립재활원,2743,1329,1414,294,340,360,384,461,904,145,166,185,199,222,412,149,174,175,185,239,492,1187,0,1187
20224,A,골목상권,3110343,무너미어린이공원,4511,2169,2342,596,536,561,700,761,1357,298,265,270,366,355,615,298,271,291,334,406,742,1981,0,1981
20224,A,골목상권,3110344,화계중학교,1201,621,580,122,121,160,185,181,432,70,66,86,103,83,213,52,55,74,82,98,219,509,0,509
20224,A,골목상권,3110345,솔밭공원역 2번,2834,1383,1451,332,296,331,431,473,971,169,145,165,234,237,433,163,151,166,197,236,538,1405,0,1405
20224,A,골목상권,3110346,4.19민주묘지역 2번,1247,596,651,135,121,134,190,190,477,73,57,62,93,95,216,62,64,72,97,95,261,618,0,618
20224,A,골목상권,3110347,구세군강북종합사회복지관,1479,751,728,127,209,216,207,293,427,77,101,114,113,141,205,50,108,102,94,152,222,644,0,644
20224,A,골목상권,3110348,강북문화예술회관,4200,2029,2171,414,414,546,607,638,1581,204,217,274,312,324,698,210,197,272,295,314,883,1800,0,1800
20224,A,골목상권,3110349,화계역 2번,1028,512,516,112,104,143,161,173,335,71,56,63,95,85,142,41,48,80,66,88,193,511,0,511
20224,A,골목상권,3110350,가오리역 2번,2933,1444,1489,348,305,393,448,475,964,174,174,202,233,238,423,174,131,191,215,237,541,1299,0,1299
20224,A,골목상권,3110351,수유북부시장옆,3235,1578,1657,303,425,411,406,565,1125,158,216,199,227,270,508,145,209,212,179,295,617,1406,0,1406
20224,A,골목상권,3110352,수유1동주민센터,5051,2516,2535,550,562,608,791,804,1736,269,296,328,425,397,801,281,266,280,366,407,935,2418,0,2418
20224,A,골목상권,3110353,수유동우체국,2158,1076,1082,181,219,310,308,359,781,95,115,159,183,179,345,86,104,151,125,180,436,1100,0,1100
20224,A,골목상권,3110354,삼각산119안전센터,221,106,115,46,22,14,57,36,46,21,10,6,28,21,20,25,12,8,29,15,26,159,0,159
20224,A,골목상권,3110355,삼양사거리역 2번,3439,1718,1721,242,391,399,420,641,1346,130,200,220,229,339,600,112,191,179,191,302,746,1654,0,1654
20224,A,골목상권,3110356,덕수교,3110,1528,1582,275,423,390,454,521,1047,140,210,208,237,239,494,135,213,182,217,282,553,1631,0,1631
20224,A,골목상권,3110357,가오리역 1번,1747,900,847,155,190,203,258,306,635,71,114,122,139,154,300,84,76,81,119,152,335,809,0,809
20224,A,골목상권,3110358,인수동 우편취급국,3656,1798,1858,288,364,602,587,583,1232,141,188,313,314,302,540,147,176,289,273,281,692,1850,0,1850
20224,A,골목상권,3110359,수유시장옆,6671,3331,3340,584,679,1108,1022,1064,2214,306,381,569,561,503,1011,278,298,539,461,561,1203,3291,0,3291
20224,A,골목상권,3110360,수유초등학교,3937,1933,2004,376,413,636,594,608,1310,182,221,301,335,296,598,194,192,335,259,312,712,2172,0,2172
20224,A,골목상권,3110361,삼양사거리역 1번,2599,1318,1281,228,263,351,352,440,965,112,145,173,210,223,455,116,118,178,142,217,510,1292,0,1292
20224,A,골목상권,3110362,우이천 계성교,5208,2524,2684,522,563,728,787,860,1748,264,305,391,404,423,737,258,258,337,383,437,1011,2541,0,2541
20224,A,골목상권,3110363,송천동주민센터,1137,581,556,30,71,84,144,207,601,17,32,49,83,117,283,13,39,35,61,90,318,669,0,669
20224,A,골목상권,3110364,미아역 8번,4491,2231,2260,369,457,683,659,766,1557,200,241,372,337,380,701,169,216,311,322,386,856,2314,0,2314
20224,A,골목상권,3110365,미아역 5번,4908,2356,2552,438,508,707,779,830,1646,211,253,349,400,382,761,227,255,358,379,448,885,2432,0,2432
20224,A,골목상권,3110366,광산사거리,2163,1082,1081,167,223,329,316,359,769,85,112,170,177,187,351,82,111,159,139,172,418,1091,0,1091
20224,A,골목상권,3110367,강북구청,1918,914,1004,124,197,330,307,283,677,59,92,164,167,133,299,65,105,166,140,150,378,1041,0,1041
20224,A,골목상권,3110368,송천초등학교,4067,2046,2021,308,446,554,511,768,1480,159,240,309,270,388,680,149,206,245,241,380,800,1910,0,1910
20224,A,골목상권,3110369,성신여대운정그린캠퍼스,4494,2201,2293,326,499,715,628,706,1620,174,216,361,335,370,745,152,283,354,293,336,875,2544,0,2544
20224,A,골목상권,3110370,도봉세무서,3153,1560,1593,235,350,434,468,522,1144,119,185,229,242,255,530,116,165,205,226,267,614,1495,0,1495
20224,A,골목상권,3110371,삼양입구사거리,1716,858,858,98,189,258,207,321,643,50,103,122,118,164,301,48,86,136,89,157,342,930,0,930
20224,A,골목상권,3110372,강북중학교,2725,1350,1375,178,298,502,385,472,890,96,155,267,203,229,400,82,143,235,182,243,490,1632,0,1632
20224,A,골목상권,3110373,수유역 2번,3609,1745,1864,200,382,651,597,594,1185,104,175,320,317,295,534,96,207,331,280,299,651,2096,0,2096
20224,A,골목상권,3110374,송중초등학교,5837,2943,2894,471,612,806,856,1001,2091,238,328,446,469,504,958,233,284,360,387,497,1133,2617,0,2617
20224,A,골목상권,3110375,서울북부고용노동지청,2257,1129,1128,193,275,287,324,388,790,98,147,154,168,213,349,95,128,133,156,175,441,1138,0,1138
20224,A,골목상권,3110376,수송초등학교,8107,4028,4079,756,921,1181,1286,1342,2621,407,480,569,662,727,1183,349,441,612,624,615,1438,4334,0,4334
20224,A,골목상권,3110377,미아사거리역 3번,944,479,465,55,81,141,132,178,357,30,40,76,76,91,166,25,41,65,56,87,191,510,0,510
20224,A,골목상권,3110378,송중동주민센터,1918,970,948,158,216,286,287,320,651,89,120,151,147,161,302,69,96,135,140,159,349,982,0,982
20224,A,골목상권,3110379,KT&G 북부지사,1003,535,468,75,107,136,131,176,378,39,64,77,72,96,187,36,43,59,59,80,191,497,0,497
20224,A,골목상권,3110380,강북문화정보도서관,2622,1271,1351,262,313,330,419,444,854,135,162,169,225,204,376,127,151,161,194,240,478,1043,0,1043
20224,A,골목상권,3110381,번동주공2단지,1186,592,594,95,173,108,176,156,478,49,86,59,102,92,204,46,87,49,74,64,274,438,0,438
20224,A,골목상권,3110382,솔밭공원역 1번,670,322,348,83,98,89,115,99,186,44,47,45,58,53,75,39,51,44,57,46,111,376,0,376
20224,A,골목상권,3110383,덕성여대시반거리,614,285,329,75,72,78,103,92,194,44,32,26,48,44,91,31,40,52,55,48,103,358,0,358
20224,A,골목상권,3110384,문이교,1052,520,532,80,125,136,123,181,407,44,70,71,55,78,202,36,55,65,68,103,205,568,0,568
20224,A,골목상권,3110385,효문고등학교,1749,857,892,155,230,188,216,313,647,68,105,99,116,167,302,87,125,89,100,146,345,786,0,786
20224,A,골목상권,3110386,연산군묘,372,185,187,45,41,34,69,52,131,28,16,17,34,31,59,17,25,17,35,21,72,149,0,149
20224,A,골목상권,3110387,쌍문초등학교,5438,2707,2731,630,667,722,832,898,1689,315,350,381,428,445,788,315,317,341,404,453,901,2276,0,2276
20224,A,골목상권,3110388,도봉우체국,3076,1510,1566,367,333,433,539,474,930,191,166,226,277,221,429,176,167,207,262,253,501,1192,0,1192
20224,A,골목상권,3110389,한일병원,1010,497,513,63,108,168,165,156,350,32,56,81,90,75,163,31,52,87,75,81,187,561,0,561
20224,A,골목상권,3110390,방학초등학교,1396,686,710,147,193,184,184,262,426,77,102,99,86,121,201,70,91,85,98,141,225,746,0,746
20224,A,골목상권,3110391,샘말어린이공원,5239,2618,2621,587,694,664,757,871,1666,295,376,359,382,439,767,292,318,305,375,432,899,2152,0,2152
20224,A,골목상권,3110392,발바닥공원,171,83,88,17,25,22,24,38,45,7,12,12,11,19,22,10,13,10,13,19,23,53,0,53
20224,A,골목상권,3110393,국민은행방학지점,267,138,129,26,31,34,31,44,101,18,19,18,15,22,46,8,12,16,16,22,55,89,0,89
20224,A,골목상권,3110394,방학중학교,7266,3703,3563,664,865,881,1024,1352,2480,348,460,490,547,714,1144,316,405,391,477,638,1336,3411,0,3411
20224,A,골목상권,3110395,신한은행 방학동지점,1590,805,785,120,200,222,208,298,542,68,113,114,117,133,260,52,87,108,91,165,282,687,0,687
20224,A,골목상권,3110396,쌍문역1번(쌍리단길),2209,1064,1145,135,237,358,371,371,737,64,120,176,193,179,332,71,117,182,178,192,405,1149,0,1149
20224,A,골목상권,3110397,도봉산입구,8097,4064,4033,726,891,1015,1110,1246,3109,358,472,542,614,603,1475,368,419,473,496,643,1634,3609,0,3609
20224,A,골목상권,3110398,쌍문2동우체국,3261,1610,1651,338,384,543,495,502,999,192,180,277,263,238,460,146,204,266,232,264,539,1349,0,1349
20224,A,골목상권,3110399,창2동주민센터,8808,4307,4501,1194,1126,1201,1431,1533,2323,605,576,600,718,741,1067,589,550,601,713,792,1256,3469,0,3469
20224,A,골목상권,3110400,도봉구보건소,4140,2022,2118,447,472,589,595,661,1376,239,231,290,319,317,626,208,241,299,276,344,750,1925,0,1925
20224,A,골목상권,3110401,도봉구민회관,775,391,384,73,102,109,118,125,248,37,60,57,65,60,112,36,42,52,53,65,136,338,0,338
20224,A,골목상권,3110402,도봉구 정병원,2998,1506,1492,271,331,403,437,490,1066,149,180,213,225,252,487,122,151,190,212,238,579,1499,0,1499
20224,A,골목상권,3110403,방학1동주민센터,6580,3303,3277,523,753,872,890,1184,2358,269,402,465,480,614,1073,254,351,407,410,570,1285,3104,0,3104
20224,A,골목상권,3110404,신창초등학교,10836,5515,5321,1137,1355,1350,1554,1948,3492,610,722,726,831,984,1642,527,633,624,723,964,1850,4828,0,4828
20224,A,골목상권,3110405,방학역 1번,7456,3813,3643,582,894,907,1070,1315,2688,307,469,462,596,680,1299,275,425,445,474,635,1389,3425,0,3425
20224,A,골목상권,3110406,도봉산역 1번,1518,785,733,121,142,204,221,229,601,58,75,98,126,132,296,63,67,106,95,97,305,780,0,780
20224,A,골목상권,3110407,도봉역 2번,6902,3562,3340,474,728,874,922,1259,2645,241,408,467,509,653,1284,233,320,407,413,606,1361,3354,0,3354
20224,A,골목상권,3110408,가인초등학교,817,386,431,103,125,129,105,154,201,52,62,66,50,64,92,51,63,63,55,90,109,649,0,649
20224,A,골목상권,3110409,창동역 2번,2979,1490,1489,262,366,482,427,522,920,138,191,243,220,246,452,124,175,239,207,276,468,1286,0,1286
20224,A,골목상권,3110410,방학역 2번,2578,1346,1232,175,258,454,412,441,838,96,130,239,237,226,418,79,128,215,175,215,420,1650,0,1650
20224,A,골목상권,3110411,도봉역 3번,1676,883,793,174,170,197,212,261,662,95,91,113,133,140,311,79,79,84,79,121,351,768,0,768
20224,A,골목상권,3110412,창동중학교,382,189,193,48,56,59,58,61,100,20,33,32,28,24,52,28,23,27,30,37,48,154,0,154
20224,A,골목상권,3110413,누원고등학교,772,370,402,119,81,86,122,115,249,59,40,44,59,57,111,60,41,42,63,58,138,1047,0,1047
20224,A,골목상권,3110414,장석교회,1149,582,567,135,154,138,176,177,369,73,78,79,87,95,170,62,76,59,89,82,199,465,0,465
20224,A,골목상권,3110415,수락산역 4번,5231,2638,2593,543,671,747,762,909,1599,275,363,419,380,440,761,268,308,328,382,469,838,2328,0,2328
20224,A,골목상권,3110416,노원초등학교,2601,1251,1350,321,398,336,378,477,691,151,210,161,179,218,332,170,188,175,199,259,359,920,0,920
20224,A,골목상권,3110417,월계역 3번,958,506,452,66,111,131,142,153,355,39,59,66,86,82,174,27,52,65,56,71,181,590,0,590
20224,A,골목상권,3110418,광운대학교 남단,1590,891,699,99,265,310,181,221,514,49,158,208,109,113,254,50,107,102,72,108,260,824,0,824
20224,A,골목상권,3110419,수락산디자인거리,3256,1582,1674,303,397,494,442,530,1090,161,200,256,206,248,511,142,197,238,236,282,579,1365,0,1365
20224,A,골목상권,3110420,광운대역 1번,1358,778,580,107,287,247,161,185,371,52,174,183,86,109,174,55,113,64,75,76,197,856,0,856
20224,A,골목상권,3110421,석계역 1번,1483,779,704,94,139,191,206,231,622,50,83,106,114,135,291,44,56,85,92,96,331,735,0,735
20224,A,골목상권,3110422,노원역 9번,1005,489,516,124,138,135,177,174,257,62,65,65,89,85,123,62,73,70,88,89,134,354,0,354
20224,A,골목상권,3110423,석계역 2번,547,260,287,108,40,75,81,79,164,47,17,33,43,40,80,61,23,42,38,39,84,229,0,229
20224,A,골목상권,3110424,상계초등학교,3092,1569,1523,265,435,445,419,531,997,130,239,215,227,257,501,135,196,230,192,274,496,1378,0,1378
20224,A,골목상권,3110425,계상초등학교,3869,1906,1963,354,503,487,546,646,1333,178,259,261,280,322,606,176,244,226,266,324,727,1627,0,1627
20224,A,골목상권,3110426,상계2동주민센터,4253,2093,2160,286,503,652,571,746,1495,147,251,339,319,365,672,139,252,313,252,381,823,2202,0,2202
20224,A,골목상권,3110427,노원 을지대학교병원,640,320,320,66,95,103,64,122,190,33,52,60,32,58,85,33,43,43,32,64,105,216,0,216
20224,A,골목상권,3110428,상계5동주민센터,9414,4650,4764,780,1110,1172,1288,1624,3440,379,585,620,680,807,1579,401,525,552,608,817,1861,4351,0,4351
20224,A,골목상권,3110429,공릉동 국수거리,5140,2545,2595,481,549,1094,873,678,1465,235,268,537,487,332,686,246,281,557,386,346,779,2470,0,2470
20224,A,골목상권,3110430,중계초등학교,66,32,34,1,13,4,11,18,19,0,7,3,5,8,9,1,6,1,6,10,10,25,0,25
20224,A,골목상권,3110431,상계역,910,492,418,80,120,114,113,172,311,34,71,63,63,95,166,46,49,51,50,77,145,466,0,466
20224,A,골목상권,3110432,대진고등학교,1926,946,980,227,340,288,201,360,510,118,179,147,91,158,253,109,161,141,110,202,257,906,0,906
20224,A,골목상권,3110433,공릉역 2번,4427,2292,2135,316,730,1004,564,578,1235,160,357,589,330,267,589,156,373,415,234,311,646,2643,0,2643
20224,A,골목상권,3110434,태릉입구역 4번,1746,874,872,154,166,382,255,262,527,75,68,195,154,131,251,79,98,187,101,131,276,862,0,862
20224,A,골목상권,3110435,서울과학기술대,266,131,135,21,49,40,38,43,75,11,21,18,19,23,39,10,28,22,19,20,36,146,0,146
20224,A,골목상권,3110436,상계제일중학교,1370,676,694,126,245,171,176,283,369,54,130,108,83,133,168,72,115,63,93,150,201,633,0,633
20224,A,골목상권,3110437,당고개역 2번,1563,800,763,100,142,177,213,265,666,59,68,99,124,141,309,41,74,78,89,124,357,823,0,823
20224,A,골목상권,3110438,경춘선숲길 우측,3249,1746,1503,268,722,663,429,411,756,157,380,401,236,204,368,111,342,262,193,207,388,2292,0,2292
20224,A,골목상권,3110439,당고개역 5번,4557,2268,2289,392,543,545,628,815,1634,216,298,286,343,414,711,176,245,259,285,401,923,1835,0,1835
20224,A,골목상권,3110440,상계3동4동주민센터,1943,1010,933,178,208,253,285,312,707,102,113,145,167,160,323,76,95,108,118,152,384,750,0,750
20224,A,골목상권,3110441,영신여고,2426,1171,1255,333,441,233,348,499,572,164,221,112,150,253,271,169,220,121,198,246,301,856,0,856
20224,A,골목상권,3110442,화랑대철도공원,328,112,216,39,98,56,31,44,60,19,19,12,17,19,26,20,79,44,14,25,34,234,0,234
20224,A,골목상권,3110443,수색역 1번,14,9,5,0,0,0,3,3,8,0,0,0,3,2,4,0,0,0,0,1,4,12,0,12
20224,A,골목상권,3110444,수색성당,595,296,299,76,55,75,104,82,203,35,33,40,54,39,95,41,22,35,50,43,108,219,0,219
20224,A,골목상권,3110445,덕산중학교,1544,756,788,188,190,197,238,238,493,85,102,100,131,118,220,103,88,97,107,120,273,716,0,716
20224,A,골목상권,3110446,내를건너서숲으로도서관,1379,646,733,130,150,178,221,228,472,60,67,91,111,109,208,70,83,87,110,119,264,936,0,936
20224,A,골목상권,3110447,구산초등학교,1543,744,799,182,178,219,253,217,494,89,92,107,131,110,215,93,86,112,122,107,279,758,0,758
20224,A,골목상권,3110448,상신초등학교입구,2590,1319,1271,317,313,349,416,461,734,164,178,204,219,226,328,153,135,145,197,235,406,1145,0,1145
20224,A,골목상권,3110449,증산역 3번,5484,2684,2800,579,601,729,812,880,1883,316,300,375,392,450,851,263,301,354,420,430,1032,2367,0,2367
20224,A,골목상권,3110450,시립서북병원,8809,4214,4595,1080,1114,1195,1456,1453,2511,521,554,575,723,686,1155,559,560,620,733,767,1356,3281,0,3281
20224,A,골목상권,3110451,증산역 4번,5672,2807,2865,546,641,784,856,935,1910,270,326,398,448,459,906,276,315,386,408,476,1004,2491,0,2491
20224,A,골목상권,3110452,새절역 3번,2660,1325,1335,236,286,402,414,387,935,120,155,202,228,189,431,116,131,200,186,198,504,1375,0,1375
20224,A,골목상권,3110453,신사1동주민센터,8614,4195,4419,862,919,1313,1528,1363,2629,439,508,632,791,641,1184,423,411,681,737,722,1445,3890,0,3890
20224,A,골목상권,3110454,선정중학교,6292,2990,3302,773,808,842,1141,988,1740,390,378,405,596,483,738,383,430,437,545,505,1002,2535,0,2535
20224,A,골목상권,3110455,역촌노인복지관,8351,4010,4341,1018,951,1142,1498,1392,2350,499,471,540,763,689,1048,519,480,602,735,703,1302,3763,0,3763
20224,A,골목상권,3110456,구산보건지소,8243,3966,4277,1027,1064,1103,1397,1409,2243,518,527,537,717,681,986,509,537,566,680,728,1257,3437,0,3437
20224,A,골목상권,3110457,예일여고,4391,2071,2320,436,578,625,687,778,1287,220,263,302,339,353,594,216,315,323,348,425,693,1882,0,1882
20224,A,골목상권,3110458,선일여고,5649,2711,2938,640,869,846,833,985,1476,333,450,404,411,441,672,307,419,442,422,544,804,2329,0,2329
20224,A,골목상권,3110459,응암역 2번,4912,2315,2597,661,579,627,889,791,1365,323,306,291,429,368,598,338,273,336,460,423,767,2094,0,2094
20224,A,골목상권,3110460,구산역 4번,5531,2689,2842,629,717,751,903,960,1571,330,367,372,469,458,693,299,350,379,434,502,878,2394,0,2394
20224,A,골목상권,3110461,새절역 2번,1773,835,938,163,179,291,287,261,592,89,95,138,136,126,251,74,84,153,151,135,341,880,0,880
20224,A,골목상권,3110462,갈현건영아파트,6346,3133,3213,555,797,851,876,1086,2181,303,426,448,464,531,961,252,371,403,412,555,1220,2879,0,2879
20224,A,골목상권,3110463,응암3동주민센터,2226,1083,1143,160,205,304,312,426,819,85,112,153,170,208,355,75,93,151,142,218,464,1236,0,1236
20224,A,골목상권,3110464,연신내역 5번,4084,1940,2144,417,528,625,669,679,1166,229,268,274,355,308,506,188,260,351,314,371,660,2154,0,2154
20224,A,골목상권,3110465,연신내역 7번,2589,1225,1364,251,296,460,404,398,780,121,151,222,210,181,340,130,145,238,194,217,440,1335,0,1335
20224,A,골목상권,3110466,구산역 2번,4374,2093,2281,482,491,598,708,707,1388,250,237,293,360,345,608,232,254,305,348,362,780,1938,0,1938
20224,A,골목상권,3110467,은평요양병원,1109,543,566,109,103,176,177,152,392,58,52,84,100,71,178,51,51,92,77,81,214,776,0,776
20224,A,골목상권,3110468,응암역 3번,12111,5748,6363,1485,1360,1675,2186,1950,3455,749,693,747,1084,942,1533,736,667,928,1102,1008,1922,5100,0,5100
20224,A,골목상권,3110469,응암정보도서관,7458,3707,3751,589,882,938,974,1306,2769,296,472,518,505,665,1251,293,410,420,469,641,1518,3710,0,3710
20224,A,골목상권,3110470,신진과학기술고등학교,2018,961,1057,343,193,290,389,298,505,167,102,134,185,152,221,176,91,156,204,146,284,971,0,971
20224,A,골목상권,3110471,응암동우체국,4124,2054,2070,346,484,510,600,731,1453,172,262,265,325,367,663,174,222,245,275,364,790,2292,0,2292
20224,A,골목상권,3110472,연신내역 4번,5473,2569,2904,524,568,931,914,829,1707,237,268,446,452,394,772,287,300,485,462,435,935,2742,0,2742
20224,A,골목상권,3110473,구산역 1번,9899,4707,5192,1129,1098,1330,1670,1647,3025,546,540,662,843,781,1335,583,558,668,827,866,1690,4409,0,4409
20224,A,골목상권,3110474,세명컴퓨터고등학교,4603,2302,2301,396,525,736,700,739,1507,199,284,387,386,350,696,197,241,349,314,389,811,2247,0,2247
20224,A,골목상권,3110475,백련산해모로아파트,3424,1656,1768,457,385,438,608,538,998,232,196,213,302,269,444,225,189,225,306,269,554,1420,0,1420
20224,A,골목상권,3110476,역촌역 2번,1270,592,678,122,130,213,197,221,387,64,52,104,94,106,172,58,78,109,103,115,215,591,0,591
20224,A,골목상권,3110477,은평세무서,3132,1489,1643,372,318,421,517,493,1011,180,165,196,258,235,455,192,153,225,259,258,556,1409,0,1409
20224,A,골목상권,3110478,응암1동주민센터,3246,1546,1700,357,363,378,511,572,1065,184,176,190,252,284,460,173,187,188,259,288,605,1584,0,1584
20224,A,골목상권,3110479,연신내역 2번,3962,1955,2007,292,411,548,541,675,1495,167,228,292,278,316,674,125,183,256,263,359,821,1915,0,1915
20224,A,골목상권,3110480,연신내역 3번,3157,1492,1665,275,313,546,511,459,1053,137,163,270,267,201,454,138,150,276,244,258,599,1554,0,1554
20224,A,골목상권,3110481,불광역 7번,3327,1596,1731,285,350,677,573,490,952,166,158,300,311,235,426,119,192,377,262,255,526,1750,0,1750
20224,A,골목상권,3110482,연신초등학교,1593,789,804,121,182,209,208,314,559,61,99,104,109,151,265,60,83,105,99,163,294,780,0,780
20224,A,골목상권,3110483,연천초등학교,3404,1599,1805,320,416,476,495,595,1102,148,205,227,257,282,480,172,211,249,238,313,622,1585,0,1585
20224,A,골목상권,3110484,역촌역 3번,8280,4024,4256,887,773,1113,1406,1323,2778,436,403,569,724,681,1211,451,370,544,682,642,1567,4081,0,4081
20224,A,골목상권,3110485,연신내우체국,2599,1237,1362,280,257,341,386,426,909,138,129,171,199,208,392,142,128,170,187,218,517,1231,0,1231
20224,A,골목상권,3110486,은평구청,1966,990,976,270,187,285,361,306,557,156,102,127,193,164,248,114,85,158,168,142,309,931,0,931
20224,A,골목상권,3110487,불광역 8번,291,147,144,19,28,27,39,46,132,13,16,13,20,23,62,6,12,14,19,23,70,200,0,200
20224,A,골목상권,3110488,우리은행응암동지점,3057,1459,1598,370,299,407,508,499,974,189,147,211,259,235,418,181,152,196,249,264,556,1384,0,1384
20224,A,골목상권,3110489,불광역 3번,1329,613,716,105,103,232,205,183,501,54,51,113,103,86,206,51,52,119,102,97,295,709,0,709
20224,A,골목상권,3110490,녹번동근린공원,5238,2575,2663,538,575,705,867,847,1706,295,289,389,445,414,743,243,286,316,422,433,963,2447,0,2447
20224,A,골목상권,3110491,불광중학교,1436,705,731,155,156,161,222,224,518,78,86,81,121,103,236,77,70,80,101,121,282,651,0,651
20224,A,골목상권,3110492,하나고등학교,144,72,72,14,21,6,18,32,53,9,11,5,8,17,22,5,10,1,10,15,31,227,0,227
20224,A,골목상권,3110493,북가좌초등학교,1505,758,747,163,139,214,209,227,553,89,74,107,117,121,250,74,65,107,92,106,303,613,0,613
20224,A,골목상권,3110494,증산3교남측,868,427,441,97,91,130,122,149,279,46,43,64,60,75,139,51,48,66,62,74,140,363,0,363
20224,A,골목상권,3110495,북가좌2동주민센터,6502,3141,3361,701,667,883,1134,1004,2113,360,352,418,581,478,952,341,315,465,553,526,1161,3036,0,3036
20224,A,골목상권,3110496,모래내우체국,2178,1065,1113,237,231,314,330,326,740,127,108,158,168,172,332,110,123,156,162,154,408,967,0,967
20224,A,골목상권,3110497,가좌역 3번,31,14,17,3,2,4,2,4,16,2,0,3,1,2,6,1,2,1,1,2,10,135,0,135
20224,A,골목상권,3110498,증산역 1번,3569,1761,1808,311,364,531,587,535,1241,152,204,284,305,267,549,159,160,247,282,268,692,1638,0,1638
20224,A,골목상권,3110499,연가초등학교,6430,3205,3225,711,971,909,994,1132,1713,368,502,499,496,546,794,343,469,410,498,586,919,2724,0,2724
20224,A,골목상권,3110500,남가좌동현대아파트,772,372,400,174,77,106,147,100,168,77,43,51,82,44,75,97,34,55,65,56,93,247,0,247
20224,A,골목상권,3110501,연희어린이공원,1522,758,764,91,152,304,213,229,533,51,80,155,114,104,254,40,72,149,99,125,279,664,0,664
20224,A,골목상권,3110502,남가좌파출소,3808,1878,1930,364,410,529,566,600,1339,190,219,267,301,322,579,174,191,262,265,278,760,1922,0,1922
20224,A,골목상권,3110503,명지대학교교회,5162,2592,2570,441,749,956,713,822,1481,231,345,537,350,432,697,210,404,419,363,390,784,2865,0,2865
20224,A,골목상권,3110504,명지전문대,207,101,106,26,34,20,31,40,56,14,14,14,12,23,24,12,20,6,19,17,32,99,0,99
20224,A,골목상권,3110505,홍남교남측,227,121,106,15,33,26,32,50,71,7,19,15,22,26,32,8,14,11,10,24,39,77,0,77
20224,A,골목상권,3110506,연희임광아파트,582,260,322,57,46,161,127,77,114,24,19,74,58,40,45,33,27,87,69,37,69,354,0,354
20224,A,골목상권,3110507,명지대학교,6854,3335,3519,624,833,1122,970,1117,2188,311,396,595,495,547,991,313,437,527,475,570,1197,3598,0,3598
20224,A,골목상권,3110508,서연중학교,2270,1105,1165,304,223,282,355,352,754,150,124,145,162,168,356,154,99,137,193,184,398,949,0,949
20224,A,골목상권,3110509,연희대우아파트앞,3724,1745,1979,272,370,1238,612,432,800,147,156,573,303,216,350,125,214,665,309,216,450,2210,0,2210
20224,A,골목상권,3110510,홍연시장,1178,609,569,95,129,147,147,195,465,47,71,92,78,111,210,48,58,55,69,84,255,511,0,511
20224,A,골목상권,3110511,연희초등학교,5399,2802,2597,360,693,1944,779,582,1041,182,352,1139,379,280,470,178,341,805,400,302,571,3984,0,3984
20224,A,골목상권,3110512,연희지하차도,3384,1639,1745,316,412,468,503,568,1117,163,218,243,256,273,486,153,194,225,247,295,631,1743,0,1743
20224,A,골목상권,3110513,연희파출소,1052,493,559,139,110,191,183,159,270,67,49,86,88,83,120,72,61,105,95,76,150,489,0,489
20224,A,골목상권,3110514,서대문우체국,2136,1081,1055,82,297,888,251,195,423,45,140,479,137,90,190,37,157,409,114,105,233,1583,0,1583
20224,A,골목상권,3110515,홍은중학교,2507,1210,1297,253,315,310,376,414,839,133,148,158,194,200,377,120,167,152,182,214,462,1163,0,1163
20224,A,골목상권,3110516,정원여중,1230,587,643,109,143,176,184,233,385,43,76,89,92,114,173,66,67,87,92,119,212,468,0,468
20224,A,골목상권,3110517,서대문소방서,969,465,504,196,127,139,135,158,214,109,62,61,61,72,100,87,65,78,74,86,114,430,0,430
20224,A,골목상권,3110518,서대문구청,557,256,301,68,69,73,80,97,170,30,34,33,37,46,76,38,35,40,43,51,94,242,0,242
20224,A,골목상권,3110519,서대문구보건소별관,4078,1910,2168,516,474,523,604,638,1323,223,237,264,310,315,561,293,237,259,294,323,762,1696,0,1696
20224,A,골목상권,3110520,경의중앙 신촌역,1512,713,799,58,223,479,202,170,380,33,86,245,101,94,154,25,137,234,101,76,226,1101,0,1101
20224,A,골목상권,3110521,홍제역 4번,1021,502,519,73,102,145,157,162,382,40,59,72,77,79,175,33,43,73,80,83,207,490,0,490
20224,A,골목상권,3110522,홍제역 3번,1411,646,765,128,164,163,220,223,513,59,84,81,112,101,209,69,80,82,108,122,304,654,0,654
20224,A,골목상권,3110523,홍제성원아파트,575,281,294,49,76,72,77,82,219,24,33,38,40,38,108,25,43,34,37,44,111,227,0,227
20224,A,골목상권,3110524,연희세브란스병원,216,94,122,27,21,70,37,17,44,14,4,30,16,10,20,13,17,40,21,7,24,174,0,174
20224,A,골목상권,3110525,홍은종합사회복지관,415,196,219,50,44,33,71,71,146,25,22,15,34,35,65,25,22,18,37,36,81,251,0,251
20224,A,골목상권,3110526,봉원사,1129,503,626,114,140,338,134,135,268,60,45,137,61,69,131,54,95,201,73,66,137,773,0,773
20224,A,골목상권,3110527,홍제역 2번,1705,820,885,123,172,276,189,301,644,65,90,136,93,150,286,58,82,140,96,151,358,993,0,993
20224,A,골목상권,3110528,서울여자간호대학교,1349,677,672,129,160,160,176,254,470,77,79,88,100,128,205,52,81,72,76,126,265,711,0,711
20224,A,골목상권,3110529,홍제3동주민센터,3657,1771,1886,258,389,461,482,633,1434,125,196,237,282,312,619,133,193,224,200,321,815,1765,0,1765
20224,A,골목상권,3110530,아현역 1번,288,144,144,16,23,47,46,40,116,8,8,28,25,22,53,8,15,19,21,18,63,169,0,169
20224,A,골목상권,3110531,홍지문,460,229,231,29,69,88,57,69,148,14,36,46,30,41,62,15,33,42,27,28,86,228,0,228
20224,A,골목상권,3110532,아현역 2번,2224,1049,1175,159,221,313,332,404,795,74,107,166,179,212,311,85,114,147,153,192,484,1212,0,1212
20224,A,골목상권,3110533,충정로역 7번,1174,606,568,53,121,195,178,216,411,28,64,113,92,119,190,25,57,82,86,97,221,650,0,650
20224,A,골목상권,3110534,경기대학교,1726,845,881,141,205,283,205,286,606,63,96,154,109,154,269,78,109,129,96,132,337,871,0,871
20224,A,골목상권,3110535,영천시장입구,1441,663,778,144,149,180,215,230,523,81,76,85,100,122,199,63,73,95,115,108,324,726,0,726
20224,A,골목상권,3110536,돈의문센트레빌아파트입구,750,392,358,36,81,143,107,146,237,15,47,72,60,76,122,21,34,71,47,70,115,399,0,399
20224,A,골목상권,3110537,충정로현대아파트,760,352,408,85,67,209,123,95,181,33,30,96,55,53,85,52,37,113,68,42,96,607,0,607
20224,A,골목상권,3110538,충정로역 3번,313,159,154,14,30,80,62,37,90,4,16,46,33,21,39,10,14,34,29,16,51,297,0,297
20224,A,골목상권,3110539,미근동,512,263,249,24,34,137,66,67,184,13,21,70,40,34,85,11,13,67,26,33,99,314,0,314
20224,A,골목상권,3110540,망원나들목체육관,3204,1642,1562,407,327,495,604,504,867,212,181,251,314,279,405,195,146,244,290,225,462,1320,0,1320
20224,A,골목상권,3110541,동교초등학교,4956,2368,2588,662,534,739,925,773,1323,318,265,343,445,384,613,344,269,396,480,389,710,2229,0,2229
20224,A,골목상권,3110542,마포구청역 7번,5409,2639,2770,654,573,920,1017,855,1390,334,315,425,504,431,630,320,258,495,513,424,760,2483,0,2483
20224,A,골목상권,3110543,중암중학교,1093,532,561,132,141,180,158,194,288,70,74,97,68,98,125,62,67,83,90,96,163,493,0,493
20224,A,골목상권,3110544,망리단길,13911,6611,7300,1411,1456,2574,2519,2165,3786,739,711,1181,1247,1069,1664,672,745,1393,1272,1096,2122,6618,0,6618
20224,A,골목상권,3110545,마포구청역 1번,2474,1057,1417,230,246,708,526,320,444,108,99,255,223,161,211,122,147,453,303,159,233,3987,0,3987
20224,A,골목상권,3110546,양화대교북단,2927,1427,1500,292,271,679,561,378,746,133,134,341,289,184,346,159,137,338,272,194,400,1357,0,1357
20224,A,골목상권,3110547,KB국민은행 망원동지점,2759,1298,1461,327,302,420,454,446,810,159,156,180,227,222,354,168,146,240,227,224,456,1165,0,1165
20224,A,골목상권,3110548,마포구청역 4번,2818,1341,1477,261,296,537,546,451,727,141,155,248,263,216,318,120,141,289,283,235,409,1437,0,1437
20224,A,골목상권,3110549,새터산,2754,1349,1405,334,319,432,446,453,770,167,161,214,224,238,345,167,158,218,222,215,425,1262,0,1262
20224,A,골목상권,3110550,합정역 8번,6202,2844,3358,614,625,1406,1227,837,1493,287,268,593,625,405,666,327,357,813,602,432,827,3047,0,3047
20224,A,골목상권,3110551,성서초등학교,4480,2137,2343,639,528,633,853,786,1041,315,277,278,397,388,482,324,251,355,456,398,559,1840,0,1840
20224,A,골목상권,3110552,성미산체육관,2104,1010,1094,190,214,342,339,378,641,91,106,162,165,180,306,99,108,180,174,198,335,1133,0,1133
20224,A,골목상권,3110553,가좌역 2번,3229,1595,1634,276,357,485,515,556,1040,158,169,244,252,299,473,118,188,241,263,257,567,1770,0,1770
20224,A,골목상권,3110554,망원역 1번,4497,2051,2446,354,414,906,893,682,1248,171,197,373,418,332,560,183,217,533,475,350,688,2550,0,2550
20224,A,골목상권,3110555,홍익지구대,261,124,137,17,24,59,53,43,65,13,10,22,30,20,29,4,14,37,23,23,36,130,0,130
20224,A,골목상권,3110556,절두산순교성지,1314,629,685,100,126,257,234,190,407,53,71,114,127,77,187,47,55,143,107,113,220,540,0,540
20224,A,골목상권,3110557,홍대부속여중고앞,3595,1650,1945,351,321,747,789,555,832,168,158,331,382,248,363,183,163,416,407,307,469,1775,0,1775
20224,A,골목상권,3110558,경성고등학교,8634,4138,4496,815,880,1547,1561,1342,2489,405,479,729,779,651,1095,410,401,818,782,691,1394,4349,0,4349
20224,A,골목상권,3110559,성산중학교,2954,1362,1592,229,302,676,555,424,768,122,142,287,276,206,329,107,160,389,279,218,439,1347,0,1347
20224,A,골목상권,3110560,마포FM,1685,797,888,155,160,366,339,234,431,84,62,172,167,115,197,71,98,194,172,119,234,874,0,874
20224,A,골목상권,3110561,상수역 4번,2572,1243,1329,140,266,677,540,338,611,71,112,354,284,156,266,69,154,323,256,182,345,1379,0,1379
20224,A,골목상권,3110562,연트럴파크(연남동주민센터),3257,1535,1722,373,291,677,658,434,824,197,148,314,323,200,353,176,143,363,335,234,471,1601,0,1601
20224,A,골목상권,3110563,상수역 3번,765,369,396,62,73,245,139,84,162,37,32,112,72,41,75,25,41,133,67,43,87,453,0,453
20224,A,골목상권,3110564,홍대입구역 3번,767,360,407,57,56,204,174,96,180,31,26,103,78,47,75,26,30,101,96,49,105,398,0,398
20224,A,골목상권,3110565,홍익대,1663,824,839,89,278,550,235,229,282,44,115,323,115,104,123,45,163,227,120,125,159,1065,0,1065
20224,A,골목상권,3110566,경의선책거리,2138,995,1143,135,238,623,394,284,464,73,95,295,188,145,199,62,143,328,206,139,265,1223,0,1223
20224,A,골목상권,3110567,광흥창역 6번,321,136,185,21,36,97,47,35,85,5,15,38,24,17,37,16,21,59,23,18,48,202,0,202
20224,A,골목상권,3110568,광흥창역 1번,350,185,165,54,44,46,59,73,74,31,26,26,30,39,33,23,18,20,29,34,41,150,0,150
20224,A,골목상권,3110569,홍대땡땡거리,2009,986,1023,102,207,651,335,232,482,59,97,316,177,122,215,43,110,335,158,110,267,1348,0,1348
20224,A,골목상권,3110570,KB국민은행 서강지점,556,262,294,120,34,79,124,80,119,60,16,35,62,35,54,60,18,44,62,45,65,255,0,255
20224,A,골목상권,3110571,신수동주민센터,2470,1210,1260,243,265,357,403,391,811,121,139,199,203,201,347,122,126,158,200,190,464,1172,0,1172
20224,A,골목상권,3110572,서강대역 1번,2863,1504,1359,166,370,804,424,392,707,91,185,468,227,217,316,75,185,336,197,175,391,1946,0,1946
20224,A,골목상권,3110573,신촌역 6번,209,114,95,16,23,73,34,22,41,11,13,41,13,15,21,5,10,32,21,7,20,143,0,143
20224,A,골목상권,3110574,서강대학교,166,92,74,13,11,40,30,26,46,6,5,27,16,17,21,7,6,13,14,9,25,107,0,107
20224,A,골목상권,3110575,대흥동주민센터,2817,1400,1417,159,282,548,392,423,1013,78,124,302,214,234,448,81,158,246,178,189,565,1876,0,1876
20224,A,골목상권,3110576,대흥역 3번,1224,606,618,121,118,167,211,176,431,68,56,84,104,90,204,53,62,83,107,86,227,592,0,592
20224,A,골목상권,3110577,용강동주민센터,828,388,440,100,101,113,142,144,228,52,41,56,69,70,100,48,60,57,73,74,128,472,0,472
20224,A,골목상권,3110578,대흥역 2번,2888,1450,1438,216,322,375,384,515,1076,115,180,204,201,267,483,101,142,171,183,248,593,1618,0,1618
20224,A,골목상권,3110579,마포역 4번,849,451,398,66,79,227,144,115,218,42,40,119,82,64,104,24,39,108,62,51,114,469,0,469
20224,A,골목상권,3110580,양원초등학교,1415,709,706,68,184,326,175,202,460,40,96,171,104,97,201,28,88,155,71,105,259,824,0,824
20224,A,골목상권,3110581,염리초등학교,319,163,156,99,12,29,102,34,43,57,7,14,47,19,19,42,5,15,55,15,24,99,0,99
20224,A,골목상권,3110582,이대역 5번,1676,792,884,69,237,362,225,249,534,34,87,182,109,117,263,35,150,180,116,132,271,1021,0,1021
20224,A,골목상권,3110583,공덕래미안3차아파트,185,87,98,13,22,47,31,27,45,6,8,24,15,17,17,7,14,23,16,10,28,111,0,111
20224,A,골목상권,3110584,아현역 4번,101,60,41,6,4,16,11,18,46,4,2,6,4,14,30,2,2,10,7,4,16,39,0,39
20224,A,골목상권,3110585,마포경찰서,247,124,123,61,16,60,57,22,31,40,7,19,35,10,13,21,9,41,22,12,18,93,0,93
20224,A,골목상권,3110586,서울서부지방법원,1395,660,735,59,87,390,298,222,339,34,31,149,140,130,176,25,56,241,158,92,163,1165,0,1165
20224,A,골목상권,3110587,공덕동주민센터,2632,1277,1355,177,206,454,413,463,919,82,104,224,209,240,418,95,102,230,204,223,501,2427,0,2427
20224,A,골목상권,3110588,한겨레신문사,2918,1389,1529,235,338,470,482,516,877,118,160,215,246,259,391,117,178,255,236,257,486,1569,0,1569
20224,A,골목상권,3110589,애오개역 3번,1922,945,977,132,253,291,216,324,706,66,132,166,120,156,305,66,121,125,96,168,401,847,0,847
20224,A,골목상권,3110590,만리재,2742,1329,1413,215,359,398,387,564,819,108,191,206,203,272,349,107,168,192,184,292,470,1212,0,1212
20224,A,골목상권,3110591,충정로역 6번,2504,1244,1260,173,252,361,348,396,974,85,130,197,187,210,435,88,122,164,161,186,539,1150,0,1150
20224,A,골목상권,3110592,서울금융고등학교,1460,730,730,127,205,220,193,256,459,71,102,115,100,131,211,56,103,105,93,125,248,565,0,565
20224,A,골목상권,3110593,신월3동주민센터,7506,4034,3472,567,754,932,1064,1436,2753,286,367,518,610,850,1403,281,387,414,454,586,1350,3863,0,3863
20224,A,골목상권,3110594,신월중학교,3509,1725,1784,570,426,463,631,549,870,289,227,224,320,257,408,281,199,239,311,292,462,1263,0,1263
20224,A,골목상권,3110595,메디힐병원,6049,2972,3077,602,718,874,909,1044,1902,304,352,438,475,518,885,298,366,436,434,526,1017,2719,0,2719
20224,A,골목상권,3110596,서서울호수공원,3809,1912,1897,462,457,553,597,653,1087,246,235,291,315,306,519,216,222,262,282,347,568,1587,0,1587
20224,A,골목상권,3110597,신월1동주민센터,6370,3302,3068,573,692,862,977,1067,2199,304,359,454,554,545,1086,269,333,408,423,522,1113,3070,0,3070
20224,A,골목상권,3110598,신월문화체육센터,3560,1744,1816,360,397,474,513,591,1225,168,218,258,277,290,533,192,179,216,236,301,692,1385,0,1385
20224,A,골목상권,3110599,신월1파출소,4594,2377,2217,507,530,587,689,808,1473,270,281,316,373,427,710,237,249,271,316,381,763,1946,0,1946
20224,A,골목상권,3110600,신월7동주민센터,5360,2643,2717,407,651,744,736,923,1899,203,332,389,390,468,861,204,319,355,346,455,1038,2225,0,2225
20224,A,골목상권,3110601,신월1동우편취급국,6682,3457,3225,701,725,927,1123,1137,2069,338,383,501,631,576,1028,363,342,426,492,561,1041,3198,0,3198
20224,A,골목상권,3110602,신월시영아파트중문,1603,808,795,107,215,195,210,271,605,51,118,108,116,138,277,56,97,87,94,133,328,632,0,632
20224,A,골목상권,3110603,지향초등학교,349,173,176,73,41,34,41,62,98,39,16,19,21,31,47,34,25,15,20,31,51,133,0,133
20224,A,골목상권,3110604,신월4동주민센터,7161,3539,3622,1192,785,844,1312,1043,1985,598,394,420,667,523,937,594,391,424,645,520,1048,2626,0,2626
20224,A,골목상권,3110605,목동센트럴아이파크앞,1132,555,577,135,142,158,171,177,349,68,75,93,75,84,160,67,67,65,96,93,189,531,0,531
20224,A,골목상권,3110606,신한은행 신월동지점,7141,3474,3667,939,853,903,1159,1137,2150,475,442,443,570,535,1009,464,411,460,589,602,1141,2708,0,2708
20224,A,골목상권,3110607,금빛새마을금고본점,964,500,464,100,109,133,148,145,329,53,68,73,80,78,148,47,41,60,68,67,181,389,0,389
20224,A,골목상권,3110608,신월2동주민센터,9298,4679,4619,1153,1080,1235,1484,1486,2860,587,572,639,774,732,1375,566,508,596,710,754,1485,3561,0,3561
20224,A,골목상권,3110609,신정네거리역 2번,2309,1139,1170,258,272,371,367,363,678,131,138,198,187,166,319,127,134,173,180,197,359,1086,0,1086
20224,A,골목상권,3110610,계남근린공원,3055,1575,1480,234,381,397,442,538,1063,128,210,214,246,272,505,106,171,183,196,266,558,1428,0,1428
20224,A,골목상권,3110611,신정역 1번,4821,2376,2445,546,540,709,873,718,1435,279,276,348,452,340,681,267,264,361,421,378,754,2098,0,2098
20224,A,골목상권,3110612,신정역 5번,8575,4209,4366,888,943,1285,1453,1353,2653,470,475,641,767,635,1221,418,468,644,686,718,1432,4006,0,4006
20224,A,골목상권,3110613,신정네거리역 4번,525,252,273,48,78,50,73,99,177,20,45,26,30,53,78,28,33,24,43,46,99,254,0,254
20224,A,골목상권,3110614,목동로데오거리,2453,1175,1278,306,223,398,420,344,762,136,124,202,212,153,348,170,99,196,208,191,414,1053,0,1053
20224,A,골목상권,3110615,신서초등학교,1139,555,584,175,179,133,170,217,265,97,89,71,78,97,123,78,90,62,92,120,142,385,0,385
20224,A,골목상권,3110616,양목초등학교,977,471,506,145,113,145,209,151,214,71,61,64,116,69,90,74,52,81,93,82,124,361,0,361
20224,A,골목상권,3110617,등촌역 4번,2491,1160,1331,272,255,453,416,360,735,136,137,201,224,155,307,136,118,252,192,205,428,1192,0,1192
20224,A,골목상권,3110618,강서고등학교,6476,3213,3263,733,1030,902,1002,1222,1587,370,605,459,507,561,711,363,425,443,495,661,876,2696,0,2696
20224,A,골목상권,3110619,목4동주민센터,1406,674,732,150,187,221,210,240,398,82,103,109,95,109,176,68,84,112,115,131,222,633,0,633
20224,A,골목상권,3110620,목동보건지소,8846,4409,4437,1187,1466,1115,1339,1730,2009,617,844,557,624,843,924,570,622,558,715,887,1085,3458,0,3458
20224,A,골목상권,3110621,목동역 5번,779,367,412,115,133,96,121,153,161,61,62,42,50,78,74,54,71,54,71,75,87,253,0,253
20224,A,골목상권,3110622,달마을공원,4212,2032,2180,429,476,907,719,607,1074,210,245,428,389,267,493,219,231,479,330,340,581,1886,0,1886
20224,A,골목상권,3110623,갈산공원,202,97,105,46,18,29,39,23,47,26,11,13,16,9,22,20,7,16,23,14,25,64,0,64
20224,A,골목상권,3110624,목동문화체육센터,2611,1278,1333,321,386,372,421,494,617,164,219,186,211,226,272,157,167,186,210,268,345,922,0,922
20224,A,골목상권,3110625,신정2동주민센터,3574,1774,1800,454,633,363,468,814,842,237,340,172,203,412,410,217,293,191,265,402,432,1261,0,1261
20224,A,골목상권,3110626,양화초등학교,6664,3188,3476,720,643,1490,1212,918,1681,374,348,677,620,414,755,346,295,813,592,504,926,3118,0,3118
20224,A,골목상권,3110627,신정롯데캐슬아파트,2534,1263,1271,266,393,325,338,506,706,136,218,172,161,246,330,130,175,153,177,260,376,1036,0,1036
20224,A,골목상권,3110628,신목동역,1474,750,724,174,158,326,250,227,339,99,86,148,137,114,166,75,72,178,113,113,173,706,0,706
20224,A,골목상권,3110629,송정역 4번,955,467,488,55,92,227,150,114,317,27,36,114,83,55,152,28,56,113,67,59,165,529,0,529
20224,A,골목상권,3110630,공항시장역 1번,5954,2910,3044,484,576,1243,857,882,1912,237,264,619,449,451,890,247,312,624,408,431,1022,3565,0,3565
20224,A,골목상권,3110631,방화초등학교,3603,1793,1810,478,404,489,573,608,1051,258,214,227,300,318,476,220,190,262,273,290,575,1654,0,1654
20224,A,골목상권,3110632,방화역 3번,1548,745,803,144,189,246,203,256,510,68,88,128,99,123,239,76,101,118,104,133,271,723,0,723
20224,A,골목상권,3110633,개화산역 1번,395,203,192,35,51,52,50,78,129,14,22,29,28,44,66,21,29,23,22,34,63,228,0,228
20224,A,골목상권,3110634,송정역 3번,8166,4182,3984,926,777,1430,1427,1234,2372,492,370,761,779,648,1132,434,407,669,648,586,1240,4417,0,4417
20224,A,골목상권,3110635,공항시장역 3번,3190,1622,1568,319,350,455,447,482,1137,167,185,242,238,258,532,152,165,213,209,224,605,1395,0,1395
20224,A,골목상권,3110636,방화역 2번,1290,649,641,185,116,208,232,171,378,93,68,94,111,100,183,92,48,114,121,71,195,563,0,563
20224,A,골목상권,3110637,송정역 2번,1930,977,953,176,214,320,281,307,632,86,119,160,155,157,300,90,95,160,126,150,332,1002,0,1002
20224,A,골목상권,3110638,신방화역 2번,5376,2740,2636,637,554,840,913,814,1618,327,297,439,492,419,766,310,257,401,421,395,852,2781,0,2781
20224,A,골목상권,3110639,신방화역 8번,3143,1576,1567,289,379,421,452,507,1095,145,195,214,247,255,520,144,184,207,205,252,575,1435,0,1435
20224,A,골목상권,3110640,방화역 1번,2336,1135,1201,218,200,479,442,360,637,112,85,178,241,211,308,106,115,301,201,149,329,1575,0,1575
20224,A,골목상권,3110641,공항고등학교,1547,785,762,219,159,221,282,241,425,121,80,114,136,121,213,98,79,107,146,120,212,651,0,651
20224,A,골목상권,3110642,정곡초등학교,829,406,423,134,80,116,151,118,230,63,39,62,79,48,115,71,41,54,72,70,115,329,0,329
20224,A,골목상권,3110643,강서구다솔마을,2448,1285,1163,290,206,355,515,396,686,156,107,185,293,209,335,134,99,170,222,187,351,1152,0,1152
20224,A,골목상권,3110644,신광명마을,813,402,411,104,85,102,136,133,253,54,44,52,69,74,109,50,41,50,67,59,144,407,0,407
20224,A,골목상권,3110645,우장산역 4번,7298,3471,3827,1035,1294,801,1135,1426,1607,505,600,394,526,707,739,530,694,407,609,719,868,2826,0,2826
20224,A,골목상권,3110646,푸른들청소년도서관,9126,4439,4687,947,1049,1502,1400,1419,2809,488,529,747,710,665,1300,459,520,755,690,754,1509,3861,0,3861
20224,A,골목상권,3110647,화곡역 5번,9384,4554,4830,1168,877,1617,1869,1341,2512,584,435,777,970,644,1144,584,442,840,899,697,1368,4116,0,4116
20224,A,골목상권,3110648,양천향교역 7번,1356,587,769,9,171,730,302,92,52,5,40,285,177,51,29,4,131,445,125,41,23,3656,0,3656
20224,A,골목상권,3110649,우장산역 1번,3107,1461,1646,521,491,372,535,574,614,244,220,190,234,282,291,277,271,182,301,292,323,1242,0,1242
20224,A,골목상권,3110650,우장산힐스테이트,884,415,469,148,118,94,151,154,219,73,52,43,67,79,101,75,66,51,84,75,118,310,0,310
20224,A,골목상권,3110651,화원중학교,6065,3010,3055,728,674,931,1072,915,1745,370,356,469,565,440,810,358,318,462,507,475,935,2783,0,2783
20224,A,골목상권,3110652,양천향교역 2번,1472,771,701,150,173,294,234,217,404,84,93,153,139,107,195,66,80,141,95,110,209,1193,0,1193
20224,A,골목상권,3110653,화곡역 2번,4682,2237,2445,437,429,852,822,629,1513,241,217,407,424,281,667,196,212,445,398,348,846,1528,0,1528
20224,A,골목상권,3110654,까치산역 4번,12767,6301,6466,1306,1303,2319,2197,1944,3698,665,655,1183,1166,938,1694,641,648,1136,1031,1006,2004,5977,0,5977
20224,A,골목상권,3110655,발산역 5번,1111,542,569,158,139,152,216,178,268,79,66,82,106,84,125,79,73,70,110,94,143,479,0,479
20224,A,골목상권,3110656,까치산역 3번,8787,4484,4303,684,617,2353,1770,1050,2313,307,294,1205,1027,557,1094,377,323,1148,743,493,1219,5966,0,5966
20224,A,골목상권,3110657,양천향교역 5번,962,470,492,73,111,206,184,145,243,41,58,96,99,67,109,32,53,110,85,78,134,1125,0,1125
20224,A,골목상권,3110658,화곡초등학교,3509,1765,1744,285,326,876,715,476,831,151,155,461,390,247,361,134,171,415,325,229,470,1821,0,1821
20224,A,골목상권,3110659,화곡역 4번,21341,10459,10882,3078,2295,3346,4280,3161,5181,1586,1133,1668,2235,1577,2260,1492,1162,1678,2045,1584,2921,8411,0,8411
20224,A,골목상권,3110660,등촌3동주민센터,1635,818,817,136,177,275,196,238,613,68,96,146,107,118,283,68,81,129,89,120,330,968,0,968
20224,A,골목상권,3110661,강서새말어린이공원,1462,716,746,200,160,193,291,238,380,100,81,97,150,113,175,100,79,96,141,125,205,660,0,660
20224,A,골목상권,3110662,까치산역 1번,13489,6575,6914,1612,1334,2120,2590,1941,3892,796,708,1024,1358,938,1751,816,626,1096,1232,1003,2141,5837,0,5837
20224,A,골목상권,3110663,우장산롯데캐슬아파트앞,1571,766,805,182,188,252,276,259,414,97,101,109,141,120,198,85,87,143,135,139,216,642,0,642
20224,A,골목상권,3110664,강서구청옆,672,328,344,122,64,102,147,67,170,68,36,44,80,28,72,54,28,58,67,39,98,240,0,240
20224,A,골목상권,3110665,곰달래도서관,5926,2957,2969,674,500,941,1062,839,1910,352,255,478,552,432,888,322,245,463,510,407,1022,2504,0,2504
20224,A,골목상권,3110666,KC대학교,2040,1034,1006,209,220,311,308,326,666,108,120,159,171,178,298,101,100,152,137,148,368,861,0,861
20224,A,골목상권,3110667,가양역 10번,593,252,341,41,56,103,91,83,219,20,28,38,46,38,82,21,28,65,45,45,137,380,0,380
20224,A,골목상권,3110668,화곡2동주민센터,9692,4732,4960,1393,1007,1410,1926,1484,2472,724,541,695,947,721,1104,669,466,715,979,763,1368,3863,0,3863
20224,A,골목상권,3110669,화곡보람2차아파트,775,378,397,104,83,139,174,112,163,51,48,61,90,53,75,53,35,78,84,59,88,371,0,371
20224,A,골목상권,3110670,신곡초등학교,8201,4004,4197,1204,981,1113,1506,1352,2045,595,500,579,753,652,925,609,481,534,753,700,1120,3183,0,3183
20224,A,골목상권,3110671,등촌1동주민센터,5933,2914,3019,735,571,1340,1102,795,1390,413,287,596,570,392,656,322,284,744,532,403,734,3888,0,3888
20224,A,골목상권,3110672,백석중학교,3285,1674,1611,394,467,497,497,592,838,213,269,272,255,275,390,181,198,225,242,317,448,1424,0,1424
20224,A,골목상권,3110673,뜸부기어린이공원,4489,2216,2273,435,396,765,779,623,1491,209,213,399,414,296,685,226,183,366,365,327,806,2099,0,2099
20224,A,골목상권,3110674,강서구청가양동별관,161,84,77,9,13,15,33,42,49,3,7,9,21,18,26,6,6,6,12,24,23,124,0,124
20224,A,골목상권,3110675,화곡4동주민센터,7877,3873,4004,861,882,1258,1385,1221,2270,447,448,655,732,589,1002,414,434,603,653,632,1268,3535,0,3535
20224,A,골목상권,3110676,등촌역 7번,3643,1728,1915,460,404,731,699,532,817,239,202,319,356,246,366,221,202,412,343,286,451,1562,0,1562
20224,A,골목상권,3110677,등촌역 1번,933,475,458,151,110,129,177,143,223,84,55,68,83,76,109,67,55,61,94,67,114,889,0,889
20224,A,골목상권,3110678,염창무학아파트,965,478,487,138,101,200,146,120,260,75,53,97,79,55,119,63,48,103,67,65,141,610,0,610
20224,A,골목상권,3110679,염창역 2번,774,348,426,61,60,241,160,102,150,26,23,94,85,49,71,35,37,147,75,53,79,667,0,667
20224,A,골목상권,3110680,온수역 5번(온수산업단지),1694,857,837,197,117,248,330,239,563,112,62,118,180,129,256,85,55,130,150,110,307,761,0,761
20224,A,골목상권,3110681,온수역 1번,182,95,87,15,12,36,40,13,66,12,3,18,22,6,34,3,9,18,18,7,32,84,0,84
20224,A,골목상권,3110682,온수역 8번,1003,489,514,126,107,121,168,144,337,62,54,56,82,75,160,64,53,65,86,69,177,433,0,433
20224,A,골목상권,3110683,오류고등학교,1603,800,803,231,222,201,253,258,438,126,119,96,130,131,198,105,103,105,123,127,240,646,0,646
20224,A,골목상권,3110684,서울공연예술고등학교,1392,673,719,158,193,187,213,232,409,76,110,94,103,108,182,82,83,93,110,124,227,602,0,602
20224,A,골목상권,3110685,금강수목원아파트,214,104,110,31,23,23,41,36,60,13,13,11,19,21,27,18,10,12,22,15,33,82,0,82
20224,A,골목상권,3110686,수궁동주민센터,4719,2323,2396,584,541,631,789,766,1408,290,302,312,405,372,642,294,239,319,384,394,766,2114,0,2114
20224,A,골목상권,3110687,"천왕역 3번(오류2동주민센터, 서울오류남초등학교)",631,317,314,77,81,72,122,94,185,39,38,38,69,48,85,38,43,34,53,46,100,244,0,244
20224,A,골목상권,3110688,오류지구대,2559,1261,1298,285,297,366,404,384,823,161,145,180,214,190,371,124,152,186,190,194,452,1254,0,1254
20224,A,골목상권,3110689,오류동역 3번,3159,1565,1594,335,340,450,490,501,1043,159,168,218,263,265,492,176,172,232,227,236,551,1637,0,1637
20224,A,골목상권,3110690,오류2동버들시장,5289,2640,2649,599,481,741,860,824,1784,313,260,348,481,411,827,286,221,393,379,413,957,2555,0,2555
20224,A,골목상권,3110691,개봉중학교,3182,1606,1576,312,393,423,485,534,1035,140,225,224,258,275,484,172,168,199,227,259,551,1362,0,1362
20224,A,골목상권,3110692,큰굴다리,1611,837,774,137,185,206,223,257,603,66,90,106,125,145,305,71,95,100,98,112,298,1025,0,1025
20224,A,골목상권,3110693,오류동역 4번,689,363,326,23,57,283,162,58,106,14,27,136,98,32,56,9,30,147,64,26,50,599,0,599
20224,A,골목상권,3110694,세곡초등학교,7183,3589,3594,671,906,961,988,1334,2323,314,507,470,517,680,1101,357,399,491,471,654,1222,3369,0,3369
20224,A,골목상권,3110695,개봉1동주민센터,5758,2949,2809,437,610,675,771,1004,2261,207,327,360,423,527,1105,230,283,315,348,477,1156,2950,0,2950
20224,A,골목상권,3110696,오류동역 1번,3472,1753,1719,367,352,501,607,554,1091,190,179,247,335,272,530,177,173,254,272,282,561,1590,0,1590
20224,A,골목상권,3110697,개봉3동주민센터,2743,1359,1384,333,329,374,486,452,769,166,158,193,278,212,352,167,171,181,208,240,417,1313,0,1313
20224,A,골목상권,3110698,개웅초등학교(개웅중학교),6663,3271,3392,725,843,893,1051,1127,2024,365,447,468,519,547,925,360,396,425,532,580,1099,2850,0,2850
20224,A,골목상권,3110699,덕의초등학교,1776,892,884,218,205,210,283,318,542,120,101,109,147,162,253,98,104,101,136,156,289,759,0,759
20224,A,골목상권,3110700,고척초등학교,3390,1713,1677,364,414,412,529,557,1114,183,217,222,291,281,519,181,197,190,238,276,595,1605,0,1605
20224,A,골목상권,3110701,고척동성당,1041,506,535,109,107,209,188,125,303,56,49,103,100,54,144,53,58,106,88,71,159,570,0,570
20224,A,골목상권,3110702,개봉초등학교,2019,977,1042,302,185,283,378,284,587,156,97,142,188,124,270,146,88,141,190,160,317,1101,0,1101
20224,A,골목상권,3110703,개봉역,2024,1001,1023,225,184,291,384,283,657,112,89,145,196,148,311,113,95,146,188,135,346,966,0,966
20224,A,골목상권,3110704,고척중학교,109,67,42,0,26,43,13,18,9,0,14,23,11,14,5,0,12,20,2,4,4,87,0,87
20224,A,골목상권,3110705,고산초등학교,551,270,281,78,100,104,105,79,85,45,54,56,52,28,35,33,46,48,53,51,50,287,0,287
20224,A,골목상권,3110706,그라운드 고척,530,295,235,28,49,95,84,81,193,18,25,54,49,49,100,10,24,41,35,32,93,408,0,408
20224,A,골목상권,3110707,구로창업지원센터,2357,1220,1137,196,261,334,320,359,887,88,140,186,173,202,431,108,121,148,147,157,456,1038,0,1038
20224,A,골목상권,3110708,화원어린이공원,1359,690,669,116,100,240,238,207,458,70,48,114,137,115,206,46,52,126,101,92,252,765,0,765
20224,A,골목상권,3110709,구로119안전센터,2908,1482,1426,217,270,371,402,578,1070,98,140,194,240,303,507,119,130,177,162,275,563,1413,0,1413
20224,A,골목상권,3110710,남구로역 3번,6572,3472,3100,419,579,713,850,1211,2800,230,308,383,499,672,1380,189,271,330,351,539,1420,3012,0,3012
20224,A,골목상권,3110711,구로초등학교,4335,2137,2198,379,464,496,571,792,1633,184,234,243,298,434,744,195,230,253,273,358,889,2056,0,2056
20224,A,골목상권,3110712,남구로역 5번,6148,3078,3070,481,695,811,891,1061,2209,252,416,441,464,510,995,229,279,370,427,551,1214,2382,0,2382
20224,A,골목상권,3110713,구로보건소,7582,3801,3781,713,778,1197,1146,1282,2466,342,409,586,620,671,1173,371,369,611,526,611,1293,3672,0,3672
20224,A,골목상권,3110714,구로4동주민센터,4887,2451,2436,465,431,558,725,915,1793,230,228,268,398,502,825,235,203,290,327,413,968,2250,0,2250
20224,A,골목상권,3110715,구로구민회관,1084,560,524,87,123,122,138,202,412,45,70,67,78,102,198,42,53,55,60,100,214,460,0,460
20224,A,골목상권,3110716,구로나눔길,815,414,401,61,83,87,102,156,326,33,38,44,59,91,149,28,45,43,43,65,177,434,0,434
20224,A,골목상권,3110717,남구로역 2번,8335,4343,3992,660,796,971,1249,1549,3110,327,411,512,709,860,1524,333,385,459,540,689,1586,4187,0,4187
20224,A,골목상권,3110718,한국SGI본부,2758,1278,1480,163,279,943,447,346,580,83,103,390,230,172,300,80,176,553,217,174,280,1911,0,1911
20224,A,골목상권,3110719,영서중학교,391,176,215,65,39,48,69,58,112,30,13,28,32,26,47,35,26,20,37,32,65,227,0,227
20224,A,골목상권,3110720,대림역 2번,2822,1404,1418,225,249,352,396,513,1087,110,135,182,212,259,506,115,114,170,184,254,581,1199,0,1199
20224,A,골목상권,3110721,가리봉파출소,2589,1348,1241,195,228,467,414,541,744,98,116,259,230,278,367,97,112,208,184,263,377,1654,0,1654
20224,A,골목상권,3110722,G타워,3967,2182,1785,64,207,2349,800,246,301,38,63,1243,518,162,158,26,144,1106,282,84,143,3378,0,3378
20224,A,골목상권,3110723,가산디지털단지역 1번 출입구,903,466,437,51,76,131,137,164,344,17,40,78,76,88,167,34,36,53,61,76,177,540,0,540
20224,A,골목상권,3110724,금천구립가산도서관,2731,1679,1052,154,190,1009,506,367,505,76,90,651,353,231,278,78,100,358,153,136,227,2068,0,2068
20224,A,골목상권,3110725,가산동주민센터,1069,613,456,13,39,367,184,204,262,4,11,170,108,148,172,9,28,197,76,56,90,1752,0,1752
20224,A,골목상권,3110726,금천철쭉어린이공원(금하마을),2030,1029,1001,187,265,253,304,404,617,89,124,145,175,204,292,98,141,108,129,200,325,884,0,884
20224,A,골목상권,3110727,독산역 1번 출입구,858,463,395,94,48,228,177,107,204,47,25,132,104,46,109,47,23,96,73,61,95,771,0,771
20224,A,골목상권,3110728,두산초등학교,1428,797,631,93,118,584,258,150,225,48,42,327,175,89,116,45,76,257,83,61,109,1123,0,1123
20224,A,골목상권,3110729,가산동우체국,2732,1576,1156,94,227,915,468,399,629,48,81,524,319,266,338,46,146,391,149,133,291,2268,0,2268
20224,A,골목상권,3110730,서울축산농협 독산역지점(독산파출소),2024,1150,874,185,181,452,340,314,552,100,93,268,215,194,280,85,88,184,125,120,272,1728,0,1728
20224,A,골목상권,3110731,금천구청역 1번 출입구,1175,594,581,160,92,240,268,170,245,83,44,115,140,91,121,77,48,125,128,79,124,662,0,662
20224,A,골목상권,3110732,가산초등학교(세일중학교),2396,1296,1100,144,191,699,342,364,656,74,76,367,213,223,343,70,115,332,129,141,313,1961,0,1961
20224,A,골목상권,3110733,금천어울림복지센터,284,144,140,17,30,81,44,35,77,6,16,40,28,14,40,11,14,41,16,21,37,309,0,309
20224,A,골목상권,3110734,금천파출소,208,118,90,14,10,23,28,41,92,8,5,15,16,33,41,6,5,8,12,8,51,210,0,210
20224,A,골목상권,3110735,말미고개,5877,2975,2902,623,616,988,815,1020,1815,337,320,520,426,510,862,286,296,468,389,510,953,2688,0,2688
20224,A,골목상권,3110736,독산119안전센터,5078,2522,2556,514,540,726,770,927,1601,243,256,383,377,472,791,271,284,343,393,455,810,2240,0,2240
20224,A,골목상권,3110737,금천세무서,2339,1213,1126,174,242,426,328,431,738,83,141,208,179,229,373,91,101,218,149,202,365,1467,0,1467
20224,A,골목상권,3110738,문성초등학교,3587,1805,1782,233,369,384,442,756,1403,119,189,209,219,408,661,114,180,175,223,348,742,2045,0,2045
20224,A,골목상권,3110739,시흥3동 우편취급국,305,157,148,14,48,47,27,61,108,7,27,27,13,31,52,7,21,20,14,30,56,129,0,129
20224,A,골목상권,3110740,금천해태공원,5596,2822,2774,514,613,767,772,985,1945,254,318,413,422,508,907,260,295,354,350,477,1038,2696,0,2696
20224,A,골목상권,3110741,독산2동주민센터,3979,2022,1957,359,478,602,537,789,1214,170,262,327,284,391,588,189,216,275,253,398,626,1857,0,1857
20224,A,골목상권,3110742,KT금천빌딩(금천구시설관리공단),225,111,114,16,26,20,36,49,78,6,16,10,21,22,36,10,10,10,15,27,42,125,0,125
20224,A,골목상권,3110743,시흥초등학교(시흥1동우체국),4739,2391,2348,468,531,640,663,873,1564,250,290,336,351,451,713,218,241,304,312,422,851,2100,0,2100
20224,A,골목상권,3110744,독산동성당,9027,4576,4451,743,1048,1166,1252,1809,3009,363,536,639,666,930,1442,380,512,527,586,879,1567,4148,0,4148
20224,A,골목상권,3110745,독산동정훈단지,3025,1549,1476,247,380,390,383,647,978,125,201,218,202,336,467,122,179,172,181,311,511,1509,0,1509
20224,A,골목상권,3110746,금천금빛공원(은행나무사거리서측),1705,833,872,129,205,220,232,330,589,65,98,108,124,165,273,64,107,112,108,165,316,882,0,882
20224,A,골목상권,3110747,석수역 1번 출입구,1088,544,544,98,100,162,144,149,435,43,57,84,87,66,207,55,43,78,57,83,228,442,0,442
20224,A,골목상권,3110748,백산초등학교,2000,1012,988,176,206,260,316,338,704,92,118,154,144,173,331,84,88,106,172,165,373,978,0,978
20224,A,골목상권,3110749,금산초등학교(금천고등학교),5178,2588,2590,603,548,725,788,788,1726,288,291,380,412,394,823,315,257,345,376,394,903,2009,0,2009
20224,A,골목상권,3110750,시흥4동주민센터(서울신흥초등학교),5109,2598,2511,474,530,608,736,924,1837,241,268,314,413,495,867,233,262,294,323,429,970,2417,0,2417
20224,A,골목상권,3110751,난곡중학교,5859,2920,2939,502,633,844,861,1082,1937,246,336,419,475,542,902,256,297,425,386,540,1035,2857,0,2857
20224,A,골목상권,3110752,한울중학교,6605,3294,3311,685,792,918,924,1205,2081,357,410,472,470,609,976,328,382,446,454,596,1105,2845,0,2845
20224,A,골목상권,3110753,시흥동 은행나무사거리,7155,3629,3526,676,859,897,952,1225,2546,357,440,476,514,635,1207,319,419,421,438,590,1339,3427,0,3427
20224,A,골목상권,3110754,삼성산자연공원(서울금천초등학교),4570,2256,2314,482,533,625,574,824,1532,260,256,345,289,409,697,222,277,280,285,415,835,2625,0,2625
20224,A,골목상권,3110755,동일여자고등학교,1546,786,760,174,207,169,221,306,469,80,106,98,116,163,223,94,101,71,105,143,246,643,0,643
20224,A,골목상권,3110756,문래중학교,2567,1274,1293,411,194,678,703,267,314,217,86,312,380,134,145,194,108,366,323,133,169,1406,0,1406
20224,A,골목상권,3110757,양평역 2번,1494,812,682,57,145,436,271,238,347,28,71,235,169,152,157,29,74,201,102,86,190,1565,0,1565
20224,A,골목상권,3110758,문래소공원,1219,601,618,242,125,196,275,182,199,128,55,90,140,98,90,114,70,106,135,84,109,686,0,686
20224,A,골목상권,3110759,문래예술촌(문래창작촌),1455,814,641,170,70,341,265,183,426,95,32,179,170,120,218,75,38,162,95,63,208,744,0,744
20224,A,골목상권,3110760,선유도역 6번,964,492,472,127,99,221,181,112,224,66,54,114,103,57,98,61,45,107,78,55,126,600,0,600
20224,A,골목상권,3110761,문래동남성맨션,25,16,9,0,0,2,6,0,17,0,0,1,4,0,11,0,0,1,2,0,6,14,0,14
20224,A,골목상권,3110762,선유도역 1번,10608,5340,5268,1338,1012,2473,1896,1447,2442,667,501,1178,1017,777,1200,671,511,1295,879,670,1242,5787,0,5787
20224,A,골목상권,3110763,영등포구청역 2번,1021,514,507,141,77,202,201,125,275,77,32,99,105,66,135,64,45,103,96,59,140,702,0,702
20224,A,골목상권,3110764,문래역 3번,56,33,23,1,4,29,7,6,9,1,2,15,3,5,7,0,2,14,4,1,2,68,0,68
20224,A,골목상권,3110765,문래동사거리,122,66,56,7,6,13,21,13,62,4,3,10,14,9,26,3,3,3,7,4,36,58,0,58
20224,A,골목상권,3110766,대림역 5번,2819,1434,1385,238,241,428,422,500,990,125,128,240,226,258,457,113,113,188,196,242,533,1295,0,1295
20224,A,골목상권,3110767,도림동주민센터,944,505,439,48,56,135,115,194,396,22,32,69,66,116,200,26,24,66,49,78,196,623,0,623
20224,A,골목상권,3110768,도림2동유수지내체육시설,1403,676,727,105,111,525,265,139,258,59,55,218,138,72,134,46,56,307,127,67,124,873,0,873
20224,A,골목상권,3110769,대림차이나타운(대림역 12번),973,464,509,80,84,90,139,180,400,40,49,44,59,86,186,40,35,46,80,94,214,397,0,397
20224,A,골목상권,3110770,영등포구청역 6번,1717,813,904,119,165,362,239,259,573,51,80,165,130,142,245,68,85,197,109,117,328,1223,0,1223
20224,A,골목상권,3110771,대림역 11번,859,428,431,52,62,76,139,183,347,22,35,36,68,100,167,30,27,40,71,83,180,476,0,476
20224,A,골목상권,3110772,신우어린이공원,1357,704,653,138,158,207,207,245,402,76,85,123,92,133,195,62,73,84,115,112,207,568,0,568
20224,A,골목상권,3110773,당산역 13번,139,61,78,6,14,35,34,23,27,3,4,14,13,14,13,3,10,21,21,9,14,111,0,111
20224,A,골목상권,3110774,당산반도유보라팰리스아파트,1173,570,603,82,99,470,216,115,191,50,46,216,114,48,96,32,53,254,102,67,95,935,0,935
20224,A,골목상권,3110775,대동초등학교,925,466,459,75,80,114,119,174,363,47,42,64,58,85,170,28,38,50,61,89,193,402,0,402
20224,A,골목상권,3110776,도신초등학교,3951,2025,1926,377,499,489,532,763,1291,180,287,260,290,393,615,197,212,229,242,370,676,1527,0,1527
20224,A,골목상권,3110777,구로세무서,161,121,40,2,7,6,14,25,107,2,4,2,11,20,82,0,3,4,3,5,25,110,0,110
20224,A,골목상권,3110778,구로디지털단지역 4번,4386,2156,2230,343,409,570,573,769,1722,163,210,299,305,382,797,180,199,271,268,387,925,2361,0,2361
20224,A,골목상권,3110779,대림갑을명가아파트,337,167,170,24,30,27,49,64,143,13,16,12,27,37,62,11,14,15,22,27,81,171,0,171
20224,A,골목상권,3110780,신길대성유니드아파트,3774,1920,1854,407,398,438,592,655,1284,228,209,238,318,342,585,179,189,200,274,313,699,1539,0,1539
20224,A,골목상권,3110781,대림한신아파트,3804,1931,1873,342,465,477,506,684,1330,167,242,278,292,336,616,175,223,199,214,348,714,1609,0,1609
20224,A,골목상권,3110782,영등포시장역 4번,524,283,241,31,44,202,97,52,98,19,19,116,54,29,46,12,25,86,43,23,52,565,0,565
20224,A,골목상권,3110783,영등포시장역 1번,822,451,371,87,63,105,123,141,303,45,28,59,66,84,169,42,35,46,57,57,134,430,0,430
20224,A,골목상권,3110784,신대림초등학교,1161,579,582,98,121,179,173,190,400,42,61,94,96,102,184,56,60,85,77,88,216,558,0,558
20224,A,골목상권,3110785,영등포푸르지오아파트,3762,1908,1854,333,354,486,568,682,1339,172,193,250,309,352,632,161,161,236,259,330,707,1778,0,1778
20224,A,골목상권,3110786,당산역 8번,2123,1085,1038,169,191,582,336,277,568,89,96,305,183,148,264,80,95,277,153,129,304,1368,0,1368
20224,A,골목상권,3110787,신길3동주민센터,3666,1877,1789,276,391,432,497,743,1327,146,211,229,267,398,626,130,180,203,230,345,701,1757,0,1757
20224,A,골목상권,3110788,영등포시장역 3번,29,14,15,0,0,3,6,3,17,0,0,1,4,1,8,0,0,2,2,2,9,170,0,170
20224,A,골목상권,3110789,대림성모병원,1863,931,932,140,175,283,277,319,669,69,93,140,147,172,310,71,82,143,130,147,359,977,0,977
20224,A,골목상권,3110790,대림1동주민센터,3498,1717,1781,257,393,497,461,615,1275,140,210,266,230,295,576,117,183,231,231,320,699,1933,0,1933
20224,A,골목상권,3110791,신풍역 3번,237,125,112,28,18,32,53,28,78,14,13,12,30,15,41,14,5,20,23,13,37,95,0,95
20224,A,골목상권,3110792,영등포역 2번,4329,2212,2117,330,351,736,623,750,1539,173,189,393,342,387,728,157,162,343,281,363,811,2228,0,2228
20224,A,골목상권,3110793,대림썬프라자,9,5,4,0,0,3,0,1,5,0,0,1,0,1,3,0,0,2,0,0,2,1,0,1
20224,A,골목상권,3110794,영동초등학교,2865,1276,1589,144,184,1530,521,203,283,76,79,578,281,115,147,68,105,952,240,88,136,2698,0,2698
20224,A,골목상권,3110795,도림초등학교,1969,978,991,181,196,230,235,356,771,93,110,116,121,180,358,88,86,114,114,176,413,1053,0,1053
20224,A,골목상권,3110796,한림대학교한강성심병원,888,503,385,61,70,279,167,103,208,33,35,142,101,75,117,28,35,137,66,28,91,945,0,945
20224,A,골목상권,3110797,KT대방빌딩,282,143,139,26,21,38,43,42,112,13,12,20,23,23,52,13,9,18,20,19,60,110,0,110
20224,A,골목상권,3110798,신풍역 2번,628,329,299,87,54,94,97,105,191,48,32,52,49,50,98,39,22,42,48,55,93,265,0,265
20224,A,골목상권,3110799,영등포본동주민센터,657,312,345,46,72,107,79,114,239,19,35,59,41,50,108,27,37,48,38,64,131,348,0,348
20224,A,골목상권,3110800,영등포동성당,589,366,223,12,29,264,96,61,127,5,14,175,65,47,60,7,15,89,31,14,67,680,0,680
20224,A,골목상권,3110801,신풍역 6번(신길6동공영주차장),249,128,121,20,19,29,31,40,110,9,11,17,15,24,52,11,8,12,16,16,58,108,0,108
20224,A,골목상권,3110802,신길동홍어거리,1321,639,682,107,145,185,177,240,467,54,80,94,89,119,203,53,65,91,88,121,264,742,0,742
20224,A,골목상권,3110803,신길2동우편취급국,2778,1427,1351,191,250,411,389,419,1118,99,141,224,210,226,527,92,109,187,179,193,591,1531,0,1531
20224,A,골목상권,3110804,신풍역 1번,2096,1012,1084,163,198,362,290,322,761,73,95,203,149,161,331,90,103,159,141,161,430,1383,0,1383
20224,A,골목상권,3110805,신길새마을금고신길4동지점,615,318,297,31,64,98,85,106,231,12,30,55,51,60,110,19,34,43,34,46,121,494,0,494
20224,A,골목상권,3110807,신길역 3번,1313,718,595,35,95,767,229,85,102,20,31,420,141,53,53,15,64,347,88,32,49,1993,0,1993
20224,A,골목상권,3110808,신길역 1번,711,403,308,50,70,173,100,120,198,26,37,116,63,68,93,24,33,57,37,52,105,395,0,395
20224,A,골목상권,3110809,장훈고등학교,781,395,386,55,79,117,104,152,274,26,39,58,55,82,135,29,40,59,49,70,139,379,0,379
20224,A,골목상권,3110810,영신초등학교,3227,1604,1623,233,312,453,414,537,1278,119,168,239,237,266,575,114,144,214,177,271,703,1892,0,1892
20224,A,골목상권,3110811,보라매역 4번,1721,874,847,143,170,378,259,249,522,84,88,190,139,128,245,59,82,188,120,121,277,971,0,971
20224,A,골목상권,3110812,신길6동주민센터,1484,726,758,111,154,355,248,216,400,62,89,148,132,105,190,49,65,207,116,111,210,932,0,932
20224,A,골목상권,3110813,보라매역 6번,2000,1007,993,170,201,295,261,309,764,92,114,152,144,156,349,78,87,143,117,153,415,1397,0,1397
20224,A,골목상권,3110814,서울지방병무청,3842,1926,1916,308,435,738,557,674,1130,171,208,378,318,340,511,137,227,360,239,334,619,1846,0,1846
20224,A,골목상권,3110815,공군호텔,4845,2490,2355,374,451,1078,817,742,1383,198,226,560,454,415,637,176,225,518,363,327,746,3342,0,3342
20224,A,골목상권,3110816,대방역 6번,1934,999,935,149,137,407,359,263,619,77,68,229,204,138,283,72,69,178,155,125,336,1108,0,1108
20224,A,골목상권,3110817,대방역 4번,690,386,304,25,43,271,109,77,165,15,19,157,72,43,80,10,24,114,37,34,85,704,0,704
20224,A,골목상권,3110818,신대방역 3번,811,398,413,58,81,198,143,119,212,20,35,103,78,66,96,38,46,95,65,53,116,551,0,551
20224,A,골목상권,3110819,신대방역 4번,5348,2634,2714,449,596,862,781,920,1740,238,298,444,393,473,788,211,298,418,388,447,952,3065,0,3065
20224,A,골목상권,3110820,성남고등학교,3939,1939,2000,521,582,675,657,706,798,254,320,319,329,355,362,267,262,356,328,351,436,1995,0,1995
20224,A,골목상권,3110821,보라매역 2번,6552,3216,3336,768,722,1103,1219,1011,1729,420,356,537,641,496,766,348,366,566,578,515,963,3036,0,3036
20224,A,골목상권,3110822,신대방삼거리역 4번(대림초등학교),5124,2467,2657,577,706,902,834,858,1247,288,391,420,383,422,563,289,315,482,451,436,684,2442,0,2442
20224,A,골목상권,3110823,신대방삼거리역 3번,3347,1649,1698,317,364,733,558,500,875,181,194,333,291,231,419,136,170,400,267,269,456,2045,0,2045
20224,A,골목상권,3110824,대방역 3번,518,251,267,66,55,140,79,85,93,34,24,66,42,49,36,32,31,74,37,36,57,391,0,391
20224,A,골목상권,3110825,신대방삼거리역 1번,8895,4304,4591,913,877,1863,1596,1202,2444,478,432,879,818,580,1117,435,445,984,778,622,1327,4854,0,4854
20224,A,골목상권,3110826,장승배기역 4번,4270,2092,2178,348,400,1021,723,557,1221,173,204,511,389,264,551,175,196,510,334,293,670,2612,0,2612
20224,A,골목상권,3110827,NH농협은행 상도동지점,2352,1171,1181,199,263,409,381,389,711,100,141,206,202,196,326,99,122,203,179,193,385,1436,0,1436
20224,A,골목상권,3110828,노량진역 6번,7794,3977,3817,514,865,1459,1059,1213,2684,278,439,818,584,622,1236,236,426,641,475,591,1448,4212,0,4212
20224,A,골목상권,3110829,장승배기역 5번,3301,1655,1646,216,334,565,391,563,1232,114,183,289,210,297,562,102,151,276,181,266,670,1658,0,1658
20224,A,골목상권,3110830,상도초등학교,4589,2268,2321,456,417,676,766,710,1564,242,222,346,412,360,686,214,195,330,354,350,878,2109,0,2109
20224,A,골목상권,3110831,상도4동주민센터,2614,1294,1320,335,282,470,447,404,676,178,156,232,228,202,298,157,126,238,219,202,378,1294,0,1294
20224,A,골목상권,3110832,노량진초등학교,3203,1648,1555,209,307,618,428,475,1166,95,156,382,239,258,518,114,151,236,189,217,648,2081,0,2081
20224,A,골목상권,3110833,상도역 2번,2057,1007,1050,212,242,499,350,263,491,118,112,252,181,133,211,94,130,247,169,130,280,1121,0,1121
20224,A,골목상권,3110834,동작구자원봉사센터,1044,560,484,78,108,284,163,138,273,38,52,179,99,79,113,40,56,105,64,59,160,705,0,705
20224,A,골목상권,3110835,상도역 1번,1187,557,630,101,121,321,166,128,350,46,65,151,83,58,154,55,56,170,83,70,196,697,0,697
20224,A,골목상권,3110836,상도역 5번,9006,4589,4417,877,1446,2237,1287,1060,2099,469,710,1308,659,504,939,408,736,929,628,556,1160,5244,0,5244
20224,A,골목상권,3110837,숭실대입구역 1번,4190,2068,2122,348,547,1115,633,472,1075,181,250,590,330,232,485,167,297,525,303,240,590,2434,0,2434
20224,A,골목상권,3110838,상도1동주민센터앞,105,60,45,3,13,28,14,15,32,2,7,18,8,11,14,1,6,10,6,4,18,74,0,74
20224,A,골목상권,3110839,숭실대입구역 4번,1966,1019,947,130,305,594,244,186,507,66,145,364,120,92,232,64,160,230,124,94,275,1183,0,1183
20224,A,골목상권,3110840,중앙대학교,2040,1035,1005,157,284,520,263,246,570,76,132,324,139,120,244,81,152,196,124,126,326,1415,0,1415
20224,A,골목상권,3110841,중대부중,2378,1172,1206,152,228,387,372,369,870,78,112,212,203,184,383,74,116,175,169,185,487,1081,0,1081
20224,A,골목상권,3110842,흑리단길,564,251,313,50,60,91,72,88,203,23,27,39,33,42,87,27,33,52,39,46,116,287,0,287
20224,A,골목상권,3110843,사당5동주민센터,1751,844,907,192,174,340,316,253,476,110,85,143,166,129,211,82,89,197,150,124,265,966,0,966
20224,A,골목상권,3110844,흑석2치안센터,923,458,465,74,80,140,141,140,348,42,41,80,78,69,148,32,39,60,63,71,200,410,0,410
20224,A,골목상권,3110845,사당종합체육관,1728,845,883,223,191,208,291,276,539,113,101,107,156,137,231,110,90,101,135,139,308,722,0,722
20224,A,골목상권,3110846,남성역 1번,8784,4256,4528,815,864,1586,1558,1270,2691,418,421,779,814,628,1196,397,443,807,744,642,1495,4850,0,4850
20224,A,골목상권,3110847,예술인마을,4390,2167,2223,391,390,913,769,547,1380,216,225,449,393,245,639,175,165,464,376,302,741,2213,0,2213
20224,A,골목상권,3110848,양지어린이공원,4937,2356,2581,497,448,1022,923,673,1374,250,227,472,474,327,606,247,221,550,449,346,768,2701,0,2701
20224,A,골목상권,3110849,이수역 10번,3953,1945,2008,312,355,755,649,612,1270,159,184,389,320,313,580,153,171,366,329,299,690,1849,0,1849
20224,A,골목상권,3110850,사당역 10번,8052,3855,4197,567,657,2250,1377,934,2267,317,324,1046,707,446,1015,250,333,1204,670,488,1252,5113,0,5113
20224,A,골목상권,3110851,경문고등학교(동작동성당),3500,1719,1781,296,339,584,540,525,1216,145,200,295,285,248,546,151,139,289,255,277,670,1778,0,1778
20224,A,골목상권,3110852,이수역 9번,1866,887,979,123,139,402,319,268,615,68,74,160,181,135,269,55,65,242,138,133,346,1198,0,1198
20224,A,골목상권,3110853,KT구로지사,2045,1088,957,152,121,623,369,266,514,81,53,338,222,147,247,71,68,285,147,119,267,1645,0,1645
20224,A,골목상권,3110854,조원동주민센터,2214,1144,1070,212,217,390,417,326,652,110,101,220,233,167,313,102,116,170,184,159,339,1233,0,1233
20224,A,골목상권,3110855,신대방역 2번,4326,2140,2186,328,397,1214,790,564,1033,165,168,594,410,300,503,163,229,620,380,264,530,3109,0,3109
20224,A,골목상권,3110856,미성초등학교,3964,1960,2004,390,379,751,631,606,1207,196,174,395,355,299,541,194,205,356,276,307,666,2252,0,2252
20224,A,골목상권,3110857,미성동주민센터,5001,2552,2449,518,567,697,781,833,1605,286,303,376,416,426,745,232,264,321,365,407,860,2338,0,2338
20224,A,골목상권,3110858,신대방역 1번,803,395,408,57,70,227,129,108,212,32,30,106,58,64,105,25,40,121,71,44,107,586,0,586
20224,A,골목상권,3110859,난향초등학교,3305,1704,1601,318,367,406,495,531,1188,151,201,219,277,305,551,167,166,187,218,226,637,1407,0,1407
20224,A,골목상권,3110860,호림박물관(성보고등학교),2239,1110,1129,119,313,608,365,326,508,59,132,317,204,151,247,60,181,291,161,175,261,1478,0,1478
20224,A,골목상권,3110861,관악구신사동주민센터,7384,3718,3666,629,835,1600,1213,1263,1844,330,427,833,645,614,869,299,408,767,568,649,975,4152,0,4152
20224,A,골목상권,3110862,난곡초등학교(난곡동벽화마을),2392,1185,1207,215,259,394,357,388,779,97,125,215,181,196,371,118,134,179,176,192,408,1181,0,1181
20224,A,골목상권,3110863,난우초등학교,4371,2206,2165,497,540,583,664,742,1345,249,293,306,355,367,636,248,247,277,309,375,709,1873,0,1873
20224,A,골목상권,3110864,신림우방아파트,5109,2576,2533,492,562,1020,850,770,1415,257,282,549,425,387,676,235,280,471,425,383,739,3022,0,3022
20224,A,골목상권,3110865,남강고등학교(남강중학교),9533,4766,4767,1018,1168,1336,1392,1715,2904,532,600,720,750,833,1331,486,568,616,642,882,1573,4205,0,4205
20224,A,골목상권,3110866,난우중학교,5150,2631,2519,508,563,686,786,807,1800,272,283,385,435,416,840,236,280,301,351,391,960,2473,0,2473
20224,A,골목상권,3110867,국제신학대학원대학교(남서울중학교),3398,1712,1686,232,300,870,560,431,1005,114,146,460,315,205,472,118,154,410,245,226,533,2280,0,2280
20224,A,골목상권,3110868,남부초등학교,3111,1602,1509,261,319,668,499,461,903,140,170,369,275,229,419,121,149,299,224,232,484,1864,0,1864
20224,A,골목상권,3110869,"신림역 5번(신림동주민센터, 신림동별빛거리)",10494,5254,5240,479,953,4207,1949,1014,1892,257,387,2137,1099,525,849,222,566,2070,850,489,1043,8805,0,8805
20224,A,골목상권,3110870,신림주공2단지(광신고등학교),2327,1168,1159,181,227,256,348,400,915,98,117,143,192,201,417,83,110,113,156,199,498,934,0,934
20224,A,골목상권,3110871,신원동주민센터,1957,971,986,130,183,457,301,267,619,64,94,250,165,126,272,66,89,207,136,141,347,1512,0,1512
20224,A,골목상권,3110872,신림초등학교,2895,1430,1465,286,328,565,518,409,789,149,171,306,260,211,333,137,157,259,258,198,456,1495,0,1495
20224,A,골목상권,3110873,당곡중학교,4993,2495,2498,475,547,857,815,799,1500,251,293,443,416,404,688,224,254,414,399,395,812,2473,0,2473
20224,A,골목상권,3110874,원신초등학교(구세군관악영문교회),3303,1679,1624,179,262,376,417,536,1533,89,123,227,244,321,675,90,139,149,173,215,858,1765,0,1765
20224,A,골목상권,3110875,보라매동주민센터(당곡고등학교),3019,1512,1507,288,289,573,537,456,876,138,150,319,284,215,406,150,139,254,253,241,470,1751,0,1751
20224,A,골목상권,3110876,서원동주민센터(신관중학교),2916,1485,1431,155,245,1036,542,302,636,79,116,561,298,152,279,76,129,475,244,150,357,1925,0,1925
20224,A,골목상권,3110877,신림역 8번,3188,1649,1539,101,308,1354,539,285,601,55,109,709,321,171,284,46,199,645,218,114,317,2898,0,2898
20224,A,골목상권,3110878,미림여고,1998,1022,976,204,215,314,301,340,624,110,117,163,167,174,291,94,98,151,134,166,333,790,0,790
20224,A,골목상권,3110879,신림현대아파트,1784,959,825,108,157,297,251,309,662,68,77,163,162,177,312,40,80,134,89,132,350,1092,0,1092
20224,A,골목상권,3110880,신림역 1번,1419,703,716,90,132,437,256,160,344,50,56,240,131,70,156,40,76,197,125,90,188,959,0,959
20224,A,골목상권,3110881,구립대학경로당(관악산샘말공원),9588,6116,3472,437,1037,3103,1809,1328,1874,241,531,2148,1299,956,941,196,506,955,510,372,933,7777,0,7777
20224,A,골목상권,3110882,신성초등학교,5168,2995,2173,329,529,1493,952,716,1149,173,271,948,616,429,558,156,258,545,336,287,591,3577,0,3577
20224,A,골목상권,3110883,은천초등학교(은천교앞),4525,2275,2250,403,384,882,789,633,1434,205,197,463,448,336,626,198,187,419,341,297,808,2668,0,2668
20224,A,골목상권,3110884,봉천역 4번(봉천110안전센터),1189,576,613,83,112,327,169,149,349,42,52,145,97,73,167,41,60,182,72,76,182,827,0,827
20224,A,골목상권,3110885,영락고등학교,6068,3189,2879,492,634,1516,1034,796,1596,256,326,850,594,425,738,236,308,666,440,371,858,4361,0,4361
20224,A,골목상권,3110886,관악해태어린이공원,3250,2111,1139,117,402,1415,552,301,463,73,208,986,409,206,229,44,194,429,143,95,234,2813,0,2813
20224,A,골목상권,3110887,서울산업정보학교(서울삼성초등학교),1703,1054,649,98,199,648,270,166,322,51,117,467,178,97,144,47,82,181,92,69,178,1392,0,1392
20224,A,골목상권,3110888,청룡동주민센터,1357,708,649,72,100,225,212,235,513,46,44,109,106,146,257,26,56,116,106,89,256,1027,0,1027
20224,A,골목상권,3110889,봉천역 6번,2316,1164,1152,203,205,576,396,282,654,112,108,292,204,143,305,91,97,284,192,139,349,1347,0,1347
20224,A,골목상권,3110890,봉천역 1번(관악초등학교),3044,1466,1578,165,317,1102,490,333,637,80,150,518,267,162,289,85,167,584,223,171,348,2373,0,2373
20224,A,골목상권,3110891,구암초등학교,983,489,494,95,118,121,143,168,338,43,58,73,71,97,147,52,60,48,72,71,191,336,0,336
20224,A,골목상권,3110892,관악구 중앙길,11827,5825,6002,881,1159,2939,1791,1603,3454,459,540,1484,970,820,1552,422,619,1455,821,783,1902,7180,0,7180
20224,A,골목상권,3110893,관악소방서(문영여고),292,145,147,17,50,96,45,36,48,8,19,51,23,20,24,9,31,45,22,16,24,164,0,164
20224,A,골목상권,3110894,관악동부센트레빌아파트(은천로35라길),1703,832,871,217,168,270,334,242,472,113,86,137,163,115,218,104,82,133,171,127,254,820,0,820
20224,A,골목상권,3110895,샤로수길,9132,4648,4484,684,1011,2923,1389,1045,2080,365,461,1568,761,543,950,319,550,1355,628,502,1130,5577,0,5577
20224,A,골목상권,3110896,관악우성아파트,222,115,107,23,25,31,36,33,74,13,14,19,18,18,33,10,11,12,18,15,41,152,0,152
20224,A,골목상권,3110897,서울대입구역 8번,5445,2717,2728,368,494,1410,800,701,1672,177,245,720,436,369,770,191,249,690,364,332,902,3553,0,3553
20224,A,골목상권,3110898,청림동주민센터(상도중학교),2605,1303,1302,325,283,326,391,424,856,159,145,199,204,219,377,166,138,127,187,205,479,992,0,992
20224,A,골목상권,3110899,낙성대역 5번(관악중학교),3172,1513,1659,155,232,1282,598,281,624,80,90,607,322,144,270,75,142,675,276,137,354,2234,0,2234
20224,A,골목상권,3110900,낙성대역 1번(관악구민 종합체육센터),6613,3335,3278,512,611,2338,1116,733,1303,246,307,1184,628,384,586,266,304,1154,488,349,717,3992,0,3992
20224,A,골목상권,3110901,인헌고등학교(인헌중학교),5321,2566,2755,524,567,1001,932,828,1469,275,290,489,449,398,665,249,277,512,483,430,804,2485,0,2485
20224,A,골목상권,3110902,사당역 4번,9327,4431,4896,794,814,2483,1568,1105,2563,400,359,1186,812,506,1168,394,455,1297,756,599,1395,5442,0,5442
20224,A,골목상권,3110903,방배아이파크아파트,4273,1955,2318,466,667,602,638,886,1014,238,266,283,287,412,469,228,401,319,351,474,545,1661,0,1661
20224,A,골목상권,3110904,이수역 5번,902,421,481,93,106,162,138,129,274,46,46,68,64,62,135,47,60,94,74,67,139,486,0,486
20224,A,골목상권,3110905,방배노인종합복지관(이수중학교),4142,1966,2176,504,518,696,668,661,1095,250,261,335,328,306,486,254,257,361,340,355,609,1635,0,1635
20224,A,골목상권,3110906,서문여고,1209,535,674,156,191,171,198,226,267,67,70,84,84,109,121,89,121,87,114,117,146,501,0,501
20224,A,골목상권,3110907,방배초등학교,3382,1521,1861,493,474,477,585,600,753,234,182,204,277,277,347,259,292,273,308,323,406,1441,0,1441
20224,A,골목상권,3110908,구반포역,85,47,38,12,17,3,8,27,18,7,9,3,3,14,11,5,8,0,5,13,7,81,0,81
20224,A,골목상권,3110909,남태령역(서울전자고등학교),769,380,389,60,98,115,101,111,284,31,45,68,53,51,132,29,53,47,48,60,152,362,0,362
20224,A,골목상권,3110910,내방역 5번,2373,1061,1312,306,221,494,512,357,483,142,93,199,236,174,217,164,128,295,276,183,266,1168,0,1168
20224,A,골목상권,3110911,방배배수지체육공원,29,14,15,2,5,8,2,3,9,1,2,4,1,1,5,1,3,4,1,2,4,72,0,72
20224,A,골목상권,3110912,방배동사이길,359,163,196,59,30,54,69,60,87,30,13,21,36,27,36,29,17,33,33,33,51,146,0,146
20224,A,골목상권,3110913,방현초등학교(방배119안전센터),4942,2345,2597,410,663,828,764,800,1477,200,326,417,377,364,661,210,337,411,387,436,816,1749,0,1749
20224,A,골목상권,3110914,내방역 6번,234,121,113,19,35,48,36,40,56,11,19,25,18,21,27,8,16,23,18,19,29,150,0,150
20224,A,골목상권,3110915,서래초등학교,1494,687,807,266,176,200,234,244,374,122,92,82,100,112,179,144,84,118,134,132,195,542,0,542
20224,A,골목상권,3110916,내방역 4번,3749,1760,1989,433,402,729,747,532,906,223,215,302,377,233,410,210,187,427,370,299,496,1829,0,1829
20224,A,골목상권,3110917,서초소방서,851,406,445,128,95,135,137,154,202,69,49,57,59,73,99,59,46,78,78,81,103,370,0,370
20224,A,골목상권,3110918,방배역 3번,2876,1347,1529,289,387,485,516,449,750,149,222,207,236,193,340,140,165,278,280,256,410,1298,0,1298
20224,A,골목상권,3110919,내방역 8번,2558,1237,1321,326,346,358,379,467,682,175,191,156,165,219,331,151,155,202,214,248,351,1195,0,1195
20224,A,골목상권,3110920,방배역 2번(백석예술대학교),152,75,77,20,22,32,21,25,32,11,12,13,11,11,17,9,10,19,10,14,15,53,0,53
20224,A,골목상권,3110921,서울프랑스학교,1174,537,637,177,124,176,205,179,313,86,64,86,73,82,146,91,60,90,132,97,167,443,0,443
20224,A,골목상권,3110922,내방역 1번,2568,1261,1307,298,260,535,482,380,613,168,146,250,239,177,281,130,114,285,243,203,332,1261,0,1261
20224,A,골목상권,3110923,방배역 1번,492,228,264,46,66,81,74,76,149,22,30,39,36,35,66,24,36,42,38,41,83,189,0,189
20224,A,골목상권,3110924,반포4동주민센터(몽마르뜨공원),2203,1012,1191,290,232,342,389,348,602,151,113,143,177,160,268,139,119,199,212,188,334,1118,0,1118
20224,A,골목상권,3110925,서초중학교,3146,1528,1618,329,449,499,504,588,777,166,265,225,246,275,351,163,184,274,258,313,426,1263,0,1263
20224,A,골목상권,3110926,신중초등학교,3535,1702,1833,424,509,545,508,636,913,218,298,246,238,291,411,206,211,299,270,345,502,1596,0,1596
20224,A,골목상권,3110927,잠원역,121,46,75,13,7,17,19,15,50,5,3,6,6,5,21,8,4,11,13,10,29,152,0,152
20224,A,골목상권,3110928,서초우방유쉘아파트,452,230,222,39,37,109,69,51,147,19,18,58,38,26,71,20,19,51,31,25,76,234,0,234
20224,A,골목상권,3110929,남부터미널역 1번,4523,2273,2250,642,522,700,814,692,1153,328,288,353,429,337,538,314,234,347,385,355,615,1776,0,1776
20224,A,골목상권,3110930,서초동성당,1776,875,901,264,219,277,291,289,436,136,124,131,137,149,198,128,95,146,154,140,238,825,0,825
20224,A,골목상권,3110931,삼성전자서울R&D(서울우면초등학교),147,69,78,15,14,16,22,17,63,8,7,9,10,9,26,7,7,7,12,8,37,66,0,66
20224,A,골목상권,3110932,서울시인재개발원,654,310,344,106,68,108,148,97,127,49,33,57,74,45,52,57,35,51,74,52,75,281,0,281
20224,A,골목상권,3110933,한국상담대학원대학교,481,247,234,97,50,63,84,87,100,57,28,28,39,46,49,40,22,35,45,41,51,163,0,163
20224,A,골목상권,3110934,우면주공아파트,3084,1509,1575,332,315,513,558,381,985,176,169,277,290,186,411,156,146,236,268,195,574,1300,0,1300
20224,A,골목상권,3110935,한전아트센터,1161,588,573,172,138,174,202,195,280,91,86,86,106,88,131,81,52,88,96,107,149,461,0,461
20224,A,골목상권,3110936,더케이호텔(양재리본타워2단지아파트),892,448,444,97,71,174,182,122,246,50,45,85,93,60,115,47,26,89,89,62,131,425,0,425
20224,A,골목상권,3110937,방아다리근린공원(횃불트리니티신학대학원대학교),326,163,163,30,24,46,31,33,162,17,11,20,15,19,81,13,13,26,16,14,81,191,0,191
20224,A,골목상권,3110938,바우뫼공원,690,335,355,77,60,135,125,97,196,45,29,58,65,46,92,32,31,77,60,51,104,385,0,385
20224,A,골목상권,3110939,양재역 8번(양재동우체국),6221,2973,3248,649,489,1378,1214,805,1686,337,241,668,601,370,756,312,248,710,613,435,930,3102,0,3102
20224,A,골목상권,3110940,양재근린공원(양재2동주민센터),1204,591,613,154,116,253,245,182,254,72,54,131,125,95,114,82,62,122,120,87,140,531,0,531
20224,A,골목상권,3110941,언남고등학교,973,496,477,100,96,191,188,145,253,51,54,95,103,72,121,49,42,96,85,73,132,425,0,425
20224,A,골목상권,3110942,염곡동 구룡사(포이동성당),8851,4329,4522,1078,884,1807,1696,1366,2020,539,449,903,858,682,898,539,435,904,838,684,1122,3987,0,3987
20224,A,골목상권,3110943,법제교육센터(버들어린이공원),1664,864,800,187,161,355,351,263,347,94,97,187,193,132,161,93,64,168,158,131,186,756,0,756
20224,A,골목상권,3110944,서울나래학교(염곡어린이공원),538,265,273,54,45,90,66,65,218,26,17,56,34,28,104,28,28,34,32,37,114,318,0,318
20224,A,골목상권,3110945,본마을노인복지센터(서초구립내곡도서관),372,191,181,22,35,51,42,65,157,8,17,28,22,33,83,14,18,23,20,32,74,146,0,146
20224,A,골목상권,3110946,청계산원터골,77,45,32,6,0,12,10,11,38,4,0,8,7,6,20,2,0,4,3,5,18,44,0,44
20224,A,골목상권,3110947,청계산입구역 2번(내곡동주민센터),336,183,153,34,17,33,51,40,161,22,14,16,30,23,78,12,3,17,21,17,83,181,0,181
20224,A,골목상권,3110948,헌인가구단지,159,85,74,7,4,19,17,20,92,5,1,10,8,13,48,2,3,9,9,7,44,54,0,54
20224,A,골목상권,3110949,한남IC,613,281,332,68,69,133,123,103,117,33,37,54,54,47,56,35,32,79,69,56,61,281,0,281
20224,A,골목상권,3110950,논현역 7번,822,383,439,90,72,124,163,116,257,46,30,57,77,46,127,44,42,67,86,70,130,338,0,338
20224,A,골목상권,3110951,신사은행나무공원,1055,466,589,104,92,282,209,137,231,56,41,112,93,66,98,48,51,170,116,71,133,557,0,557
20224,A,골목상권,3110952,논현목련공원,925,408,517,56,75,283,218,101,192,35,34,118,96,43,82,21,41,165,122,58,110,571,0,571
20224,A,골목상권,3110953,학동근린공원,912,403,509,98,83,175,166,120,270,46,41,76,64,53,123,52,42,99,102,67,147,442,0,442
20224,A,골목상권,3110954,국기원,483,242,241,25,28,163,115,52,100,9,22,75,58,25,53,16,6,88,57,27,47,303,0,303
20224,A,골목상권,3110955,논현초등학교,7070,3285,3785,474,548,2063,1677,849,1459,233,271,913,796,427,645,241,277,1150,881,422,814,4495,0,4495
20224,A,골목상권,3110956,언주역 8번,573,267,306,57,36,133,132,65,150,19,15,69,58,36,70,38,21,64,74,29,80,384,0,384
20224,A,골목상권,3110957,언북중학교,1907,855,1052,158,149,452,462,267,419,81,67,183,216,131,177,77,82,269,246,136,242,1088,0,1088
20224,A,골목상권,3110958,역삼역 4번,825,427,398,59,48,245,195,98,180,28,24,119,103,62,91,31,24,126,92,36,89,512,0,512
20224,A,골목상권,3110959,신구중학교,361,165,196,58,42,44,74,57,86,33,18,14,42,25,33,25,24,30,32,32,53,170,0,170
20224,A,골목상권,3110960,은광여고,678,340,338,62,51,219,141,80,125,28,24,102,82,45,59,34,27,117,59,35,66,476,0,476
20224,A,골목상권,3110961,언주역 3번,2098,956,1142,171,143,578,493,258,455,87,67,243,223,127,209,84,76,335,270,131,246,1314,0,1314
20224,A,골목상권,3110962,도산공원북측,28,11,17,3,4,8,6,3,4,3,0,4,1,1,2,0,4,4,5,2,2,16,0,16
20224,A,골목상권,3110963,역삼월드메르디앙아파트,1866,877,989,194,168,412,405,253,434,110,90,167,198,123,189,84,78,245,207,130,245,873,0,873
20224,A,골목상권,3110964,싸리고개근린공원,959,443,516,130,109,110,149,144,317,49,53,45,67,73,156,81,56,65,82,71,161,370,0,370
20224,A,골목상권,3110965,언주역 6번,2376,1026,1350,177,149,733,632,290,395,82,60,288,262,150,184,95,89,445,370,140,211,1500,0,1500
20224,A,골목상권,3110966,논현2동주민센터,2647,1183,1464,241,269,590,537,347,663,122,124,234,255,158,290,119,145,356,282,189,373,1558,0,1558
20224,A,골목상권,3110967,역삼역 8번,1326,598,728,99,81,383,354,164,245,50,32,163,160,80,113,49,49,220,194,84,132,864,0,864
20224,A,골목상권,3110968,강남구청역 2번,567,262,305,43,51,124,142,85,122,19,24,59,66,38,56,24,27,65,76,47,66,314,0,314
20224,A,골목상권,3110969,베르사이유1아파트,1391,679,712,107,117,343,349,213,262,48,57,159,175,116,124,59,60,184,174,97,138,754,0,754
20224,A,골목상권,3110970,학동초등학교,852,389,463,86,97,184,172,123,190,42,57,74,69,61,86,44,40,110,103,62,104,540,0,540
20224,A,골목상권,3110971,선정릉역 4번,3781,1684,2097,213,291,1103,971,501,702,99,131,468,443,244,299,114,160,635,528,257,403,2549,0,2549
20224,A,골목상권,3110972,강남세브란스병원미래의학연구센터,2073,957,1116,212,193,460,429,288,491,107,88,194,196,149,223,105,105,266,233,139,268,1003,0,1003
20224,A,골목상권,3110973,강남구청역 4번,2417,1124,1293,397,299,338,475,391,517,210,153,132,205,194,230,187,146,206,270,197,287,952,0,952
20224,A,골목상권,3110974,언주중학교,1418,653,765,130,182,303,313,238,252,68,93,121,137,116,118,62,89,182,176,122,134,765,0,765
20224,A,골목상권,3110975,매봉역 1번,929,435,494,100,113,157,116,136,307,54,57,69,51,63,141,46,56,88,65,73,166,353,0,353
20224,A,골목상권,3110976,언북초등학교,2077,957,1120,216,237,440,383,334,467,107,117,192,189,156,196,109,120,248,194,178,271,1080,0,1080
20224,A,골목상권,3110977,논현로18길,728,354,374,62,99,138,95,147,187,32,42,70,52,69,89,30,57,68,43,78,98,340,0,340
20224,A,골목상권,3110978,도곡2동주민센터(대치중학교),282,125,157,6,17,32,41,55,131,3,9,13,16,25,59,3,8,19,25,30,72,255,0,255
20224,A,골목상권,3110979,청담초등학교,1114,532,582,189,151,118,143,201,312,97,82,50,58,91,154,92,69,68,85,110,158,397,0,397
20224,A,골목상권,3110980,개포지구대옆,2531,1233,1298,336,322,362,478,434,599,185,159,176,225,205,283,151,163,186,253,229,316,1125,0,1125
20224,A,골목상권,3110981,국악고교사거리,2055,1003,1052,245,307,318,346,425,414,124,162,150,177,195,195,121,145,168,169,230,219,907,0,907
20224,A,골목상권,3110982,강남구보훈회관,841,377,464,100,104,160,165,132,180,46,58,66,67,60,80,54,46,94,98,72,100,406,0,406
20224,A,골목상권,3110983,국립국악고등학교,2786,1348,1438,324,391,328,500,565,678,165,191,152,240,284,316,159,200,176,260,281,362,1231,0,1231
20224,A,골목상권,3110984,포이초등학교(개포목련어린이공원),4410,2215,2195,571,564,730,786,779,980,300,306,367,413,376,453,271,258,363,373,403,527,1912,0,1912
20224,A,골목상권,3110985,청담근린공원,1031,497,534,92,125,187,174,180,273,50,67,95,87,83,115,42,58,92,87,97,158,480,0,480
20224,A,골목상권,3110986,삼성중앙역 7번,734,338,396,76,68,151,195,103,141,40,35,70,84,47,62,36,33,81,111,56,79,396,0,396
20224,A,골목상권,3110987,영동대교남단,505,242,263,60,72,80,69,80,144,30,37,35,33,35,72,30,35,45,36,45,72,199,0,199
20224,A,골목상권,3110988,청담역 3번,1347,673,674,149,184,175,188,215,436,83,117,89,82,100,202,66,67,86,106,115,234,474,0,474
20224,A,골목상권,3110989,대치동아우편취급국,1499,686,813,120,198,348,339,244,250,56,94,151,150,118,117,64,104,197,189,126,133,904,0,904
20224,A,골목상권,3110990,청담역 12번,157,77,80,13,20,36,19,25,44,7,10,20,10,10,20,6,10,16,9,15,24,77,0,77
20224,A,골목상권,3110991,삼성중앙역 5번,341,165,176,33,31,60,55,52,110,20,20,26,26,23,50,13,11,34,29,29,60,154,0,154
20224,A,골목상권,3110992,도곡초등학교,8225,3886,4339,735,1542,1256,1332,1835,1525,395,827,587,560,824,693,340,715,669,772,1011,832,3681,0,3681
20224,A,골목상권,3110993,개포지하차도 북측,236,107,129,28,25,45,44,31,63,17,15,19,14,13,29,11,10,26,30,18,34,119,0,119
20224,A,골목상권,3110994,개포고등학교,1848,928,920,196,238,262,270,293,589,108,134,144,131,129,282,88,104,118,139,164,307,797,0,797
20224,A,골목상권,3110995,봉은사역 4번,2831,1382,1449,360,414,421,431,500,705,170,244,209,199,225,335,190,170,212,232,275,370,1097,0,1097
20224,A,골목상권,3110996,대치2동주민센터,1387,701,686,105,248,123,165,335,411,65,155,60,76,159,186,40,93,63,89,176,225,664,0,664
20224,A,골목상권,3110997,대청초등학교,7646,3808,3838,839,1015,1452,1066,1294,1980,458,593,665,526,625,941,381,422,787,540,669,1039,3441,0,3441
20224,A,골목상권,3110998,은곡마을(은곡마을공원),225,106,119,50,15,35,49,32,44,19,12,17,23,16,19,31,3,18,26,16,25,312,0,312
20224,A,골목상권,3110999,윗방죽마을공원,2348,1105,1243,166,149,796,523,277,437,78,75,321,280,152,199,88,74,475,243,125,238,2418,0,2418
20224,A,골목상권,3111000,대왕초등학교(세곡동사거리서남측),416,199,217,52,41,52,54,55,162,23,22,29,26,27,72,29,19,23,28,28,90,196,0,196
20224,A,골목상권,3111001,아래방죽마을공원(율현초등학교),814,387,427,175,58,108,186,82,205,83,29,58,93,34,90,92,29,50,93,48,115,777,0,777
20224,A,골목상권,3111003,삼전역 4번,11562,5503,6059,1301,1345,2239,2351,1741,2585,665,647,1034,1156,821,1180,636,698,1205,1195,920,1405,5373,0,5373
20224,A,골목상권,3111004,삼전역 1번,10291,4856,5435,911,1051,2265,1996,1569,2499,498,534,1025,958,734,1107,413,517,1240,1038,835,1392,5691,0,5691
20224,A,골목상권,3111005,삼전역 3번,9342,4577,4765,1092,1027,1801,1801,1436,2185,555,549,867,920,685,1001,537,478,934,881,751,1184,4280,0,4280
20224,A,골목상권,3111006,석촌고분역 1번,9335,4356,4979,980,917,1856,1980,1367,2235,503,466,823,956,635,973,477,451,1033,1024,732,1262,4597,0,4597
20224,A,골목상권,3111007,석촌고분역 4번,8691,4241,4450,1080,918,1633,1795,1295,1970,551,527,778,902,612,871,529,391,855,893,683,1099,4119,0,4119
20224,A,골목상권,3111008,석촌고분역 3번,5167,2549,2618,588,532,942,924,814,1367,291,290,470,478,391,629,297,242,472,446,423,738,2338,0,2338
20224,A,골목상권,3111009,송파책박물관,1250,643,607,113,159,202,206,204,366,65,89,104,116,103,166,48,70,98,90,101,200,523,0,523
20224,A,골목상권,3111010,석촌역 7번,9772,4595,5177,1076,797,2267,2070,1253,2309,567,396,994,1017,598,1023,509,401,1273,1053,655,1286,4884,0,4884
20224,A,골목상권,3111011,잠실나루역,328,167,161,64,42,32,64,48,78,35,27,13,29,24,39,29,15,19,35,24,39,102,0,102
20224,A,골목상권,3111012,석촌역 6번,6850,3364,3486,776,674,1190,1250,1118,1842,386,354,577,632,566,849,390,320,613,618,552,993,3287,0,3287
20224,A,골목상권,3111013,송파나루역 1번(송리단길),9152,4325,4827,990,818,2039,1845,1202,2258,483,404,913,902,576,1047,507,414,1126,943,626,1211,4484,0,4484
20224,A,골목상권,3111014,송파나루역 2번,3551,1717,1834,334,304,753,681,486,993,165,174,349,364,228,437,169,130,404,317,258,556,1683,0,1683
20224,A,골목상권,3111015,석촌역 3번,10674,5103,5571,1097,1151,2217,1943,1623,2643,540,559,1032,979,758,1235,557,592,1185,964,865,1408,5279,0,5279
20224,A,골목상권,3111016,송파역 2번,3633,1735,1898,403,527,548,500,620,1035,194,253,274,258,300,456,209,274,274,242,320,579,1498,0,1498
20224,A,골목상권,3111017,송파나루역 3번,1086,527,559,110,122,189,191,181,293,52,62,96,96,80,141,58,60,93,95,101,152,504,0,504
20224,A,골목상권,3111018,풍납초등학교(풍납백제문화공원),952,508,444,125,112,114,171,145,285,66,68,69,97,79,129,59,44,45,74,66,156,331,0,331
20224,A,골목상권,3111019,한성백제역 3번,8922,4344,4578,1086,1012,1552,1566,1344,2362,602,529,753,758,612,1090,484,483,799,808,732,1272,3835,0,3835
20224,A,골목상권,3111020,방이동고분군(방산고등학교),656,334,322,69,116,106,85,125,155,43,63,58,40,52,78,26,53,48,45,73,77,276,0,276
20224,A,골목상권,3111021,방이역 4번,9517,4621,4896,1201,1321,1347,1567,1694,2387,589,679,662,751,821,1119,612,642,685,816,873,1268,4179,0,4179
20224,A,골목상권,3111022,석촌중학교(방이육교),2863,1447,1416,303,409,480,425,488,758,168,238,239,220,212,370,135,171,241,205,276,388,1218,0,1218
20224,A,골목상권,3111023,문정역 1번,2201,1101,1100,196,253,452,391,360,549,97,124,232,212,174,262,99,129,220,179,186,287,1026,0,1026
20224,A,골목상권,3111024,경찰병원역 4번(건너말공원),1605,813,792,170,207,294,277,267,390,93,113,150,142,149,166,77,94,144,135,118,224,738,0,738
20224,A,골목상권,3111025,경찰병원역 3번,3177,1579,1598,307,370,749,534,483,734,165,194,339,298,231,352,142,176,410,236,252,382,1468,0,1468
20224,A,골목상권,3111026,문정역 2번,4486,2219,2267,595,492,791,772,692,1144,314,238,421,392,330,524,281,254,370,380,362,620,1963,0,1963
20224,A,골목상권,3111027,문정초등학교,5390,2660,2730,614,640,1043,874,889,1330,308,326,528,472,413,613,306,314,515,402,476,717,2489,0,2489
20224,A,골목상권,3111028,문현중학교(장지역 1번),1734,848,886,176,197,316,304,278,463,95,94,149,158,141,211,81,103,167,146,137,252,915,0,915
20224,A,골목상권,3111029,오금역 4번,1254,630,624,104,132,186,173,227,432,54,67,92,93,108,216,50,65,94,80,119,216,664,0,664
20224,A,골목상권,3111030,방이역 2번,1695,830,865,160,246,270,222,308,489,82,133,134,93,152,236,78,113,136,129,156,253,803,0,803
20224,A,골목상권,3111031,장지동주민센터(한림연예예술고교),3682,1814,1868,472,503,496,574,657,980,244,242,267,273,330,458,228,261,229,301,327,522,1605,0,1605
20224,A,골목상권,3111032,방이역 1번,1872,908,964,189,267,299,224,301,592,100,135,157,101,129,286,89,132,142,123,172,306,636,0,636
20224,A,골목상권,3111033,문정동성당,703,349,354,87,83,106,135,108,184,37,44,55,73,57,83,50,39,51,62,51,101,325,0,325
20224,A,골목상권,3111034,오동나무공원(송파레미니스1단지),3817,1897,1920,459,525,570,569,704,990,236,280,284,282,340,475,223,245,286,287,364,515,2058,0,2058
20224,A,골목상권,3111035,오금공원(오주중학교),3963,1981,1982,471,510,580,596,717,1089,248,263,293,312,361,504,223,247,287,284,356,585,1672,0,1672
20224,A,골목상권,3111036,투구봉어린이공원,1368,684,684,158,196,214,225,240,335,76,100,117,124,114,153,82,96,97,101,126,182,570,0,570
20224,A,골목상권,3111037,Sh수협은행 오금동금융센터(아랫말어린이공원),537,295,242,56,54,83,86,108,150,30,35,47,43,57,83,26,19,36,43,51,67,245,0,245
20224,A,골목상권,3111038,보인중학교,2669,1334,1335,354,350,357,412,473,723,204,183,172,208,226,341,150,167,185,204,247,382,1006,0,1006
20224,A,골목상권,3111039,벌말어린이공원,1887,987,900,192,248,277,293,338,539,99,134,158,169,164,263,93,114,119,124,174,276,960,0,960
20224,A,골목상권,3111040,거여초등학교,2546,1262,1284,261,351,370,355,472,737,133,187,203,174,215,350,128,164,167,181,257,387,961,0,961
20224,A,골목상권,3111041,거여역 8번,288,156,132,20,32,36,37,43,120,11,15,21,22,26,61,9,17,15,15,17,59,666,0,666
20224,A,골목상권,3111042,거여역 1번(거여공원),5600,2883,2717,584,703,702,842,1028,1741,308,377,393,419,539,847,276,326,309,423,489,894,2667,0,2667
20224,A,골목상권,3111043,마천공원,2741,1436,1305,285,339,393,439,489,796,154,205,220,237,245,375,131,134,173,202,244,421,1302,0,1302
20224,A,골목상권,3111044,남천초등학교,5301,2683,2618,574,590,646,796,934,1761,284,325,342,428,489,815,290,265,304,368,445,946,2445,0,2445
20224,A,골목상권,3111045,개미어린이공원,2557,1284,1273,274,302,325,398,433,825,118,173,183,210,233,367,156,129,142,188,200,458,1020,0,1020
20224,A,골목상권,3111046,마천역(마천초등학교),10304,5230,5074,1068,1052,1198,1579,1717,3690,544,545,632,816,932,1761,524,507,566,763,785,1929,4437,0,4437
20224,A,골목상권,3111047,마천1치안센터,2809,1469,1340,253,298,306,381,500,1071,126,147,172,218,285,521,127,151,134,163,215,550,1315,0,1315
20224,A,골목상권,3111048,천호역 1번(천호문구완구거리),2502,1237,1265,171,196,423,362,400,950,71,105,219,200,216,426,100,91,204,162,184,524,1328,0,1328
20224,A,골목상권,3111049,천호지구대(천호동자전거거리),3521,1826,1695,394,339,510,566,569,1143,217,175,271,300,307,556,177,164,239,266,262,587,2053,0,2053
20224,A,골목상권,3111050,강동구청(강동구청역 2번),1106,534,572,159,112,172,188,161,314,82,59,80,89,77,147,77,53,92,99,84,167,412,0,412
20224,A,골목상권,3111051,천호역 6번,6263,3109,3154,523,576,1078,973,1026,2087,266,287,536,525,533,962,257,289,542,448,493,1125,3895,0,3895
20224,A,골목상권,3111052,암사역 3번(천호동자전거거리),4815,2414,2401,654,437,849,909,743,1223,322,213,390,515,390,584,332,224,459,394,353,639,2679,0,2679
20224,A,골목상권,3111053,성내천어린이공원(하니사랑길),3839,1871,1968,534,425,563,694,577,1046,271,235,296,331,275,463,263,190,267,363,302,583,1768,0,1768
20224,A,골목상권,3111054,암사역 4번(삼성광나루아파트),393,189,204,50,27,58,80,46,132,21,15,30,38,25,60,29,12,28,42,21,72,234,0,234
20224,A,골목상권,3111055,선사초등학교,103,60,43,13,17,12,14,19,28,11,11,9,7,10,12,2,6,3,7,9,16,60,0,60
20224,A,골목상권,3111056,천호태영아파트,411,207,204,14,21,123,104,74,75,8,10,52,46,47,44,6,11,71,58,27,31,681,0,681
20224,A,골목상권,3111057,천호공원(해공체육문화센터),3883,1993,1890,364,404,498,532,669,1416,181,230,266,283,338,695,183,174,232,249,331,721,2178,0,2178
20224,A,골목상권,3111058,성내중학교,1635,810,825,204,189,285,290,255,412,104,97,137,152,132,188,100,92,148,138,123,224,702,0,702
20224,A,골목상권,3111059,강동역 4번(강풀만화거리),11657,5873,5784,1167,1062,2035,2035,1707,3651,631,540,1044,1074,845,1739,536,522,991,961,862,1912,5801,0,5801
20224,A,골목상권,3111060,암사역 2번(서울강동초등학교),9658,4824,4834,1121,995,1477,1635,1551,2879,583,541,754,865,769,1312,538,454,723,770,782,1567,4684,0,4684
20224,A,골목상권,3111061,암사역 1번,9628,4750,4878,1059,976,1440,1747,1521,2885,523,538,706,933,753,1297,536,438,734,814,768,1588,4713,0,4713
20224,A,골목상권,3111062,둔촌동역 3번(성내3동주민센터),3392,1729,1663,473,423,435,584,591,886,263,237,245,287,287,410,210,186,190,297,304,476,1406,0,1406
20224,A,골목상권,3111063,강동구립 천호도서관,5742,2947,2795,500,471,983,846,923,2019,246,253,512,482,498,956,254,218,471,364,425,1063,3706,0,3706
20224,A,골목상권,3111064,둔촌동역 4번,2476,1240,1236,274,335,350,432,424,661,143,192,186,228,213,278,131,143,164,204,211,383,1196,0,1196
20224,A,골목상권,3111065,천일초등학교,2673,1391,1282,226,312,363,369,469,934,114,165,204,209,246,453,112,147,159,160,223,481,1431,0,1431
20224,A,골목상권,3111066,암사동성당(효정하나플러스아파트),5397,2711,2686,589,579,824,899,907,1599,294,321,424,464,463,745,295,258,400,435,444,854,2600,0,2600
20224,A,골목상권,3111067,강동구립성내도서관,9505,4678,4827,1073,891,1686,1790,1373,2692,552,506,811,932,678,1199,521,385,875,858,695,1493,4459,0,4459
20224,A,골목상권,3111068,강동성심병원,386,187,199,59,19,95,89,58,66,34,9,37,48,29,30,25,10,58,41,29,36,171,0,171
20224,A,골목상권,3111069,천호1동주민센터,5164,2658,2506,479,533,697,792,890,1773,258,273,364,427,473,863,221,260,333,365,417,910,2810,0,2810
20224,A,골목상권,3111070,천호초등학교,2407,1189,1218,302,241,343,384,372,765,148,123,171,204,191,352,154,118,172,180,181,413,1283,0,1283
20224,A,골목상권,3111071,천동초등학교,1018,515,503,119,94,165,173,135,332,65,52,82,95,63,158,54,42,83,78,72,174,531,0,531
20224,A,골목상권,3111072,굽은다리역 1번(십자성마을),7213,3605,3608,875,823,1067,1191,1062,2195,455,420,550,641,519,1020,420,403,517,550,543,1175,3168,0,3168
20224,A,골목상권,3111073,둔촌동역 1번(한산중학교),7458,3688,3770,878,889,1141,1140,1256,2154,473,439,596,562,600,1018,405,450,545,578,656,1136,3295,0,3295
20224,A,골목상권,3111074,명일역 1번,2307,1124,1183,320,252,335,406,345,649,164,124,176,208,165,287,156,128,159,198,180,362,964,0,964
20224,A,골목상권,3111075,굽은다리역 2번,4718,2349,2369,461,521,703,656,739,1638,217,264,390,355,357,766,244,257,313,301,382,872,2011,0,2011
20224,A,골목상권,3111076,둔촌2동주민센터,1743,898,845,149,204,250,246,302,592,80,102,136,142,149,289,69,102,114,104,153,303,1011,0,1011
20224,A,골목상권,3111077,길동주민센터(강동도서관),11358,5637,5721,1309,1147,1759,1965,1764,3414,701,597,869,1010,867,1593,608,550,890,955,897,1821,5387,0,5387
20224,A,골목상권,3111078,굽은다리역 4번,10272,5040,5232,1043,1233,1645,1625,1616,3110,549,634,809,845,783,1420,494,599,836,780,833,1690,4316,0,4316
20224,A,골목상권,3111079,둔촌고등학교(둔촌중학교),1969,981,988,193,248,311,268,325,624,100,134,154,148,166,279,93,114,157,120,159,345,910,0,910
20224,A,골목상권,3111080,굽은다리역 3번,3247,1574,1673,385,444,447,452,551,968,205,216,241,221,253,438,180,228,206,231,298,530,1228,0,1228
20224,A,골목상권,3111081,둔촌푸르지오아파트,284,140,144,14,50,41,29,59,91,5,31,22,14,28,40,9,19,19,15,31,51,114,0,114
20224,A,골목상권,3111082,중앙보훈병원,1250,610,640,155,167,176,182,196,374,87,79,97,89,93,165,68,88,79,93,103,209,480,0,480
20224,A,골목상권,3111083,GS강동자이아파트,3443,1725,1718,404,413,503,563,583,977,205,217,258,302,287,456,199,196,245,261,296,521,1379,0,1379
20224,A,골목상권,3111084,길동신동아아파트,1100,531,569,173,164,135,174,190,264,89,88,63,77,85,129,84,76,72,97,105,135,354,0,354
20224,A,골목상권,3111085,묘곡초등학교(고덕아이파크아파트),5017,2602,2415,480,688,676,602,915,1656,245,387,381,322,465,802,235,301,295,280,450,854,1980,0,1980
20224,A,골목상권,3111086,한영중고,2818,1392,1426,332,473,313,355,553,792,174,262,168,170,263,355,158,211,145,185,290,437,1056,0,1056
20224,A,골목상권,3111087,고덕중학교(고덕2동주민센터),2973,1575,1398,251,378,374,361,550,1059,130,219,220,200,288,518,121,159,154,161,262,541,1224,0,1224
20224,A,골목상권,3111088,고덕동성당,2415,1236,1179,214,260,303,298,427,913,107,152,169,157,227,424,107,108,134,141,200,489,967,0,967
20224,A,골목상권,3111089,상일여고(상일초등학교),4387,2269,2118,440,557,662,531,803,1394,238,280,371,288,401,691,202,277,291,243,402,703,1702,0,1702
20224,A,골목상권,3111090,강일동주민센터,604,322,282,27,45,172,141,95,124,17,15,88,86,49,67,10,30,84,55,46,57,826,0,826
20224,D,발달상권,3120001,서대문역,643,344,299,36,57,112,88,110,240,18,18,47,52,75,134,18,39,65,36,35,106,513,0,513
20224,D,발달상권,3120002,서촌(경복궁역),1803,837,966,185,193,260,274,308,583,95,98,130,122,140,252,90,95,130,152,168,331,798,0,798
20224,D,발달상권,3120003,광화문역,2270,1028,1242,307,171,302,446,310,734,159,81,121,186,138,343,148,90,181,260,172,391,1571,0,1571
20224,D,발달상권,3120004,종로구청,279,157,122,16,16,45,41,50,111,14,7,28,23,25,60,2,9,17,18,25,51,276,0,276
20224,D,발달상권,3120005,삼청동,1224,565,659,95,123,147,202,166,491,45,52,73,96,80,219,50,71,74,106,86,272,582,0,582
20224,D,발달상권,3120006,종각역,300,187,113,6,17,64,35,54,124,3,9,44,20,33,78,3,8,20,15,21,46,356,0,356
20224,D,발달상권,3120007,북촌(안국역),1503,686,817,118,146,170,203,242,624,67,69,78,104,107,261,51,77,92,99,135,363,817,0,817
20224,D,발달상권,3120008,인사동,271,153,118,6,12,30,34,43,146,2,7,14,17,30,83,4,5,16,17,13,63,308,0,308
20224,D,발달상권,3120009,종로3가역,3675,2407,1268,105,136,374,383,688,1989,67,68,253,248,522,1249,38,68,121,135,166,740,3116,0,3116
20224,D,발달상권,3120010,원남동사거리,902,366,536,21,266,205,84,81,245,11,24,97,55,52,127,10,242,108,29,29,118,589,0,589
20224,D,발달상권,3120011,종로4가,1001,499,502,168,88,168,161,123,293,80,46,90,78,58,147,88,42,78,83,65,146,368,0,368
20224,D,발달상권,3120012,대학로(혜화역),1973,921,1052,99,284,599,242,255,494,54,102,297,117,122,229,45,182,302,125,133,265,1346,0,1346
20224,D,발달상권,3120013,이화사거리,646,326,320,59,42,176,97,83,189,32,17,79,54,48,96,27,25,97,43,35,93,631,0,631
20224,D,발달상권,3120014,종로5가역,721,420,301,22,39,78,91,128,363,12,16,44,57,78,213,10,23,34,34,50,150,847,0,847
20224,D,발달상권,3120015,종로6가,186,111,75,9,11,17,22,36,91,6,5,8,14,22,56,3,6,9,8,14,35,101,0,101
20224,D,발달상권,3120016,동대문역,677,460,217,18,36,61,54,120,388,8,22,35,33,90,272,10,14,26,21,30,116,466,0,466
20224,D,발달상권,3120017,동묘앞역(동묘),991,513,478,39,95,174,135,164,384,21,43,100,74,89,186,18,52,74,61,75,198,703,0,703
20224,D,발달상권,3120018,중림동,1598,931,667,123,104,273,301,269,528,64,50,121,176,196,324,59,54,152,125,73,204,1266,0,1266
20224,D,발달상권,3120019,경찰청앞교차로,258,119,139,46,8,65,76,28,35,24,1,33,35,9,17,22,7,32,41,19,18,194,0,194
20224,D,발달상권,3120020,시청역_1번,18,11,7,1,1,3,4,5,4,0,1,3,1,4,2,1,0,0,3,1,2,7,0,7
20224,D,발달상권,3120021,시청역_8번,18,12,6,1,1,4,1,2,9,1,1,2,1,0,7,0,0,2,0,2,2,14,0,14
20224,D,발달상권,3120022,북창동(시청역_6번),240,153,87,3,4,27,25,49,132,1,2,19,22,28,81,2,2,8,3,21,51,234,0,234
20224,D,발달상권,3120023,서울시청,17,11,6,0,0,0,2,2,13,0,0,0,1,0,10,0,0,0,1,2,3,14,0,14
20224,D,발달상권,3120024,회현역,1741,923,818,72,104,140,202,247,976,36,45,75,126,131,510,36,59,65,76,116,466,1109,0,1109
20224,D,발달상권,3120026,을지로입구역,73,42,31,7,3,2,16,7,38,5,1,0,9,3,24,2,2,2,7,4,14,48,0,48
20224,D,발달상권,3120027,명동역(명동재미로),1307,630,677,120,87,168,196,203,533,61,36,81,91,105,256,59,51,87,105,98,277,695,0,695
20224,D,발달상권,3120028,명동(명동거리),114,66,48,2,4,14,16,24,54,0,2,8,7,18,31,2,2,6,9,6,23,85,0,85
20224,D,발달상권,3120029,을지로2가,25,16,9,0,2,4,2,7,10,0,2,2,2,3,7,0,0,2,0,4,3,10,0,10
20224,D,발달상권,3120030,중부경찰서(영화인의거리),185,127,58,1,12,24,19,49,80,0,8,16,14,39,50,1,4,8,5,10,30,316,0,316
20224,D,발달상권,3120031,을지로3가역,507,340,167,4,16,21,56,80,330,3,7,14,38,56,222,1,9,7,18,24,108,588,0,588
20224,D,발달상권,3120032,충무로역,2496,1260,1236,148,197,388,339,353,1071,73,89,219,184,187,508,75,108,169,155,166,563,1495,0,1495
20224,D,발달상권,3120033,을지로4가역,106,66,40,0,1,5,6,12,82,0,0,5,5,7,49,0,1,0,1,5,33,57,0,57
20224,D,발달상권,3120034,중구청(퇴계로4가),988,513,475,105,70,233,166,137,277,46,35,105,85,74,168,59,35,128,81,63,109,739,0,739
20224,D,발달상권,3120035,퇴계로5가,271,163,108,12,23,36,35,54,111,5,12,19,26,35,66,7,11,17,9,19,45,288,0,288
20224,D,발달상권,3120036,장충동족발거리(남소영길),267,141,126,7,48,60,33,34,85,4,17,38,22,19,41,3,31,22,11,15,44,208,0,208
20224,D,발달상권,3120037,동대문역사문화공원역,2146,1133,1013,97,150,312,266,332,989,48,75,162,148,196,504,49,75,150,118,136,485,1352,0,1352
20224,D,발달상권,3120038,약수역,2438,1145,1293,169,247,399,365,378,880,85,123,191,179,170,397,84,124,208,186,208,483,1252,0,1252
20224,D,발달상권,3120039,신당역,2615,1365,1250,228,257,450,393,457,830,128,136,220,206,247,428,100,121,230,187,210,402,2095,0,2095
20224,D,발달상권,3120040,용산전자상가(용산역),1280,708,572,129,92,236,261,205,357,72,57,126,156,122,175,57,35,110,105,83,182,843,0,843
20224,D,발달상권,3120041,신용산역(용산역),2372,1140,1232,185,142,501,453,322,769,91,77,213,203,177,379,94,65,288,250,145,390,4109,0,4109
20224,D,발달상권,3120042,"숙대입구역(남영역, 남영동)",192,96,96,6,13,65,46,22,40,1,4,31,27,14,19,5,9,34,19,8,21,261,0,261
20224,D,발달상권,3120043,서울역,1032,900,132,3,4,29,86,252,658,3,1,22,76,237,561,0,3,7,10,15,97,836,0,836
20224,D,발달상권,3120044,삼각지역,1666,840,826,159,112,295,280,239,581,82,59,148,155,122,274,77,53,147,125,117,307,1029,0,1029
20224,D,발달상권,3120045,남영동 먹자골목,646,384,262,17,38,112,107,116,256,8,20,67,71,75,143,9,18,45,36,41,113,487,0,487
20224,D,발달상권,3120046,이태원(이태원역),2931,1464,1467,171,220,613,557,457,913,83,108,338,277,236,422,88,112,275,280,221,491,1705,0,1705
20224,D,발달상권,3120047,한남오거리,1433,674,759,130,84,240,326,263,390,70,47,93,152,127,185,60,37,147,174,136,205,1075,0,1075
20224,D,발달상권,3120048,금호역,1531,740,791,91,168,205,200,275,592,49,81,106,100,135,269,42,87,99,100,140,323,787,0,787
20224,D,발달상권,3120049,왕십리역(왕십리),2362,1132,1230,113,333,938,292,217,469,55,143,440,160,109,225,58,190,498,132,108,244,1765,0,1765
20224,D,발달상권,3120050,서울숲역,1080,565,515,99,127,249,168,169,268,57,60,148,94,81,125,42,67,101,74,88,143,491,0,491
20224,D,발달상권,3120051,뚝섬역,2558,1314,1244,219,261,467,424,452,735,102,126,228,226,244,388,117,135,239,198,208,347,1248,0,1248
20224,D,발달상권,3120052,성수역,993,581,412,46,103,190,158,198,298,22,60,106,88,128,177,24,43,84,70,70,121,722,0,722
20224,D,발달상권,3120053,건대입구역(건대),4782,2180,2602,209,476,1461,645,500,1491,103,198,620,329,243,687,106,278,841,316,257,804,2966,0,2966
20224,D,발달상권,3120054,어린이대공원역,2783,1407,1376,203,354,786,411,394,635,98,160,404,219,210,316,105,194,382,192,184,319,2832,0,2832
20224,D,발달상권,3120055,군자역,5277,2519,2758,421,440,1408,904,687,1417,229,206,602,437,350,695,192,234,806,467,337,722,4160,0,4160
20224,D,발달상권,3120056,구의역,3681,1717,1964,208,308,1160,725,482,798,111,133,470,374,259,370,97,175,690,351,223,428,3114,0,3114
20224,D,발달상권,3120057,아차산역,3403,1619,1784,340,386,621,525,576,955,188,169,279,261,285,437,152,217,342,264,291,518,1831,0,1831
20224,D,발달상권,3120058,구의사거리,1820,898,922,215,194,315,276,272,548,112,88,159,136,136,267,103,106,156,140,136,281,925,0,925
20224,D,발달상권,3120059,구삼강변맛길,3771,1821,1950,422,521,553,573,667,1035,201,264,262,272,335,487,221,257,291,301,332,548,1946,0,1946
20224,D,발달상권,3120060,강변역(테크노마트),2,0,2,0,0,0,0,1,1,0,0,0,0,0,0,0,0,0,0,1,1,5,0,5
20224,D,발달상권,3120061,올림픽대교북단,192,90,102,23,24,39,29,31,46,8,15,24,14,13,16,15,9,15,15,18,30,156,0,156
20224,D,발달상권,3120062,신설동역,2696,1448,1248,86,248,863,420,371,708,47,95,397,228,240,441,39,153,466,192,131,267,2999,0,2999
20224,D,발달상권,3120063,청량리역(청량리),1102,632,470,53,91,179,152,171,456,26,41,85,89,111,280,27,50,94,63,60,176,1025,0,1025
20224,D,발달상권,3120064,경희대학교(경희대),672,315,357,32,119,191,87,67,176,13,44,95,41,39,83,19,75,96,46,28,93,481,0,481
20224,D,발달상권,3120065,회기역,1539,736,803,97,215,499,234,160,334,49,79,257,121,83,147,48,136,242,113,77,187,1486,0,1486
20224,D,발달상권,3120066,장한평역(장한평),3268,1775,1493,231,293,767,604,493,880,127,123,391,355,287,492,104,170,376,249,206,388,3035,0,3035
20224,D,발달상권,3120067,장안동사거리,5130,2644,2486,558,442,1042,1082,756,1250,297,226,533,573,404,611,261,216,509,509,352,639,3467,0,3467
20224,D,발달상권,3120068,사가정역,718,381,337,27,38,101,111,134,307,18,19,48,62,83,151,9,19,53,49,51,156,530,0,530
20224,D,발달상권,3120069,상봉역,5808,2844,2964,685,641,1049,974,951,1508,347,305,485,462,490,755,338,336,564,512,461,753,3444,0,3444
20224,D,발달상권,3120070,한성대입구역,1175,552,623,65,136,268,175,180,351,32,66,116,84,90,164,33,70,152,91,90,187,701,0,701
20224,D,발달상권,3120071,성북구청,747,302,445,42,97,282,116,77,133,18,30,99,59,42,54,24,67,183,57,35,79,746,0,746
20224,D,발달상권,3120072,성신여대,2820,1146,1674,133,445,996,399,288,559,76,110,363,181,155,261,57,335,633,218,133,298,2335,0,2335
20224,D,발달상권,3120073,미아사거리,376,171,205,14,52,83,50,42,135,8,15,28,24,28,68,6,37,55,26,14,67,685,0,685
20224,D,발달상권,3120075,월곡역,2116,971,1145,209,313,436,268,354,536,112,100,185,137,175,262,97,213,251,131,179,274,1269,0,1269
20224,D,발달상권,3120076,수유역,5393,2695,2698,266,504,1301,992,858,1472,144,178,626,541,474,732,122,326,675,451,384,740,4009,0,4009
20224,D,발달상권,3120077,미아역,1793,900,893,133,179,285,271,309,616,68,89,138,138,164,303,65,90,147,133,145,313,1077,0,1077
20224,D,발달상권,3120078,미아사거리역,571,308,263,16,40,78,84,111,242,13,22,43,48,63,119,3,18,35,36,48,123,322,0,322
20224,D,발달상권,3120079,창동역,417,254,163,9,35,119,60,100,94,5,9,52,38,75,75,4,26,67,22,25,19,450,0,450
20224,D,발달상권,3120080,마들역,16,14,2,0,0,1,1,4,10,0,0,1,1,4,8,0,0,0,0,0,2,3,0,3
20224,D,발달상권,3120081,노원역,899,517,382,26,101,212,146,163,251,12,44,95,93,103,170,14,57,117,53,60,81,855,0,855
20224,D,발달상권,3120082,상계백병원,100,48,52,11,12,24,14,13,26,5,4,15,9,4,11,6,8,9,5,9,15,47,0,47
20224,D,발달상권,3120083,등나무근린공원,1592,759,833,237,267,208,317,353,210,123,129,96,154,166,91,114,138,112,163,187,119,633,0,633
20224,D,발달상권,3120084,공릉역,1109,558,551,73,171,238,152,160,315,44,75,117,88,70,164,29,96,121,64,90,151,1077,0,1077
20224,D,발달상권,3120085,은행사거리,39,22,17,3,8,2,6,12,8,2,5,0,2,8,5,1,3,2,4,4,3,100,0,100
20224,D,발달상권,3120086,태릉입구역,1562,754,808,146,247,313,235,258,363,75,107,127,118,137,190,71,140,186,117,121,173,934,0,934
20224,D,발달상권,3120087,응암역,2360,1086,1274,206,207,573,506,322,546,111,89,247,243,160,236,95,118,326,263,162,310,1374,0,1374
20224,D,발달상권,3120088,구산역,1589,719,870,164,206,268,248,298,405,78,89,104,112,153,183,86,117,164,136,145,222,772,0,772
20224,D,발달상권,3120089,구파발역,131,67,64,31,18,9,29,23,21,16,11,4,13,14,9,15,7,5,16,9,12,1612,0,1612
20224,D,발달상권,3120090,연신내역,2351,1085,1266,136,216,685,351,304,659,75,95,306,169,152,288,61,121,379,182,152,371,2194,0,2194
20224,D,발달상권,3120091,본서부병원,3305,1542,1763,382,338,619,660,484,822,192,164,248,335,232,371,190,174,371,325,252,451,1936,0,1936
20224,D,발달상권,3120092,불광역,1170,557,613,82,94,280,174,166,374,36,31,143,92,78,177,46,63,137,82,88,197,845,0,845
20224,D,발달상권,3120093,연희동,1167,545,622,93,129,353,184,127,281,39,48,186,77,59,136,54,81,167,107,68,145,700,0,700
20224,D,발달상권,3120094,"신촌역(신촌역, 신촌로터리)",3443,1693,1750,99,434,1421,467,336,686,56,175,683,252,192,335,43,259,738,215,144,351,2990,0,2990
20224,D,발달상권,3120095,홍제역,1341,646,695,63,100,139,185,237,617,30,49,73,96,123,275,33,51,66,89,114,342,940,0,940
20224,D,발달상권,3120096,"이화여대(이대역, 이대)",1935,712,1223,56,322,556,256,266,479,23,60,180,118,127,204,33,262,376,138,139,275,2265,0,2265
20224,D,발달상권,3120097,충정로역,401,164,237,32,21,135,117,44,52,11,7,47,57,16,26,21,14,88,60,28,26,718,0,718
20224,D,발달상권,3120098,DMC(디지털미디어시티),708,329,379,85,88,179,156,122,78,39,41,65,83,61,40,46,47,114,73,61,38,981,0,981
20224,D,발달상권,3120100,망원역,1261,580,681,99,128,286,216,191,341,61,54,123,90,100,152,38,74,163,126,91,189,633,0,633
20224,D,발달상권,3120101,합정역,4090,2036,2054,769,465,784,557,526,989,449,228,357,283,269,450,320,237,427,274,257,539,3485,0,3485
20224,D,발달상권,3120102,서교동(홍대),3575,1747,1828,380,312,845,688,480,870,207,144,403,360,239,394,173,168,442,328,241,476,1861,0,1861
20224,D,발달상권,3120103,홍대입구역(홍대),3865,1826,2039,283,388,1069,724,510,891,150,148,515,362,251,400,133,240,554,362,259,491,3238,0,3238
20224,D,발달상권,3120104,연남동(홍대),8655,3976,4679,650,790,2235,1672,1099,2209,324,369,1002,781,515,985,326,421,1233,891,584,1224,4471,0,4471
20224,D,발달상권,3120105,상수역(홍대),1603,709,894,69,186,559,310,149,330,42,71,264,129,57,146,27,115,295,181,92,184,991,0,991
20224,D,발달상권,3120106,마포역,2160,1056,1104,262,156,445,459,363,475,134,69,194,237,203,219,128,87,251,222,160,256,2059,0,2059
20224,D,발달상권,3120107,공덕역(공덕오거리),1457,693,764,156,132,321,247,245,356,87,61,127,127,122,169,69,71,194,120,123,187,1269,0,1269
20224,D,발달상권,3120108,신정네거리역,3299,1672,1627,265,307,587,559,550,1031,124,159,289,302,300,498,141,148,298,257,250,533,1994,0,1994
20224,D,발달상권,3120109,서울남부지방법원,2272,1156,1116,253,281,288,355,398,697,136,145,135,184,212,344,117,136,153,171,186,353,1055,0,1055
20224,D,발달상권,3120110,목동역 8번출구,2147,1123,1024,209,225,386,326,360,641,100,125,190,171,193,344,109,100,196,155,167,297,1182,0,1182
20224,D,발달상권,3120111,목동사거리,2515,1293,1222,218,261,454,434,416,732,119,155,215,227,208,369,99,106,239,207,208,363,1306,0,1306
20224,D,발달상권,3120112,등촌역,3638,1716,1922,318,336,938,663,466,917,159,167,400,338,226,426,159,169,538,325,240,491,2850,0,2850
20224,D,발달상권,3120113,오목교역,3648,1748,1900,502,607,443,522,706,868,257,296,203,235,346,411,245,311,240,287,360,457,1227,0,1227
20224,D,발달상권,3120114,목동신시가지,7731,3643,4088,1255,1266,831,1215,1726,1438,630,636,339,455,872,711,625,630,492,760,854,727,3858,0,3858
20224,D,발달상권,3120116,송정역,664,333,331,39,56,206,94,72,197,24,19,91,52,42,105,15,37,115,42,30,92,628,0,628
20224,D,발달상권,3120117,강서농산물도매시장,14,5,9,0,5,6,3,0,0,0,1,2,2,0,0,0,4,4,1,0,0,41,0,41
20224,D,발달상권,3120118,마곡역(마곡),291,137,154,2,38,156,64,18,13,0,12,69,42,8,6,2,26,87,22,10,7,1583,0,1583
20224,D,발달상권,3120119,발산역(마곡),1513,645,868,15,217,714,318,154,95,7,59,278,156,88,57,8,158,436,162,66,38,2112,0,2112
20224,D,발달상권,3120120,화곡역,2432,1184,1248,175,214,643,429,357,614,94,108,292,215,173,302,81,106,351,214,184,312,1729,0,1729
20224,D,발달상권,3120121,까치산역,2907,1342,1565,238,201,766,616,328,758,113,96,333,317,144,339,125,105,433,299,184,419,2142,0,2142
20224,D,발달상권,3120122,강서구청,4330,2059,2271,401,413,1199,802,581,934,184,182,481,441,320,451,217,231,718,361,261,483,4582,0,4582
20224,D,발달상권,3120123,오류동역,2296,1090,1206,116,195,886,507,243,349,58,67,363,290,145,167,58,128,523,217,98,182,3946,0,3946
20224,D,발달상권,3120124,개봉동 현대아파트,3704,1847,1857,399,308,496,636,590,1275,216,143,257,347,300,584,183,165,239,289,290,691,1831,0,1831
20224,D,발달상권,3120125,구로역,1698,869,829,188,136,411,393,233,337,103,66,187,210,128,175,85,70,224,183,105,162,1144,0,1144
20224,D,발달상권,3120126,디지털단지오거리,684,402,282,19,40,92,51,150,332,14,21,55,37,89,186,5,19,37,14,61,146,446,0,446
20224,D,발달상권,3120127,구로구청,5057,2394,2663,437,484,1708,1240,563,625,227,165,709,659,318,316,210,319,999,581,245,309,3664,0,3664
20224,D,발달상권,3120128,신도림역,1194,553,641,186,108,248,310,165,177,97,48,100,149,76,83,89,60,148,161,89,94,1605,0,1605
20224,D,발달상권,3120129,구로디지털단지,1538,766,772,83,90,696,312,167,190,39,34,319,195,97,82,44,56,377,117,70,108,1148,0,1148
20224,D,발달상권,3120130,구로디지털단지역,2019,1121,898,44,110,965,430,189,281,26,38,497,270,124,166,18,72,468,160,65,115,1747,0,1747
20224,D,발달상권,3120131,가산디지털단지,1668,890,778,80,70,651,346,165,356,38,24,307,223,110,188,42,46,344,123,55,168,4135,0,4135
20224,D,발달상권,3120132,독산동,5866,3402,2464,423,429,1842,1135,787,1250,225,204,1127,722,475,649,198,225,715,413,312,601,4547,0,4547
20224,D,발달상권,3120133,서울시흥동우체국(홈플러스시흥점),444,218,226,31,50,75,52,69,167,15,27,40,26,35,75,16,23,35,26,34,92,337,0,337
20224,D,발달상권,3120134,구로전화국,2984,1568,1416,208,237,560,513,546,920,106,120,301,298,282,461,102,117,259,215,264,459,2172,0,2172
20224,D,발달상권,3120135,양평역,463,222,241,47,30,127,107,43,109,28,15,47,53,23,56,19,15,80,54,20,53,321,0,321
20224,D,발달상권,3120136,영등포구청역,2664,1334,1330,148,254,741,451,334,736,81,142,355,235,171,350,67,112,386,216,163,386,2043,0,2043
20224,D,발달상권,3120138,당산2동(영등포우체국),1435,675,760,87,113,344,171,206,514,35,54,167,86,107,226,52,59,177,85,99,288,1119,0,1119
20224,D,발달상권,3120139,대림3동사거리,2461,1294,1167,245,265,273,390,487,801,123,140,129,197,281,424,122,125,144,193,206,377,1232,0,1232
20224,D,발달상권,3120140,문래동주민센터,1161,593,568,166,79,123,197,179,417,82,39,61,96,101,214,84,40,62,101,78,203,597,0,597
20224,D,발달상권,3120141,영등포청과시장교차로,1247,638,609,124,98,303,195,166,361,59,47,150,117,91,174,65,51,153,78,75,187,843,0,843
20224,D,발달상권,3120142,대림역,1961,1053,908,110,178,405,345,327,596,55,93,228,196,176,305,55,85,177,149,151,291,1022,0,1022
20224,D,발달상권,3120143,당산역,2378,1044,1334,70,206,1123,461,197,321,36,71,421,242,118,156,34,135,702,219,79,165,2355,0,2355
20224,D,발달상권,3120144,영중로,837,381,456,37,70,334,127,62,207,21,30,123,72,32,103,16,40,211,55,30,104,1356,0,1356
20224,D,발달상권,3120145,영등포역(영등포),3113,1943,1170,66,173,846,522,519,987,35,62,400,349,393,704,31,111,446,173,126,283,4219,0,4219
20224,D,발달상권,3120146,한강성심병원,1233,711,522,40,101,615,178,112,187,24,41,362,118,61,105,16,60,253,60,51,82,2068,0,2068
20224,D,발달상권,3120147,보라매역,1127,514,613,125,104,319,196,134,249,67,39,117,91,69,131,58,65,202,105,65,118,645,0,645
20224,D,발달상권,3120148,국회의사당역(국회의사당),1512,753,759,205,93,297,340,234,343,101,44,132,166,124,186,104,49,165,174,110,157,1658,0,1658
20224,D,발달상권,3120149,여의도역(여의도),2929,1428,1501,379,319,385,416,506,924,193,169,162,192,239,473,186,150,223,224,267,451,1075,0,1075
20224,D,발달상권,3120150,63빌딩,648,303,345,69,62,66,81,98,272,27,31,32,39,48,126,42,31,34,42,50,146,263,0,263
20224,D,발달상권,3120151,보라매공원,2989,1447,1542,370,316,444,474,412,973,195,166,207,221,202,456,175,150,237,253,210,517,2091,0,2091
20224,D,발달상권,3120152,신대방삼거리역,2654,1264,1390,268,254,722,445,378,587,137,131,288,207,198,303,131,123,434,238,180,284,1709,0,1709
20224,D,발달상권,3120153,노량진역(노량진),1508,754,754,47,273,616,158,160,254,23,90,339,104,87,111,24,183,277,54,73,143,1856,0,1856
20224,D,발달상권,3120154,장승배기역,939,459,480,66,105,240,138,131,259,37,40,114,80,66,122,29,65,126,58,65,137,648,0,648
20224,D,발달상권,3120155,총신대학교,1763,862,901,205,154,309,344,236,515,94,82,167,169,121,229,111,72,142,175,115,286,996,0,996
20224,D,발달상권,3120156,"총신대입구역(이수, 총신대)",3931,1793,2138,337,391,817,683,585,1118,185,151,319,325,303,510,152,240,498,358,282,608,2369,0,2369
20224,D,발달상권,3120157,신림역(신림),7149,3651,3498,270,667,3043,1247,713,1209,151,271,1536,716,382,595,119,396,1507,531,331,614,6728,0,6728
20224,D,발달상권,3120158,녹두거리(대학동),1876,1147,729,54,207,647,334,247,387,33,93,417,242,176,186,21,114,230,92,71,201,1747,0,1747
20224,D,발달상권,3120159,서울대입구역,6240,2841,3399,192,765,2866,962,532,923,86,281,1206,485,296,487,106,484,1660,477,236,436,7285,0,7285
20224,D,발달상권,3120160,사당역(사당),3654,1683,1971,307,375,1163,598,430,781,153,169,495,302,200,364,154,206,668,296,230,417,2376,0,2376
20224,D,발달상권,3120161,방배동가구거리(사당동가구거리),1348,610,738,201,160,211,266,232,278,105,76,89,124,104,112,96,84,122,142,128,166,542,0,542
20224,D,발달상권,3120162,방배동카페골목,2069,1021,1048,290,276,287,330,388,498,140,145,144,154,197,241,150,131,143,176,191,257,1096,0,1096
20224,D,발달상권,3120163,사당역 11번(사당역먹자골목),3399,1613,1786,403,400,564,605,492,935,212,212,262,283,228,416,191,188,302,322,264,519,1661,0,1661
20224,D,발달상권,3120164,내방역,2784,1337,1447,284,274,480,467,448,831,139,157,197,230,238,376,145,117,283,237,210,455,1480,0,1480
20224,D,발달상권,3120165,서래마을카페거리(서래마을),1587,729,858,252,194,214,278,264,385,126,104,84,120,126,169,126,90,130,158,138,216,618,0,618
20224,D,발달상권,3120166,방배역,3039,1480,1559,275,290,515,540,500,919,156,143,233,281,251,416,119,147,282,259,249,503,1703,0,1703
20224,D,발달상권,3120167,고속터미널(고속터미널역),284,138,146,65,39,20,55,58,47,29,23,7,25,31,23,36,16,13,30,27,24,96,0,96
20224,D,발달상권,3120168,서울고교교차로,229,115,114,32,29,32,26,43,67,15,15,19,11,22,33,17,14,13,15,21,34,149,0,149
20224,D,발달상권,3120169,서초역,1785,852,933,156,214,339,230,313,533,83,104,152,105,150,258,73,110,187,125,163,275,917,0,917
20224,D,발달상권,3120170,삼호가든사거리,572,253,319,105,67,86,97,85,132,53,34,34,44,36,52,52,33,52,53,49,80,259,0,259
20224,D,발달상권,3120171,서초3동사거리,2374,1163,1211,247,317,470,370,387,583,125,169,211,184,198,276,122,148,259,186,189,307,1771,0,1771
20224,D,발달상권,3120172,교대입구교차로,2105,1030,1075,139,187,500,482,335,462,74,94,203,241,187,231,65,93,297,241,148,231,2327,0,2327
20224,D,발달상권,3120173,교대역(법원.검찰청),4041,1902,2139,321,524,896,750,597,953,153,268,416,330,301,434,168,256,480,420,296,519,2857,0,2857
20224,D,발달상권,3120174,논현역 5번,1494,707,787,162,137,330,260,228,377,90,69,141,119,109,179,72,68,189,141,119,198,717,0,717
20224,D,발달상권,3120175,남부터미널역,3351,1552,1799,340,321,650,665,569,806,168,157,277,296,258,396,172,164,373,369,311,410,2394,0,2394
20224,D,발달상권,3120176,논현역 4번,5137,2456,2681,331,348,1411,1216,675,1156,173,164,636,626,354,503,158,184,775,590,321,653,3227,0,3227
20224,D,발달상권,3120177,신논현역 1번,4639,2292,2347,211,334,1487,1004,615,988,106,155,674,541,349,467,105,179,813,463,266,521,3223,0,3223
20224,D,발달상권,3120178,신사역,4060,1950,2110,261,311,1054,830,587,1017,137,136,448,408,333,488,124,175,606,422,254,529,2447,0,2447
20224,D,발달상권,3120179,양재역,5081,2355,2726,539,514,1083,1057,737,1151,254,245,472,496,333,555,285,269,611,561,404,596,2769,0,2769
20224,D,발달상권,3120180,양재화물트럭터미널앞,1492,708,784,418,133,120,360,173,288,227,55,51,169,91,115,191,78,69,191,82,173,392,0,392
20224,D,발달상권,3120181,교육개발원입구사거리,1028,483,545,79,78,225,203,125,318,47,38,96,105,65,132,32,40,129,98,60,186,578,0,578
20224,D,발달상권,3120182,"양재시민의숲역(양재동꽃시장, aT센터)",2012,1025,987,200,163,357,384,335,573,105,90,166,202,178,284,95,73,191,182,157,289,1043,0,1043
20224,D,발달상권,3120183,양재천카페거리,1359,678,681,117,109,275,325,221,312,68,62,127,163,116,142,49,47,148,162,105,170,700,0,700
20224,D,발달상권,3120184,포이사거리(삼호물산),5580,2936,2644,562,537,1111,1087,981,1302,301,283,583,586,523,660,261,254,528,501,458,642,3235,0,3235
20224,D,발달상권,3120185,논현역,3906,1889,2017,235,287,967,854,605,958,127,133,454,404,318,453,108,154,513,450,287,505,2397,0,2397
20224,D,발달상권,3120186,가로수길,3522,1580,1942,330,356,673,721,584,858,165,163,260,316,297,379,165,193,413,405,287,479,1777,0,1777
20224,D,발달상권,3120187,신논현역,5248,2505,2743,247,398,1414,1150,730,1309,118,168,618,584,401,616,129,230,796,566,329,693,3959,0,3959
20224,D,발달상권,3120188,압구정역,1134,521,613,147,93,195,238,152,309,76,38,86,107,66,148,71,55,109,131,86,161,598,0,598
20224,D,발달상권,3120189,강남역,5924,2776,3148,470,703,1655,1198,784,1114,247,317,716,558,405,533,223,386,939,640,379,581,4029,0,4029
20224,D,발달상권,3120190,강남을지병원,2543,1188,1355,219,225,595,543,366,595,119,105,256,247,175,286,100,120,339,296,191,309,1367,0,1367
20224,D,발달상권,3120191,학동역,4811,2200,2611,266,334,1153,1170,761,1127,129,155,491,526,395,504,137,179,662,644,366,623,2983,0,2983
20224,D,발달상권,3120192,뱅뱅사거리,5192,2441,2751,399,481,1534,1130,743,905,208,223,695,521,372,422,191,258,839,609,371,483,4718,0,4718
20224,D,발달상권,3120193,도산공원교차로,1111,515,596,78,110,218,222,168,315,36,62,107,102,76,132,42,48,111,120,92,183,596,0,596
20224,D,발달상권,3120194,언주역(차병원),2437,1131,1306,148,148,707,599,315,520,73,70,298,278,167,245,75,78,409,321,148,275,1764,0,1764
20224,D,발달상권,3120195,성수대교남단,486,239,247,56,32,81,115,59,143,28,16,41,59,31,64,28,16,40,56,28,79,224,0,224
20224,D,발달상권,3120196,서울세관,1441,690,751,101,106,244,285,265,440,52,52,109,137,140,200,49,54,135,148,125,240,940,0,940
20224,D,발달상권,3120197,역삼역,5286,2833,2453,786,456,1408,1020,620,996,494,216,686,563,370,504,292,240,722,457,250,492,4337,0,4337
20224,D,발달상권,3120198,구역삼세무서,7396,3741,3655,453,538,1942,1721,1124,1618,221,252,932,903,641,792,232,286,1010,818,483,826,5072,0,5072
20224,D,발달상권,3120199,경복아파트교차로,587,283,304,30,48,181,156,89,83,15,20,87,66,50,45,15,28,94,90,39,38,598,0,598
20224,D,발달상권,3120200,학동사거리,1197,548,649,92,92,261,254,168,330,45,39,113,118,85,148,47,53,148,136,83,182,565,0,565
20224,D,발달상권,3120201,도곡1동,1796,851,945,158,188,384,371,281,414,82,91,173,181,128,196,76,97,211,190,153,218,1108,0,1108
20224,D,발달상권,3120202,압구정로데오역(압구정로데오),1934,926,1008,231,220,250,327,311,595,115,105,119,146,154,287,116,115,131,181,157,308,793,0,793
20224,D,발달상권,3120203,강남구청역,1322,632,690,97,118,321,276,214,296,44,61,149,118,111,149,53,57,172,158,103,147,920,0,920
20224,D,발달상권,3120204,르네상스호텔사거리,1498,639,859,90,108,467,394,224,215,45,41,171,180,103,99,45,67,296,214,121,116,1127,0,1127
20224,D,발달상권,3120205,매봉역,1161,557,604,72,148,261,171,210,299,38,70,109,90,107,143,34,78,152,81,103,156,592,0,592
20224,D,발달상권,3120206,개나리아파트,3987,1899,2088,484,554,583,741,661,964,264,265,272,350,322,426,220,289,311,391,339,538,2106,0,2106
20224,D,발달상권,3120207,선정릉역,7038,3203,3835,644,724,1470,1554,1136,1510,319,381,628,667,550,658,325,343,842,887,586,852,3816,0,3816
20224,D,발달상권,3120208,청담사거리(청담동명품거리),3534,1617,1917,285,325,598,641,593,1092,153,155,253,309,262,485,132,170,345,332,331,607,1999,0,1999
20224,D,발달상권,3120209,"강남구청(청담역_8번, 강남세무서)",1251,585,666,161,149,208,212,215,306,85,83,91,90,97,139,76,66,117,122,118,167,671,0,671
20224,D,발달상권,3120210,선릉역,4480,2146,2334,247,433,1079,1108,745,868,128,160,480,532,417,429,119,273,599,576,328,439,3339,0,3339
20224,D,발달상권,3120211,도성초등학교,1580,756,824,147,279,239,238,351,326,85,145,100,101,171,154,62,134,139,137,180,172,726,0,726
20224,D,발달상권,3120212,한티역,1716,826,890,129,344,220,218,415,390,64,172,98,111,182,199,65,172,122,107,233,191,683,0,683
20224,D,발달상권,3120213,삼성중앙역,4267,2036,2231,339,449,958,846,666,1009,182,239,434,416,316,449,157,210,524,430,350,560,2324,0,2324
20224,D,발달상권,3120214,영동대교남단교차로,365,184,181,43,52,52,57,69,92,24,28,24,26,32,50,19,24,28,31,37,42,303,0,303
20224,D,발달상권,3120215,포스코사거리,2954,1396,1558,231,305,639,700,526,553,130,163,260,288,276,279,101,142,379,412,250,274,2275,0,2275
20224,D,발달상권,3120216,경기고교사거리(경기고교앞사거리),198,94,104,6,23,60,34,33,42,3,9,30,14,17,21,3,14,30,20,16,21,151,0,151
20224,D,발달상권,3120217,대치사거리,4089,2033,2056,353,711,787,749,734,755,185,409,373,351,360,355,168,302,414,398,374,400,2031,0,2031
20224,D,발달상권,3120218,코엑스,15,9,6,4,0,0,4,0,7,2,0,0,2,0,5,2,0,0,2,0,2,17,0,17
20224,D,발달상권,3120219,은마아파트,1319,669,650,113,302,145,147,379,233,66,170,68,63,194,108,47,132,77,84,185,125,436,0,436
20224,D,발달상권,3120220,대치역,1365,658,707,218,288,114,152,345,248,111,139,59,58,166,125,107,149,55,94,179,123,391,0,391
20224,D,발달상권,3120221,봉은사역,659,340,319,34,61,118,128,112,206,18,36,65,68,53,100,16,25,53,60,59,106,493,0,493
20224,D,발달상권,3120222,삼성역,355,192,163,31,48,67,43,65,101,15,30,32,16,41,58,16,18,35,27,24,43,508,0,508
20224,D,발달상권,3120223,휘문고교사거리,325,182,143,49,57,42,37,61,79,35,39,19,19,27,43,14,18,23,18,34,36,111,0,111
20224,D,발달상권,3120224,수서역,285,140,145,40,17,47,52,50,79,18,10,16,22,32,42,22,7,31,30,18,37,437,0,437
20224,D,발달상권,3120225,잠실새내역(신천),3794,1800,1994,234,297,805,727,604,1127,116,147,363,355,315,504,118,150,442,372,289,623,2702,0,2702
20224,D,발달상권,3120226,석촌고분역,1942,924,1018,181,179,433,374,273,502,89,96,204,183,131,221,92,83,229,191,142,281,1092,0,1092
20224,D,발달상권,3120227,잠실역,4458,2108,2350,561,503,687,586,711,1410,251,250,323,277,309,698,310,253,364,309,402,712,2183,0,2183
20224,D,발달상권,3120228,석촌역(석촌호수),4598,2195,2403,466,421,1046,861,646,1158,251,208,481,411,291,553,215,213,565,450,355,605,2293,0,2293
20224,D,발달상권,3120229,방이동먹자골목,2635,1334,1301,188,169,633,590,377,678,105,77,314,307,195,336,83,92,319,283,182,342,2005,0,2005
20224,D,발달상권,3120230,송파사거리(송파역),1109,594,515,78,133,183,174,194,347,45,69,92,96,112,180,33,64,91,78,82,167,906,0,906
20224,D,발달상권,3120232,송파나루역,950,452,498,101,95,192,170,158,234,54,51,82,82,78,105,47,44,110,88,80,129,462,0,462
20224,D,발달상권,3120233,몽촌토성역,904,445,459,47,51,267,197,143,199,18,26,125,93,78,105,29,25,142,104,65,94,2871,0,2871
20224,D,발달상권,3120234,가락시장역,1751,930,821,93,144,292,304,340,578,42,65,137,168,208,310,51,79,155,136,132,268,1472,0,1472
20224,D,발달상권,3120235,문정역,654,336,318,80,80,118,137,98,141,47,39,56,81,51,62,33,41,62,56,47,79,3480,0,3480
20224,D,발달상권,3120236,장지역(가든파이브),188,109,79,26,24,28,31,33,46,14,16,20,17,22,20,12,8,8,14,11,26,89,0,89
20224,D,발달상권,3120237,경찰병원역,3652,1938,1714,314,343,694,647,635,1019,164,189,358,349,354,524,150,154,336,298,281,495,2305,0,2305
20224,D,발달상권,3120238,방이역,531,275,256,62,63,72,75,104,155,36,38,37,32,54,78,26,25,35,43,50,77,251,0,251
20224,D,발달상권,3120239,오금역,4301,2115,2186,442,518,790,648,751,1152,221,258,398,315,369,554,221,260,392,333,382,598,2024,0,2024
20224,D,발달상권,3120240,개롱역,3745,1797,1948,495,519,581,643,622,885,259,253,270,315,295,405,236,266,311,328,327,480,1478,0,1478
20224,D,발달상권,3120241,거여역,1959,1006,953,201,241,293,312,347,565,108,128,154,158,183,275,93,113,139,154,164,290,883,0,883
20224,D,발달상권,3120242,강동구청역,3768,1822,1946,471,388,611,665,561,1072,245,198,274,327,281,497,226,190,337,338,280,575,1741,0,1741
20224,D,발달상권,3120243,천호역,2895,1384,1511,178,213,786,609,400,709,86,101,356,293,212,336,92,112,430,316,188,373,2801,0,2801
20224,D,발달상권,3120244,암사역,2226,1140,1086,210,170,475,436,334,601,118,78,233,231,180,300,92,92,242,205,154,301,1394,0,1394
20224,D,발달상권,3120245,둔촌역,2701,1415,1286,312,311,370,432,501,775,189,179,195,222,264,366,123,132,175,210,237,409,1358,0,1358
20224,D,발달상권,3120246,길동역,5185,2536,2649,396,418,1420,996,713,1242,215,186,582,538,395,620,181,232,838,458,318,622,4215,0,4215
20224,D,발달상권,3120247,굽은다리역,1781,840,941,189,207,285,271,285,544,85,115,132,129,136,243,104,92,153,142,149,301,888,0,888
20224,D,발달상권,3120248,명일역,2297,1156,1141,214,249,304,382,376,772,122,133,149,188,194,370,92,116,155,194,182,402,1153,0,1153
20224,D,발달상권,3120249,고덕역,899,436,463,116,152,128,117,184,202,65,79,55,46,91,100,51,73,73,71,93,102,627,0,627
20224,R,전통시장,3130001,통인시장,813,381,432,86,78,99,134,130,286,47,38,47,59,68,122,39,40,52,75,62,164,344,0,344
20224,R,전통시장,3130002,세종마을음식문화거리(금천교시장),656,305,351,59,55,104,98,106,234,32,23,49,46,53,102,27,32,55,52,53,132,318,0,318
20224,R,전통시장,3130004,낙원시장(낙원지하시장(대일상가)),360,177,183,52,21,47,53,44,143,31,13,27,31,21,54,21,8,20,22,23,89,144,0,144
20224,R,전통시장,3130005,세운상가가동,21,17,4,0,0,2,5,4,10,0,0,2,4,3,8,0,0,0,1,1,2,22,0,22
20224,R,전통시장,3130007,광장시장(광장전통시장),78,32,46,1,3,2,3,13,56,1,3,0,3,4,21,0,0,2,0,9,35,66,0,66
20224,R,전통시장,3130010,종로신진시장,96,57,39,0,6,7,5,23,55,0,4,5,4,12,32,0,2,2,1,11,23,102,0,102
20224,R,전통시장,3130011,충신시장,242,126,116,13,36,27,22,54,90,7,18,17,12,26,46,6,18,10,10,28,44,98,0,98
20224,R,전통시장,3130012,"동대문종합시장(동대문종합시장 신관, 동대문종합시장D동상가)",1,1,0,0,0,0,0,1,0,0,0,0,0,1,0,0,0,0,0,0,0,2,0,2
20224,R,전통시장,3130013,동대문상가A동,50,26,24,3,0,6,7,6,28,1,0,3,5,4,13,2,0,3,2,2,15,27,0,27
20224,R,전통시장,3130014,동문시장,149,91,58,2,7,7,17,34,82,0,3,5,10,20,53,2,4,2,7,14,29,100,0,100
20224,R,전통시장,3130015,창신골목시장,820,430,390,33,58,97,80,154,398,17,33,61,38,89,192,16,25,36,42,65,206,502,0,502
20224,R,전통시장,3130016,동대문상가B동,60,29,31,1,7,14,11,5,22,0,4,8,5,2,10,1,3,6,6,3,12,28,0,28
20224,R,전통시장,3130017,동대문상가C동,87,54,33,5,2,10,10,16,44,2,2,9,8,8,25,3,0,1,2,8,19,55,0,55
20224,R,전통시장,3130018,동대문문구완구거리(동대문문구완구시장),196,109,87,8,15,23,18,28,104,4,8,14,12,14,57,4,7,9,6,14,47,87,0,87
20224,R,전통시장,3130019,동대문상가D동,47,26,21,2,1,7,7,8,22,1,1,5,3,5,11,1,0,2,4,3,11,33,0,33
20224,R,전통시장,3130020,동묘시장(동묘벼룩시장),361,200,161,10,32,84,36,63,136,4,13,43,20,45,75,6,19,41,16,18,61,349,0,349
20224,R,전통시장,3130021,신설종합시장,17,12,5,0,1,1,0,3,12,0,1,1,0,2,8,0,0,0,0,1,4,7,0,7
20224,R,전통시장,3130024,남대문시장(자유상가),68,40,28,1,2,6,10,10,39,1,2,5,6,6,20,0,0,1,4,4,19,49,0,49
20224,R,전통시장,3130031,청계천공구상가,40,28,12,0,3,1,3,12,21,0,1,1,3,10,13,0,2,0,0,2,8,33,0,33
20224,R,전통시장,3130032,인현시장,153,87,66,5,12,21,9,27,79,4,4,13,6,14,46,1,8,8,3,13,33,94,0,94
20224,R,전통시장,3130033,대림상가(청계상가),137,85,52,5,11,15,4,30,72,2,5,8,2,21,47,3,6,7,2,9,25,87,0,87
20224,R,전통시장,3130034,필동 골목형상점가,14,9,5,0,1,1,2,5,5,0,1,0,2,4,2,0,0,1,0,1,3,6,0,6
20224,R,전통시장,3130035,방산종합시장(방산시장),282,183,99,9,20,40,30,48,135,5,12,24,15,36,91,4,8,16,15,12,44,253,0,253
20224,R,전통시장,3130036,중부시장(신중부시장),223,137,86,5,9,20,17,46,126,4,7,7,10,30,79,1,2,13,7,16,47,326,0,326
20224,R,전통시장,3130038,"평화시장(통일상가, 동화상가)",9,6,3,0,1,1,1,1,5,0,1,1,0,1,3,0,0,0,1,0,2,8,0,8
20224,R,전통시장,3130042,약수시장,497,250,247,46,36,82,76,77,180,27,19,37,40,47,80,19,17,45,36,30,100,256,0,256
20224,R,전통시장,3130046,team204(팀204),3,2,1,0,0,0,1,1,1,0,0,0,0,1,1,0,0,0,1,0,0,1,0,1
20224,R,전통시장,3130047,테크노상가(엘리시움),7,4,3,1,0,0,2,1,3,1,0,0,0,1,2,0,0,0,2,0,1,6,0,6
20224,R,전통시장,3130048,동평화시장,7,6,1,0,0,0,2,3,2,0,0,0,2,3,1,0,0,0,0,0,1,37,0,37
20224,R,전통시장,3130049,신당 미래유산 먹거리 골목형상점가,149,93,56,4,6,24,20,33,62,2,3,16,16,24,32,2,3,8,4,9,30,121,0,121
20224,R,전통시장,3130050,청평화시장,5,2,3,0,0,0,0,2,3,0,0,0,0,1,1,0,0,0,0,1,2,3,0,3
20224,R,전통시장,3130051,동화동 골목형상점가,1605,799,806,163,177,268,257,255,485,85,85,134,130,143,222,78,92,134,127,112,263,683,0,683
20224,R,전통시장,3130052,서울중앙시장(신중앙시장),1508,818,690,89,128,165,155,253,718,52,74,82,99,149,362,37,54,83,56,104,356,787,0,787
20224,R,전통시장,3130053,백학시장,1064,551,513,67,101,120,148,207,421,32,61,70,91,103,194,35,40,50,57,104,227,540,0,540
20224,R,전통시장,3130054,황학동주방가구거리상점가,1122,625,497,54,113,218,154,181,402,23,59,127,101,101,214,31,54,91,53,80,188,771,0,771
20224,R,전통시장,3130055,"황학시장(서울중앙시장, 신중앙시장)",1234,656,578,94,111,142,179,209,499,49,56,69,114,122,246,45,55,73,65,87,253,909,0,909
20224,R,전통시장,3130056,용산용문시장,679,330,349,50,60,125,84,109,251,20,32,66,48,63,101,30,28,59,36,46,150,394,0,394
20224,R,전통시장,3130057,만리시장,27,16,11,0,1,1,2,6,17,0,1,1,2,4,8,0,0,0,0,2,9,17,0,17
20224,R,전통시장,3130058,이촌종합시장,85,45,40,6,9,13,9,20,28,2,5,9,5,11,13,4,4,4,4,9,15,60,0,60
20224,R,전통시장,3130059,후암시장,793,401,392,70,90,102,86,140,305,39,49,59,48,75,131,31,41,43,38,65,174,371,0,371
20224,R,전통시장,3130060,신흥시장,130,69,61,6,6,23,10,17,68,1,3,13,5,11,36,5,3,10,5,6,32,48,0,48
20224,R,전통시장,3130061,이태원시장,64,29,35,7,5,11,5,10,26,4,1,3,3,7,11,3,4,8,2,3,15,34,0,34
20224,R,전통시장,3130062,보광시장,84,42,42,5,4,13,12,11,39,3,2,8,6,7,16,2,2,5,6,4,23,58,0,58
20224,R,전통시장,3130063,신금호역 골목형상점가,468,243,225,44,48,68,77,84,147,23,23,34,44,48,71,21,25,34,33,36,76,240,0,240
20224,R,전통시장,3130064,금남시장,233,121,112,8,19,23,33,41,109,1,11,16,20,24,49,7,8,7,13,17,60,128,0,128
20224,R,전통시장,3130065,무학봉상점가,3013,1554,1459,222,314,480,415,521,1061,117,168,271,219,270,509,105,146,209,196,251,552,1592,0,1592
20224,R,전통시장,3130066,행당시장상점가,1686,829,857,105,202,347,221,271,540,47,97,172,121,132,260,58,105,175,100,139,280,1241,0,1241
20224,R,전통시장,3130067,왕십리도선동상점가,3178,1557,1621,302,328,629,499,544,876,155,153,304,278,269,398,147,175,325,221,275,478,2024,0,2024
20224,R,전통시장,3130068,마장축산물시장,1614,835,779,129,170,244,233,267,571,77,88,139,127,137,267,52,82,105,106,130,304,923,0,923
20224,R,전통시장,3130069,"한양대앞상점가(한양시장, 왕십리맛골목)",480,249,231,4,89,242,36,37,72,2,43,131,19,20,34,2,46,111,17,17,38,451,0,451
20224,R,전통시장,3130070,뚝섬역상점가,1308,683,625,77,121,309,243,210,348,37,64,154,135,125,168,40,57,155,108,85,180,920,0,920
20224,R,전통시장,3130071,성수역 골목형상점가,3,2,1,0,0,0,0,2,1,0,0,0,0,2,0,0,0,0,0,0,1,5,0,5
20224,R,전통시장,3130072,성동용답상가시장,4754,2382,2372,432,520,745,714,840,1503,214,268,371,392,447,690,218,252,374,322,393,813,2147,0,2147
20224,R,전통시장,3130073,뚝도시장,580,306,274,31,70,60,75,129,215,17,39,35,39,72,104,14,31,25,36,57,111,300,0,300
20224,R,전통시장,3130074,영동교골목시장,482,248,234,20,43,74,67,98,180,10,28,34,37,56,83,10,15,40,30,42,97,275,0,275
20224,R,전통시장,3130075,노룬산시장(노룬산골목시장),91,43,48,2,7,11,12,19,40,2,4,6,5,9,17,0,3,5,7,10,23,62,0,62
20224,R,전통시장,3130076,능동로골목시장,876,426,450,47,90,139,107,134,359,21,43,67,59,69,167,26,47,72,48,65,192,448,0,448
20224,R,전통시장,3130077,조양시장,76,33,43,0,13,31,4,4,24,0,4,17,1,1,10,0,9,14,3,3,14,54,0,54
20224,R,전통시장,3130078,화양제일골목시장,900,426,474,34,112,353,127,94,180,16,38,169,73,51,79,18,74,184,54,43,101,683,0,683
20224,R,전통시장,3130079,한아름시장,302,128,174,11,51,131,32,28,49,6,15,53,18,15,21,5,36,78,14,13,28,264,0,264
20224,R,전통시장,3130080,자양종합시장(기능상실),59,30,29,10,9,6,14,8,12,5,4,3,7,4,7,5,5,3,7,4,5,19,0,19
20224,R,전통시장,3130081,자양골목전통시장(자양골목시장),2006,978,1028,193,219,346,351,314,583,95,107,171,184,149,272,98,112,175,167,165,311,982,0,982
20224,R,전통시장,3130082,면곡골목시장,257,125,132,23,28,46,30,48,82,10,13,21,15,24,42,13,15,25,15,24,40,118,0,118
20224,R,전통시장,3130083,"중곡제일시장(중곡제일골목시장, 광성시장)",848,429,419,85,96,120,101,165,281,45,44,71,49,82,138,40,52,49,52,83,143,392,0,392
20224,R,전통시장,3130084,신성시장(신성골목시장),243,122,121,19,25,45,38,40,76,12,13,19,22,19,37,7,12,26,16,21,39,111,0,111
20224,R,전통시장,3130085,용두시장,18,12,6,0,1,2,2,3,10,0,1,1,2,2,6,0,0,1,0,1,4,18,0,18
20224,R,전통시장,3130086,서울약령시장,1983,1076,907,73,143,313,251,319,884,48,77,185,160,185,421,25,66,128,91,134,463,1493,0,1493
20224,R,전통시장,3130087,경동광성상가(경동시장),75,34,41,1,3,8,6,12,45,0,0,5,3,8,18,1,3,3,3,4,27,50,0,50
20224,R,전통시장,3130088,경동시장,6,4,2,0,0,0,1,1,4,0,0,0,1,1,2,0,0,0,0,0,2,3,0,3
20224,R,전통시장,3130089,청량리수산시장,380,198,182,27,16,36,54,49,198,12,11,23,28,30,94,15,5,13,26,19,104,222,0,222
20224,R,전통시장,3130090,청량리종합시장,115,67,48,5,6,11,14,12,67,4,2,8,8,9,36,1,4,3,6,3,31,61,0,61
20224,R,전통시장,3130091,청량종합도매시장,437,227,210,18,27,87,44,55,206,8,17,56,24,32,90,10,10,31,20,23,116,412,0,412
20224,R,전통시장,3130092,청량리농수산물시장,450,247,203,29,43,62,36,64,216,18,26,32,20,34,117,11,17,30,16,30,99,229,0,229
20224,R,전통시장,3130094,청량리청과물시장,66,44,22,3,0,2,8,14,39,2,0,1,6,11,24,1,0,1,2,3,15,48,0,48
20224,R,전통시장,3130095,청량리전통시장,365,232,133,3,12,38,39,50,223,1,6,21,26,41,137,2,6,17,13,9,86,348,0,348
20224,R,전통시장,3130097,답십리 건축자재시장,1682,831,851,125,179,216,234,300,628,55,97,116,113,151,299,70,82,100,121,149,329,816,0,816
20224,R,전통시장,3130098,회기시장,1181,526,655,44,192,404,141,127,273,24,64,189,75,53,121,20,128,215,66,74,152,958,0,958
20224,R,전통시장,3130099,전농로터리시장,45,30,15,1,8,3,3,18,12,1,6,3,2,10,8,0,2,0,1,8,4,54,0,54
20224,R,전통시장,3130100,답십리시장,446,210,236,35,57,60,59,92,143,13,30,24,36,40,67,22,27,36,23,52,76,210,0,210
20224,R,전통시장,3130101,답십리현대시장,316,161,155,18,25,33,55,49,136,12,10,17,35,28,59,6,15,16,20,21,77,164,0,164
20224,R,전통시장,3130102,이문제일시장,66,27,39,8,7,5,11,16,19,0,3,2,6,8,8,8,4,3,5,8,11,34,0,34
20224,R,전통시장,3130103,이경시장,225,111,114,15,25,30,25,36,94,7,12,16,13,17,46,8,13,14,12,19,48,135,0,135
20224,R,전통시장,3130104,전곡시장,674,334,340,58,69,97,90,112,248,29,33,50,49,57,116,29,36,47,41,55,132,312,0,312
20224,R,전통시장,3130105,장미제일시장(중화동제일시장),967,481,486,98,99,138,148,163,321,50,42,75,81,86,147,48,57,63,67,77,174,570,0,570
20224,R,전통시장,3130106,중랑동부시장,1326,678,648,98,155,285,207,204,377,47,70,158,109,113,181,51,85,127,98,91,196,812,0,812
20224,R,전통시장,3130107,중랑동부시장(중랑교종합상가),184,99,85,10,9,64,40,15,46,4,5,36,24,9,21,6,4,28,16,6,25,117,0,117
20224,R,전통시장,3130108,태능엔터피아(태릉시장),326,169,157,36,35,56,46,50,103,17,21,26,29,24,52,19,14,30,17,26,51,118,0,118
20224,R,전통시장,3130109,묵1동도깨비시장,808,400,408,93,101,103,127,135,249,55,59,46,60,66,114,38,42,57,67,69,135,383,0,383
20224,R,전통시장,3130110,면목골목시장(면목시장),1775,902,873,172,171,260,293,286,593,85,94,129,159,154,281,87,77,131,134,132,312,865,0,865
20224,R,전통시장,3130111,"동원전통종합시장(동원시장, 동원전통시장 상점가)",2093,1061,1032,190,222,296,315,354,716,101,115,156,174,180,335,89,107,140,141,174,381,1035,0,1035
20224,R,전통시장,3130112,사가정시장,2023,1016,1007,146,223,331,279,346,698,72,113,177,158,174,322,74,110,154,121,172,376,1132,0,1132
20224,R,전통시장,3130113,신아타운,119,65,54,4,12,13,15,30,45,2,7,4,8,20,24,2,5,9,7,10,21,119,0,119
20224,R,전통시장,3130114,유영시장,120,57,63,13,20,12,16,25,34,7,12,6,7,10,15,6,8,6,9,15,19,45,0,45
20224,R,전통시장,3130115,우림골목시장,2050,1047,1003,149,195,290,284,357,775,74,99,166,164,185,359,75,96,124,120,172,416,1274,0,1274
20224,R,전통시장,3130116,동성타워프라자,301,154,147,41,33,41,46,43,97,23,17,25,24,19,46,18,16,16,22,24,51,98,0,98
20224,R,전통시장,3130117,정릉시장,847,423,424,62,83,142,101,122,337,29,43,80,63,67,141,33,40,62,38,55,196,516,0,516
20224,R,전통시장,3130118,정릉골 골목형상점가,660,323,337,79,74,95,113,98,201,48,29,42,62,53,89,31,45,53,51,45,112,274,0,274
20224,R,전통시장,3130119,정릉아리랑시장,387,196,191,37,37,60,59,53,141,21,21,34,32,25,63,16,16,26,27,28,78,229,0,229
20224,R,전통시장,3130120,돈암시장(돈암제일시장),295,134,161,20,21,58,33,32,131,10,10,29,18,20,47,10,11,29,15,12,84,130,0,130
20224,R,전통시장,3130121,길음시장,8,8,0,0,0,3,2,3,0,0,0,3,2,3,0,0,0,0,0,0,0,29,0,29
20224,R,전통시장,3130122,밤나무골시장,244,117,127,22,23,24,41,41,93,13,8,16,22,20,38,9,15,8,19,21,55,120,0,120
20224,R,전통시장,3130123,꿈의숲 장곡 골목형상점가,396,203,193,41,53,47,50,82,123,25,29,22,24,42,61,16,24,25,26,40,62,142,0,142
20224,R,전통시장,3130124,번동시장,32,19,13,8,1,4,4,2,13,6,0,3,1,1,8,2,1,1,3,1,5,8,0,8
20224,R,전통시장,3130125,장위전통시장,916,453,463,86,102,106,108,166,348,46,52,55,57,87,156,40,50,51,51,79,192,397,0,397
20224,R,전통시장,3130126,새석관시장,9,2,7,1,1,5,0,2,0,0,0,1,0,1,0,1,1,4,0,1,0,34,0,34
20224,R,전통시장,3130127,석관시장,182,108,74,14,16,23,27,39,63,10,10,14,17,28,29,4,6,9,10,11,34,87,0,87
20224,R,전통시장,3130128,돌곶이시장(석관황금시장),1959,998,961,149,208,257,275,339,731,81,108,134,149,176,350,68,100,123,126,163,381,924,0,924
20224,R,전통시장,3130129,장미원골목시장,1234,599,635,124,144,164,176,202,424,76,72,88,91,88,184,48,72,76,85,114,240,662,0,662
20224,R,전통시장,3130130,수유북부골목시장,67,34,33,3,3,9,10,6,36,2,2,7,5,4,14,1,1,2,5,2,22,30,0,30
20224,R,전통시장,3130131,동북프라자,26,12,14,4,3,1,3,4,11,1,0,0,2,3,6,3,3,1,1,1,5,16,0,16
20224,R,전통시장,3130132,삼양골목시장(삼양시장),697,350,347,55,68,93,102,127,252,36,24,49,51,70,120,19,44,44,51,57,132,351,0,351
20224,R,전통시장,3130133,우이골목시장(우이시장),1558,776,782,161,199,171,223,290,514,87,106,87,112,156,228,74,93,84,111,134,286,734,0,734
20224,R,전통시장,3130134,"솔샘시장(미아6,7동골목시장)",130,67,63,10,11,20,14,26,49,6,7,13,7,14,20,4,4,7,7,12,29,78,0,78
20224,R,전통시장,3130135,수유중앙골목시장(수유중앙시장),983,488,495,94,103,147,139,168,332,46,52,75,75,83,157,48,51,72,64,85,175,457,0,457
20224,R,전통시장,3130136,수유재래시장,492,252,240,40,54,67,61,89,181,18,26,44,34,44,86,22,28,23,27,45,95,220,0,220
20224,R,전통시장,3130137,"수유전통시장(수유시장, 수유골목시장)",493,251,242,37,51,73,76,79,177,19,28,44,38,40,82,18,23,29,38,39,95,299,0,299
20224,R,전통시장,3130138,수유프라자,241,107,134,21,26,39,34,29,92,9,12,16,14,11,45,12,14,23,20,18,47,87,0,87
20224,R,전통시장,3130139,강북종합전통시장(강북종합골목시장),2101,1033,1068,167,194,378,304,320,738,87,99,191,167,157,332,80,95,187,137,163,406,1343,0,1343
20224,R,전통시장,3130140,숭인시장,148,69,79,15,16,22,24,22,49,8,6,10,11,12,22,7,10,12,13,10,27,140,0,140
20224,R,전통시장,3130141,강북북부골목시장,987,471,516,118,89,136,186,139,319,53,49,60,92,78,139,65,40,76,94,61,180,526,0,526
20224,R,전통시장,3130143,방천골목시장,617,297,320,40,58,92,95,117,215,26,25,45,50,59,92,14,33,47,45,58,123,389,0,389
20224,R,전통시장,3130144,백운시장,370,174,196,37,46,50,51,54,132,17,21,28,21,25,62,20,25,22,30,29,70,210,0,210
20224,R,전통시장,3130145,쌍문역둘리상점가,592,294,298,44,69,99,67,92,221,20,35,54,34,40,111,24,34,45,33,52,110,473,0,473
20224,R,전통시장,3130146,쌍문시장(쌍문역골목시장),3414,1694,1720,235,315,613,537,550,1164,121,156,316,275,284,542,114,159,297,262,266,622,1953,0,1953
20224,R,전통시장,3130147,쌍문역동측상점가,866,425,441,76,69,142,144,137,298,38,33,72,71,66,145,38,36,70,73,71,153,473,0,473
20224,R,전통시장,3130148,방학동도깨비시장,1176,593,583,88,148,134,148,222,436,49,88,79,77,110,190,39,60,55,71,112,246,528,0,528
20224,R,전통시장,3130149,창동신창시장,2288,1106,1182,229,296,302,347,423,691,101,145,158,172,211,319,128,151,144,175,212,372,987,0,987
20224,R,전통시장,3130150,창동골목시장,1298,646,652,104,141,151,193,214,495,53,78,81,93,128,213,51,63,70,100,86,282,632,0,632
20224,R,전통시장,3130151,신도봉시장,211,109,102,15,39,26,19,44,68,4,19,16,11,23,36,11,20,10,8,21,32,80,0,80
20224,R,전통시장,3130152,오!도봉거리 상점가,720,397,323,49,80,80,95,133,283,24,40,45,58,80,150,25,40,35,37,53,133,411,0,411
20224,R,전통시장,3130153,창동역상점가,162,132,30,0,8,29,31,35,59,0,6,21,26,32,47,0,2,8,5,3,12,159,0,159
20224,R,전통시장,3130154,상계주공1단지(가)상가,191,104,87,113,14,17,2,18,27,66,9,7,2,8,12,47,5,10,0,10,15,24,0,24
20224,R,전통시장,3130156,시영2단지 무지개종합상가(중계 무지개2단지아파트상가),509,230,279,77,64,69,94,78,127,46,28,30,47,33,46,31,36,39,47,45,81,209,0,209
20224,R,전통시장,3130157,상계중앙시장,1835,894,941,111,194,259,228,310,733,66,93,142,121,144,328,45,101,117,107,166,405,945,0,945
20224,R,전통시장,3130158,상계역전종합상가,1165,524,641,140,132,201,189,192,311,69,62,101,81,89,122,71,70,100,108,103,189,469,0,469
20224,R,전통시장,3130159,공릉동 도깨비시장,1354,676,678,113,142,274,208,191,426,51,71,135,113,97,209,62,71,139,95,94,217,916,0,916
20224,R,전통시장,3130160,수일시장,92,45,47,2,6,7,7,15,55,1,4,2,6,9,23,1,2,5,1,6,32,61,0,61
20224,R,전통시장,3130161,증산종합시장,151,72,79,15,12,21,22,27,54,4,6,10,13,12,27,11,6,11,9,15,27,71,0,71
20224,R,전통시장,3130162,증산골목시장,97,58,39,6,8,16,17,19,31,3,7,11,10,11,16,3,1,5,7,8,15,96,0,96
20224,R,전통시장,3130163,응암오거리상점가,1250,614,636,102,107,252,199,192,398,57,54,116,105,101,181,45,53,136,94,91,217,846,0,846
20224,R,전통시장,3130164,역촌중앙시장,151,75,76,9,15,27,27,19,54,7,6,16,13,9,24,2,9,11,14,10,30,56,0,56
20224,R,전통시장,3130165,"대림골목시장(대림시장, 양지시장)",572,277,295,42,71,57,77,102,223,23,40,28,39,51,96,19,31,29,38,51,127,257,0,257
20224,R,전통시장,3130166,응암시장(신응암시장),215,120,95,33,13,29,51,28,61,21,8,18,29,15,29,12,5,11,22,13,32,81,0,81
20224,R,전통시장,3130167,연신내상점가(연빛거리),1685,852,833,113,189,379,276,264,464,57,90,194,157,137,217,56,99,185,119,127,247,923,0,923
20224,R,전통시장,3130168,연서시장,102,63,39,8,4,12,13,9,56,4,3,5,8,7,36,4,1,7,5,2,20,167,0,167
20224,R,전통시장,3130169,대조시장,1925,868,1057,139,153,391,340,269,633,63,70,171,175,124,265,76,83,220,165,145,368,1100,0,1100
20224,R,전통시장,3130170,제일시장,78,39,39,6,4,21,16,10,21,3,3,10,7,5,11,3,1,11,9,5,10,45,0,45
20224,R,전통시장,3130171,불광먹자골목 골목형상점가,1115,542,573,56,97,310,195,157,300,36,41,137,112,78,138,20,56,173,83,79,162,809,0,809
20224,R,전통시장,3130172,모래내시장(서중시장),47,31,16,0,2,5,2,9,29,0,2,4,2,5,18,0,0,1,0,4,11,59,0,59
20224,R,전통시장,3130173,백련시장,151,68,83,11,8,25,20,22,65,7,4,13,9,10,25,4,4,12,11,12,40,71,0,71
20224,R,전통시장,3130175,신촌 상인회(신촌상점가),6,3,3,0,1,4,0,0,1,0,1,1,0,0,1,0,0,3,0,0,0,3,0,3
20224,R,전통시장,3130176,유진상가,316,161,155,15,40,44,22,56,139,11,18,31,12,23,66,4,22,13,10,33,73,107,0,107
20224,R,전통시장,3130177,인왕시장(홍제골목형상점가),272,138,134,18,33,39,34,38,110,12,13,25,22,18,48,6,20,14,12,20,62,152,0,152
20224,R,전통시장,3130178,이대 앞 스타트업 상점가,44,17,27,0,7,15,4,2,16,0,0,10,1,0,6,0,7,5,3,2,10,35,0,35
20224,R,전통시장,3130179,"이화여대 3,5,7길 상점가",501,136,365,13,129,166,46,45,102,4,6,30,23,22,51,9,123,136,23,23,51,1238,0,1238
20224,R,전통시장,3130180,포방터시장,598,291,307,40,82,72,62,115,227,20,45,41,31,56,98,20,37,31,31,59,129,310,0,310
20224,R,전통시장,3130181,아현가구거리상점가,656,334,322,34,58,116,93,116,239,19,34,60,55,57,109,15,24,56,38,59,130,399,0,399
20224,R,전통시장,3130182,영천시장,558,280,278,23,50,71,69,100,245,11,24,38,44,54,109,12,26,33,25,46,136,294,0,294
20224,R,전통시장,3130183,상암동상점가,3058,1552,1506,297,295,669,504,464,829,148,155,329,279,255,386,149,140,340,225,209,443,1679,0,1679
20224,R,전통시장,3130185,망원월드컵시장,911,427,484,100,105,138,171,139,258,49,52,66,73,68,119,51,53,72,98,71,139,452,0,452
20224,R,전통시장,3130186,망원시장,2120,1006,1114,181,172,369,400,331,667,101,90,161,206,162,286,80,82,208,194,169,381,1068,0,1068
20224,R,전통시장,3130187,영진시장,222,99,123,17,17,39,35,28,86,8,11,16,17,10,37,9,6,23,18,18,49,134,0,134
20224,R,전통시장,3130189,서교시장,37,28,9,0,3,12,10,1,11,0,2,10,9,0,7,0,1,2,1,1,4,21,0,21
20224,R,전통시장,3130190,홍대소상공인상점가,431,214,217,18,55,150,66,45,97,11,24,81,28,26,44,7,31,69,38,19,53,258,0,258
20224,R,전통시장,3130191,홍대 걷고싶은 거리,694,321,373,34,87,211,88,79,195,19,39,104,46,35,78,15,48,107,42,44,117,328,0,328
20224,R,전통시장,3130192,동진시장,33,16,17,5,3,10,5,3,7,1,3,4,3,1,4,4,0,6,2,2,3,18,0,18
20224,R,전통시장,3130193,신수시장,72,35,37,5,9,11,7,13,27,2,5,4,4,7,13,3,4,7,3,6,14,40,0,40
20224,R,전통시장,3130194,용강동 상점가,727,360,367,132,64,85,139,125,182,62,35,42,72,71,78,70,29,43,67,54,104,358,0,358
20224,R,전통시장,3130195,도화동 상점가,2663,1220,1443,214,260,547,427,402,813,107,123,231,210,200,349,107,137,316,217,202,464,1475,0,1475
20224,R,전통시장,3130196,공덕시장,3,2,1,0,0,0,1,2,0,0,0,0,0,2,0,0,0,0,1,0,0,5,0,5
20224,R,전통시장,3130197,마포시장,78,56,22,3,3,7,7,21,37,1,0,7,6,19,23,2,3,0,1,2,14,59,0,59
20224,R,전통시장,3130198,아현시장,606,294,312,40,74,75,87,91,239,21,40,41,47,41,104,19,34,34,40,50,135,404,0,404
20224,R,전통시장,3130199,신월3동 골목시장,967,526,441,63,109,100,124,190,381,33,57,51,81,107,197,30,52,49,43,83,184,497,0,497
20224,R,전통시장,3130200,"신월7동 골목시장(약수시장, 우성상가)",269,128,141,21,25,46,36,46,95,10,9,26,21,21,41,11,16,20,15,25,54,110,0,110
20224,R,전통시장,3130201,월정로시장,1535,793,742,157,132,192,236,263,555,79,69,103,125,152,265,78,63,89,111,111,290,756,0,756
20224,R,전통시장,3130202,신영시장,1216,584,632,125,133,132,198,224,404,53,60,65,98,118,190,72,73,67,100,106,214,582,0,582
20224,R,전통시장,3130203,서서울 골목형상점가,656,319,337,43,53,104,89,118,249,16,27,57,46,58,115,27,26,47,43,60,134,345,0,345
20224,R,전통시장,3130204,경창시장,821,391,430,128,71,85,147,112,278,64,44,37,72,52,122,64,27,48,75,60,156,322,0,322
20224,R,전통시장,3130205,신곡종합시장(신월6동 골목시장),162,93,69,14,15,14,25,33,61,11,10,9,14,18,31,3,5,5,11,15,30,72,0,72
20224,R,전통시장,3130206,신정3동 골목시장,52,25,27,5,6,9,5,5,22,3,1,4,2,4,11,2,5,5,3,1,11,30,0,30
20224,R,전통시장,3130207,신정1동 골목시장(신정제일시장),181,76,105,13,18,23,16,28,83,3,4,10,6,15,38,10,14,13,10,13,45,106,0,106
20224,R,전통시장,3130208,목동깨비시장(목3동시장),1253,635,618,130,117,254,228,189,335,64,70,129,124,95,153,66,47,125,104,94,182,643,0,643
20224,R,전통시장,3130209,목사랑시장(목4동시장),1703,857,846,175,283,216,222,325,482,100,173,116,99,149,220,75,110,100,123,176,262,645,0,645
20224,R,전통시장,3130210,목2동시장,1050,532,518,62,74,196,139,146,433,29,32,103,79,77,212,33,42,93,60,69,221,841,0,841
20224,R,전통시장,3130211,신정2동 골목시장(오목교중앙시장),931,457,474,82,127,119,113,179,311,42,61,65,56,91,142,40,66,54,57,88,169,369,0,369
20224,R,전통시장,3130212,공항시장,351,157,194,5,30,142,45,43,86,3,10,53,26,26,39,2,20,89,19,17,47,307,0,307
20224,R,전통시장,3130213,방신전통시장,792,396,396,53,65,91,102,153,328,27,26,47,55,78,163,26,39,44,47,75,165,194,0,194
20224,R,전통시장,3130214,송화벽화시장(송화골목시장),543,267,276,60,83,68,98,99,135,30,41,27,46,52,71,30,42,41,52,47,64,320,0,320
20224,R,전통시장,3130216,화곡중앙시장,1042,500,542,148,100,172,187,149,286,65,51,92,91,67,134,83,49,80,96,82,152,455,0,455
20224,R,전통시장,3130217,화곡본동시장,348,153,195,34,32,68,67,45,102,18,13,28,28,19,47,16,19,40,39,26,55,179,0,179
20224,R,전통시장,3130218,신월중앙시장,86,50,36,15,4,17,25,8,17,7,4,9,14,7,9,8,0,8,11,1,8,45,0,45
20224,R,전통시장,3130219,까치산시장,960,422,538,97,77,173,185,125,303,51,32,77,89,51,122,46,45,96,96,74,181,512,0,512
20224,R,전통시장,3130220,등마루시장,631,252,379,24,25,26,21,38,497,14,8,13,11,14,192,10,17,13,10,24,305,393,0,393
20224,R,전통시장,3130221,"남부골목시장(남부화곡시장, 남부시장)",2164,1028,1136,201,183,319,374,316,771,103,103,155,188,152,327,98,80,164,186,164,444,951,0,951
20224,R,전통시장,3130222,오류시장,132,68,64,12,5,13,16,28,58,6,4,7,10,18,23,6,1,6,6,10,35,109,0,109
20224,R,전통시장,3130223,고척근린시장,636,304,332,44,72,79,75,109,257,20,34,41,38,54,117,24,38,38,37,55,140,313,0,313
20224,R,전통시장,3130225,개봉중앙시장,3138,1523,1615,300,370,436,492,511,1029,174,184,215,257,236,457,126,186,221,235,275,572,1332,0,1332
20224,R,전통시장,3130226,고척프라자,35,19,16,3,0,8,3,6,15,2,0,5,2,2,8,1,0,3,1,4,7,19,0,19
20224,R,전통시장,3130227,고척골목시장상점가(그라운드 고척),301,143,158,5,33,52,35,47,129,0,18,30,21,22,52,5,15,22,14,25,77,160,0,160
20224,R,전통시장,3130228,구로시장,249,129,120,17,26,25,26,56,99,10,11,10,18,33,47,7,15,15,8,23,52,135,0,135
20224,R,전통시장,3130229,남구로시장,763,442,321,69,60,72,122,134,306,36,30,42,74,94,166,33,30,30,48,40,140,402,0,402
20224,R,전통시장,3130230,가리봉시장,223,115,108,14,19,25,17,43,105,7,10,15,10,24,49,7,9,10,7,19,56,103,0,103
20224,R,전통시장,3130231,독산동 우시장,78,40,38,0,6,41,10,12,9,0,1,18,8,8,5,0,5,23,2,4,4,881,0,881
20224,R,전통시장,3130232,독산동 맛나는거리상점가(독산동 맛나는거리),1004,503,501,80,108,138,139,201,338,44,50,73,66,109,161,36,58,65,73,92,177,470,0,470
20224,R,전통시장,3130233,남문시장,1694,859,835,153,153,219,220,368,581,74,69,125,118,186,287,79,84,94,102,182,294,781,0,781
20224,R,전통시장,3130234,푸른터시장(기능상실),184,96,88,28,12,26,34,25,59,15,5,16,18,15,27,13,7,10,16,10,32,127,0,127
20224,R,전통시장,3130235,대명여울빛거리시장(대명시장),947,513,434,24,43,118,158,176,428,14,20,66,91,109,213,10,23,52,67,67,215,843,0,843
20224,R,전통시장,3130236,비단길현대시장(현대시장),2368,1137,1231,176,240,368,279,406,899,90,117,173,140,198,419,86,123,195,139,208,480,1174,0,1174
20224,R,전통시장,3130237,박미시장(기능상실),294,159,135,18,24,29,37,54,132,13,13,14,19,32,68,5,11,15,18,22,64,174,0,174
20224,R,전통시장,3130238,은행나무시장,1077,531,546,100,130,124,160,183,380,50,72,58,89,94,168,50,58,66,71,89,212,592,0,592
20224,R,전통시장,3130240,영등포유통상가,19,17,2,0,0,3,5,3,8,0,0,2,5,3,7,0,0,1,0,0,1,47,0,47
20224,R,전통시장,3130241,선유도역 골목형상점가,1220,616,604,174,121,234,240,176,275,77,70,117,135,91,126,97,51,117,105,85,149,777,0,777
20224,R,전통시장,3130242,대림중앙 골목형상점가,523,267,256,22,48,51,56,114,232,9,30,23,29,60,116,13,18,28,27,54,116,228,0,228
20224,R,전통시장,3130243,도림시장,53,26,27,4,6,4,9,11,19,2,5,2,6,6,5,2,1,2,3,5,14,52,0,52
20224,R,전통시장,3130244,대림중앙시장,1201,589,612,88,111,131,144,228,499,49,62,77,79,108,214,39,49,54,65,120,285,533,0,533
20224,R,전통시장,3130245,영일시장,237,166,71,5,6,22,20,48,136,3,5,15,13,43,87,2,1,7,7,5,49,138,0,138
20224,R,전통시장,3130246,영등포청과시장(조광시장),1206,678,528,68,100,151,153,219,515,34,53,97,98,134,262,34,47,54,55,85,253,1118,0,1118
20224,R,전통시장,3130247,우리시장,437,220,217,33,48,50,47,79,180,17,26,28,24,39,86,16,22,22,23,40,94,182,0,182
20224,R,전통시장,3130248,영등포역지하도상점가,49,27,22,3,1,5,10,8,22,2,1,5,4,6,9,1,0,0,6,2,13,33,0,33
20224,R,전통시장,3130249,동남상가,164,80,84,8,13,26,23,28,66,6,8,11,15,14,26,2,5,15,8,14,40,69,0,69
20224,R,전통시장,3130250,삼구시장(로타리상가),4,3,1,0,0,0,0,1,3,0,0,0,0,1,2,0,0,0,0,0,1,7,0,7
20224,R,전통시장,3130253,영신상가(제일상가),21,19,2,0,0,0,2,3,16,0,0,0,2,3,14,0,0,0,0,0,2,42,0,42
20224,R,전통시장,3130254,남서울상가,4,4,0,0,0,0,0,0,4,0,0,0,0,0,4,0,0,0,0,0,0,2,0,2
20224,R,전통시장,3130255,영등포전통시장,839,503,336,31,45,79,87,149,448,20,30,54,54,105,240,11,15,25,33,44,208,757,0,757
20224,R,전통시장,3130256,신동시장,51,26,25,3,5,3,9,11,20,2,5,2,6,5,6,1,0,1,3,6,14,25,0,25
20224,R,전통시장,3130257,영등포시장기계공구상가,155,116,39,6,3,6,15,48,77,2,2,4,14,40,54,4,1,2,1,8,23,473,0,473
20224,R,전통시장,3130258,영진시장A동,132,69,63,14,13,15,19,17,54,8,4,11,10,8,28,6,9,4,9,9,26,47,0,47
20224,R,전통시장,3130259,대신시장,234,103,131,23,27,21,40,37,86,11,11,10,16,19,36,12,16,11,24,18,50,82,0,82
20224,R,전통시장,3130260,신대방1동골목상권,605,300,305,44,60,76,82,107,236,23,26,40,45,51,115,21,34,36,37,56,121,303,0,303
20224,R,전통시장,3130261,성대전통시장(성대시장),1937,910,1027,135,170,360,302,317,653,70,88,148,147,155,302,65,82,212,155,162,351,1222,0,1222
20224,R,전통시장,3130262,상도도깨비 골목형상점가,913,433,480,69,97,152,129,145,321,35,49,84,58,72,135,34,48,68,71,73,186,488,0,488
20224,R,전통시장,3130263,신노량진시장(기능상실),193,97,96,11,14,38,25,34,71,6,5,18,13,16,39,5,9,20,12,18,32,132,0,132
20224,R,전통시장,3130264,상도약수골목형상점가,474,227,247,54,53,98,65,74,130,23,32,41,36,34,61,31,21,57,29,40,69,260,0,260
20224,R,전통시장,3130265,노량진중앙시장,91,50,41,3,14,39,10,5,20,1,10,21,7,2,9,2,4,18,3,3,11,97,0,97
20224,R,전통시장,3130266,만양로상점가,75,43,32,2,4,29,7,9,24,2,1,19,5,4,12,0,3,10,2,5,12,53,0,53
20224,R,전통시장,3130267,본동인정시장(기능상실),265,143,122,16,21,58,43,37,90,7,13,36,26,20,41,9,8,22,17,17,49,184,0,184
20224,R,전통시장,3130268,상도전통시장,1531,742,789,96,152,291,222,230,540,57,74,148,119,114,230,39,78,143,103,116,310,975,0,975
20224,R,전통시장,3130269,강남시장(동작구 강남시장),157,71,86,11,16,34,19,24,53,8,7,15,10,8,23,3,9,19,9,16,30,57,0,57
20224,R,전통시장,3130270,흑석시장,53,21,32,2,1,8,6,5,31,2,0,3,5,1,10,0,1,5,1,4,21,32,0,32
20224,R,전통시장,3130271,남성역골목시장,533,238,295,43,47,86,86,77,194,22,23,38,37,36,82,21,24,48,49,41,112,325,0,325
20224,R,전통시장,3130272,사당시장,13,9,4,0,3,1,2,5,2,0,1,1,2,4,1,0,2,0,0,1,1,5,0,5
20224,R,전통시장,3130273,남성사계시장(남성시장),748,374,374,38,50,175,125,90,270,20,24,71,74,55,130,18,26,104,51,35,140,463,0,463
20224,R,전통시장,3130274,사당1동먹자골목상점가(사당1동먹자골목),747,358,389,31,70,214,121,91,220,15,35,93,56,56,103,16,35,121,65,35,117,544,0,544
20224,R,전통시장,3130275,강남골목시장,409,199,210,40,32,89,74,60,114,14,13,45,44,35,48,26,19,44,30,25,66,247,0,247
20224,R,전통시장,3130276,신림중앙시장(조원동 펭귄시장),63,30,33,4,6,26,13,4,10,2,1,13,6,2,6,2,5,13,7,2,4,56,0,56
20224,R,전통시장,3130277,조원동 펭귄시장(신림중앙시장),1393,704,689,124,136,339,215,207,372,57,62,187,123,104,171,67,74,152,92,103,201,832,0,832
20224,R,전통시장,3130278,미성동 도깨비시장 골목형상점가,875,415,460,68,90,114,119,153,331,30,41,59,61,77,147,38,49,55,58,76,184,407,0,407
20224,R,전통시장,3130279,관악신사시장,2214,1128,1086,163,215,403,334,404,695,95,105,206,186,216,320,68,110,197,148,188,375,1355,0,1355
20224,R,전통시장,3130280,신림종합시장,279,147,132,18,29,102,46,35,49,12,12,61,19,17,26,6,17,41,27,18,23,191,0,191
20224,R,전통시장,3130281,우림시장,73,31,42,7,4,16,11,6,29,3,2,7,5,3,11,4,2,9,6,3,18,35,0,35
20224,R,전통시장,3130282,난곡 골목형상점가,339,174,165,32,26,59,55,43,124,19,15,33,32,17,58,13,11,26,23,26,66,166,0,166
20224,R,전통시장,3130283,신원시장,381,213,168,25,30,79,42,55,150,15,13,49,22,33,81,10,17,30,20,22,69,300,0,300
20224,R,전통시장,3130285,서원동상점가,488,221,267,5,48,238,89,59,49,3,15,100,48,29,26,2,33,138,41,30,23,751,0,751
20224,R,전통시장,3130286,신신림시장(삼성동시장),33,18,15,4,1,5,5,7,11,2,0,2,3,6,5,2,1,3,2,1,6,21,0,21
20224,R,전통시장,3130287,삼성동 시장(삼성동시장),181,101,80,10,11,15,23,31,91,6,7,12,15,18,43,4,4,3,8,13,48,117,0,117
20224,R,전통시장,3130288,신림현대종합상가,18,11,7,0,0,5,3,4,6,0,0,1,3,4,3,0,0,4,0,0,3,10,0,10
20224,R,전통시장,3130290,영림시장,1771,851,920,142,121,290,267,257,694,84,69,134,146,119,299,58,52,156,121,138,395,1468,0,1468
20224,R,전통시장,3130291,봉천제일종합시장,103,47,56,5,8,31,16,16,27,1,3,13,10,7,13,4,5,18,6,9,14,151,0,151
20224,R,전통시장,3130293,봉천중앙시장,321,145,176,9,34,159,44,41,34,5,9,69,22,21,19,4,25,90,22,20,15,322,0,322
20224,R,전통시장,3130294,관악중부시장,549,274,275,21,45,183,72,59,169,9,23,84,42,36,80,12,22,99,30,23,89,409,0,409
20224,R,전통시장,3130295,인헌시장(원당종합시장),1291,660,631,58,78,352,223,178,402,34,42,180,115,97,192,24,36,172,108,81,210,951,0,951
20224,R,전통시장,3130296,남부종합시장,131,66,65,22,23,15,13,25,33,16,11,6,5,13,15,6,12,9,8,12,18,79,0,79
20224,R,전통시장,3130301,양재시장,139,69,70,7,13,37,20,26,36,5,7,19,10,10,18,2,6,18,10,16,18,132,0,132
20224,R,전통시장,3130302,강남시장(강남구 강남시장),303,148,155,39,19,54,62,32,97,24,9,23,34,16,42,15,10,31,28,16,55,109,0,109
20224,R,전통시장,3130303,영동전통시장,1246,567,679,77,102,319,268,191,289,34,54,135,126,96,122,43,48,184,142,95,167,728,0,728
20224,R,전통시장,3130305,논현종합시장,89,34,55,6,8,12,17,15,31,2,3,2,6,7,14,4,5,10,11,8,17,47,0,47
20224,R,전통시장,3130306,강남언주로,466,233,233,20,30,144,93,69,110,10,15,69,51,35,53,10,15,75,42,34,57,274,0,274
20224,R,전통시장,3130307,도곡시장,26,12,14,3,5,2,4,6,6,2,3,1,1,2,3,1,2,1,3,4,3,12,0,12
20224,R,전통시장,3130308,청담삼익시장,154,74,80,11,16,22,11,27,67,6,8,9,5,12,34,5,8,13,6,15,33,4,0,4
20224,R,전통시장,3130309,은마종합상점가,610,313,297,64,147,57,61,165,116,34,85,30,27,77,60,30,62,27,34,88,56,171,0,171
20224,R,전통시장,3130310,강남개포시장,38,25,13,0,5,7,6,7,13,0,2,5,2,6,10,0,3,2,4,1,3,83,0,83
20224,R,전통시장,3130311,새마을시장,2423,1199,1224,174,205,484,392,352,816,90,101,238,222,175,373,84,104,246,170,177,443,1367,0,1367
20224,R,전통시장,3130312,석촌시장,976,487,489,83,94,178,160,146,315,42,48,69,87,81,160,41,46,109,73,65,155,524,0,524
20224,R,전통시장,3130313,방이시장,5719,2765,2954,654,611,1053,1062,857,1482,340,302,503,550,415,655,314,309,550,512,442,827,2702,0,2702
20224,R,전통시장,3130314,풍납시장,4699,2280,2419,349,456,679,692,801,1722,168,222,344,367,395,784,181,234,335,325,406,938,2071,0,2071
20224,R,전통시장,3130315,문정동 로데오거리 상점가(문정동 로데오거리),1349,709,640,102,158,215,201,246,427,60,94,110,101,123,221,42,64,105,100,123,206,687,0,687
20224,R,전통시장,3130316,마천시장,144,74,70,16,13,20,20,20,55,9,6,12,7,11,29,7,7,8,13,9,26,58,0,58
20224,R,전통시장,3130317,마천중앙시장,1200,630,570,125,103,157,175,202,438,55,55,91,92,121,216,70,48,66,83,81,222,536,0,536
20224,R,전통시장,3130318,로데오거리상점가,580,280,300,12,29,195,173,73,98,3,16,88,78,40,55,9,13,107,95,33,43,670,0,670
20224,R,전통시장,3130319,성내전통시장,1150,596,554,102,90,199,172,181,406,51,43,108,93,95,206,51,47,91,79,86,200,715,0,715
20224,R,전통시장,3130320,암사종합시장,955,490,465,67,99,186,181,144,278,31,61,96,99,74,129,36,38,90,82,70,149,556,0,556
20224,R,전통시장,3130321,장신구 특화거리 상점가,1046,516,530,129,131,173,204,154,255,57,72,82,109,73,123,72,59,91,95,81,132,664,0,664
20224,R,전통시장,3130322,고분다리전통시장,824,432,392,45,98,98,111,147,325,24,49,50,64,82,163,21,49,48,47,65,162,437,0,437
20224,R,전통시장,3130323,둔촌역전통시장,1781,870,911,161,238,272,254,311,545,81,137,144,125,146,237,80,101,128,129,165,308,718,0,718
20224,R,전통시장,3130324,길동복조리시장,1337,649,688,128,152,184,214,191,468,72,78,92,113,89,205,56,74,92,101,102,263,489,0,489
20224,R,전통시장,3130325,명일전통시장,2089,1038,1051,344,279,238,346,331,551,189,140,128,153,170,258,155,139,110,193,161,293,697,0,697
20224,R,전통시장,3130326,고덕 골목형상점가,124,59,65,4,16,15,15,21,53,0,12,7,8,9,23,4,4,8,7,12,30,579,0,579
20224,R,전통시장,3130327,"평화시장(남평화시장, 제일평화시장, 신평화패션타운)",2,2,0,0,0,1,0,0,1,0,0,1,0,0,1,0,0,0,0,0,0,3,0,3
20224,U,관광특구,3001491,이태원 관광특구,5337,2516,2821,315,322,963,882,866,1989,156,152,510,451,417,830,159,170,453,431,449,1159,3300,0,3300
20224,U,관광특구,3001492,명동 남대문 북창동 다동 무교동 관광특구,600,365,235,13,20,62,76,113,316,7,10,38,51,67,192,6,10,24,25,46,124,494,0,494
20224,U,관광특구,3001493,동대문패션타운 관광특구,1807,941,866,163,161,338,303,288,554,90,83,154,153,155,306,73,78,184,150,133,248,1704,0,1704
20224,U,관광특구,3001494,종로?청계 관광특구,1720,1092,628,32,94,178,157,304,955,14,51,123,103,207,594,18,43,55,54,97,361,1475,0,1475
20224,U,관광특구,3001495,잠실 관광특구,5902,2885,3017,572,462,1173,1128,849,1718,319,223,536,531,406,870,253,239,637,597,443,848,6271,0,6271
20224,U,관광특구,3001496,강남 마이스 관광특구,19,11,8,6,0,1,4,1,7,3,0,0,2,1,5,3,0,1,2,0,2,18,0,18
20231,A,골목상권,3110692,큰굴다리,1611,837,774,137,185,206,223,257,603,66,90,106,125,145,305,71,95,100,98,112,298,734,0,734
20232,A,골목상권,3110002,독립문역 1번,663,326,337,52,60,53,79,111,308,30,31,23,44,58,140,22,29,30,35,53,168,343,0,343
20232,A,골목상권,3110003,세검정초등학교,2926,1417,1509,331,413,381,381,533,887,165,206,210,180,237,419,166,207,171,201,296,468,1270,0,1270
20232,A,골목상권,3110004,대신고등학교,529,259,270,51,55,57,78,94,194,28,32,28,39,49,83,23,23,29,39,45,111,244,0,244
20232,A,골목상권,3110005,세검정,2153,1046,1107,243,308,267,285,410,640,133,171,138,124,181,299,110,137,129,161,229,341,878,0,878
20232,A,골목상권,3110006,부암동주민센터,671,329,342,46,68,70,66,127,294,27,40,37,28,65,132,19,28,33,38,62,162,384,0,384
20232,A,골목상권,3110007,사직공원(한국사회과학도서관),2073,950,1123,256,225,309,330,332,621,123,112,136,168,142,269,133,113,173,162,190,352,885,0,885
20231,R,전통시장,3130182,영천시장,558,280,278,23,50,71,69,100,245,11,24,38,44,54,109,12,26,33,25,46,136,339,0,339
20232,A,골목상권,3110008,배화여자대학교(박노수미술관),5038,2280,2758,621,598,669,863,875,1412,308,266,314,382,417,593,313,332,355,481,458,819,2045,0,2045
20232,A,골목상권,3110001,이북5도청사,1011,475,536,116,130,122,119,171,353,66,59,70,53,73,154,50,71,52,66,98,199,401,0,401
20232,A,골목상권,3110009,자하문터널,1622,787,835,159,207,221,257,302,476,95,114,117,114,129,218,64,93,104,143,173,258,713,0,713
20232,A,골목상권,3110010,평창동서측,3015,1401,1614,295,368,395,409,517,1031,158,190,193,188,223,449,137,178,202,221,294,582,1417,0,1417
20232,A,골목상권,3110011,청운초등학교,432,204,228,59,67,44,71,83,108,33,41,17,30,36,47,26,26,27,41,47,61,164,0,164
20232,A,골목상권,3110012,성곡미술관,1916,878,1038,262,212,252,312,358,520,138,94,123,131,159,233,124,118,129,181,199,287,847,0,847
20232,A,골목상권,3110013,체부동홍종문가옥,292,137,155,25,30,53,54,46,84,16,15,19,29,19,39,9,15,34,25,27,45,198,0,198
20232,A,골목상권,3110014,경복고등학교,916,447,469,87,122,82,125,165,335,48,76,38,54,79,152,39,46,44,71,86,183,464,0,464
20232,A,골목상권,3110015,청와대사랑채,672,309,363,89,83,94,112,120,174,48,40,38,50,51,82,41,43,56,62,69,92,254,0,254
20232,A,골목상권,3110016,평창동동측,1988,982,1006,217,199,253,247,295,777,118,112,142,125,131,354,99,87,111,122,164,423,901,0,901
20232,A,골목상권,3110017,정독도서관,700,341,359,99,73,76,111,126,215,59,42,35,50,61,94,40,31,41,61,65,121,321,0,321
20232,A,골목상권,3110018,중앙고등학교,2897,1357,1540,278,340,383,489,520,887,131,164,185,222,258,397,147,176,198,267,262,490,1295,0,1295
20232,A,골목상권,3110019,창덕궁,271,150,121,11,16,30,37,45,132,4,8,18,22,30,68,7,8,12,15,15,64,159,0,159
20232,A,골목상권,3110020,서울국제고등학교,4097,2131,1966,312,589,953,537,556,1150,149,289,615,282,285,511,163,300,338,255,271,639,2299,0,2299
20232,A,골목상권,3110021,성균관대학교,1851,925,926,129,316,522,230,207,447,70,121,298,117,103,216,59,195,224,113,104,231,1229,0,1229
20232,A,골목상권,3110022,경신고등학교,1513,742,771,187,235,281,254,224,332,96,118,158,121,107,142,91,117,123,133,117,190,784,0,784
20232,A,골목상권,3110023,서울대병원,681,301,380,47,60,233,106,76,159,24,31,96,49,35,66,23,29,137,57,41,93,365,0,365
20232,A,골목상권,3110024,혜회동주민센터,980,436,544,100,170,194,138,144,234,53,78,86,53,63,103,47,92,108,85,81,131,800,0,800
20232,A,골목상권,3110025,충신시장옆,523,280,243,32,51,96,78,86,180,18,31,53,45,46,87,14,20,43,33,40,93,264,0,264
20232,A,골목상권,3110026,종로5가역 4번,130,61,69,7,13,16,13,24,57,0,8,4,7,11,31,7,5,12,6,13,26,62,0,62
20232,A,골목상권,3110027,혜화역 1번,2999,1400,1599,262,347,594,470,455,871,116,159,298,237,223,367,146,188,296,233,232,504,1450,0,1450
20232,A,골목상권,3110028,이화달팽이길,4475,2311,2164,254,679,787,518,817,1420,120,386,412,293,414,686,134,293,375,225,403,734,2181,0,2181
20232,A,골목상권,3110029,동대문역 1번,6133,3169,2964,458,788,794,763,1261,2069,253,414,422,430,663,987,205,374,372,333,598,1082,2569,0,2569
20232,A,골목상권,3110030,동대문역 3번,239,122,117,14,21,40,25,52,87,7,12,26,10,27,40,7,9,14,15,25,47,116,0,116
20232,A,골목상권,3110031,창신역 1번,350,180,170,26,41,56,38,65,124,14,21,35,19,28,63,12,20,21,19,37,61,266,0,266
20213,A,골목상권,3110083,서빙고역 1번,727,358,369,121,82,149,134,92,149,64,37,73,69,51,64,57,45,76,65,41,85,350,0,350
20213,A,골목상권,3110084,경리단길북측,3620,1629,1991,271,528,624,560,524,1113,126,270,314,265,230,424,145,258,310,295,294,689,2154,0,2154
20213,A,골목상권,3110085,경리단길남측,2745,1282,1463,306,460,513,430,370,666,157,218,254,204,177,272,149,242,259,226,193,394,1508,0,1508
20213,A,골목상권,3110086,이태원역 북측,1103,533,570,152,174,191,171,135,280,80,92,90,82,59,130,72,82,101,89,76,150,549,0,549
20213,A,골목상권,3110087,이태원엔틱가구거리,1686,743,943,85,222,211,223,273,672,49,114,131,105,126,218,36,108,80,118,147,454,1150,0,1150
20213,A,골목상권,3110088,오산고등학교,1727,850,877,209,265,258,280,308,407,106,138,136,136,163,171,103,127,122,144,145,236,813,0,813
20213,A,골목상권,3110089,서빙고동주민센터,2539,1233,1306,264,329,348,385,434,779,145,164,194,194,211,325,119,165,154,191,223,454,1322,0,1322
20213,A,골목상권,3110090,한국폴리텍대학서울정수캠퍼스,1963,915,1048,185,298,331,303,331,515,90,144,179,122,167,213,95,154,152,181,164,302,1109,0,1109
20213,A,골목상권,3110091,리움미술관,153,75,78,14,18,35,17,16,53,7,9,21,6,8,24,7,9,14,11,8,29,82,0,82
20213,A,골목상권,3110092,NH농협은행 보광동지점,3527,1743,1784,312,586,534,497,633,965,178,344,277,260,287,397,134,242,257,237,346,568,1848,0,1848
20213,A,골목상권,3110093,우사단길,6035,3127,2908,490,956,1123,925,930,1611,269,534,654,505,489,676,221,422,469,420,441,935,3613,0,3613
20213,A,골목상권,3110094,오산중학교,358,183,175,26,63,49,46,71,103,13,25,35,23,40,47,13,38,14,23,31,56,201,0,201
20213,A,골목상권,3110095,한강진역 3번,2566,1144,1422,196,227,483,452,380,828,108,100,223,230,180,303,88,127,260,222,200,525,1717,0,1717
20213,A,골목상권,3110096,한남힐사이드아파트,972,437,535,118,126,205,148,149,226,64,56,86,77,65,89,54,70,119,71,84,137,454,0,454
20213,A,골목상권,3110097,한남초등학교,226,100,126,26,25,73,33,24,45,12,12,31,16,10,19,14,13,42,17,14,26,131,0,131
20213,A,골목상권,3110098,서울독일학교,219,104,115,29,35,30,30,39,56,16,12,18,18,17,23,13,23,12,12,22,33,117,0,117
20213,A,골목상권,3110099,유엔빌리지길,1823,895,928,312,201,329,273,313,395,162,105,151,132,156,189,150,96,178,141,157,206,835,0,835
20213,A,골목상권,3110100,옥수동우편취급국,107,55,52,16,20,15,12,22,22,11,11,8,6,10,9,5,9,7,6,12,13,43,0,43
20213,A,골목상권,3110101,옥정중학교,662,281,381,79,104,155,123,87,114,38,31,78,50,39,45,41,73,77,73,48,69,378,0,378
20213,A,골목상권,3110102,옥수역 6번,813,385,428,89,131,121,144,101,227,48,55,55,79,56,92,41,76,66,65,45,135,455,0,455
20213,A,골목상권,3110103,옥수터널,409,196,213,36,69,69,58,65,112,16,40,39,31,32,38,20,29,30,27,33,74,215,0,215
20213,A,골목상권,3110104,신금호역 4번,2904,1414,1490,368,407,346,473,507,803,183,203,194,242,249,343,185,204,152,231,258,460,1334,0,1334
20213,A,골목상권,3110105,금동어린이공원,2845,1380,1465,307,395,382,396,486,879,171,214,194,193,237,371,136,181,188,203,249,508,1398,0,1398
20232,A,골목상권,3110032,수족관거리,32,15,17,1,2,4,5,8,12,0,0,2,4,5,4,1,2,2,1,3,8,16,0,16
20213,A,골목상권,3110106,금북초등학교,919,458,461,118,141,125,119,149,267,68,81,61,54,71,123,50,60,64,65,78,144,407,0,407
20213,A,골목상권,3110107,금호사거리,224,105,119,17,21,30,30,41,85,11,8,15,16,20,35,6,13,15,14,21,50,132,0,132
20213,A,골목상권,3110108,성동구립금호도서관,3,1,2,0,0,0,1,0,2,0,0,0,0,0,1,0,0,0,1,0,1,1,0,1
20213,A,골목상권,3110109,금호삼성래미안아파트,451,226,225,32,73,63,60,75,148,12,39,38,32,36,69,20,34,25,28,39,79,242,0,242
20213,A,골목상권,3110110,상왕십리역 6번,1988,928,1060,156,429,336,277,316,474,77,174,164,148,166,199,79,255,172,129,150,275,1159,0,1159
20213,A,골목상권,3110111,대현산장미원,1418,713,705,162,168,174,255,221,438,83,85,108,125,113,199,79,83,66,130,108,239,617,0,617
20213,A,골목상권,3110112,행당역 2번,2689,1292,1397,308,519,374,390,453,645,159,260,182,189,209,293,149,259,192,201,244,352,1348,0,1348
20213,A,골목상권,3110113,응봉산,1424,710,714,195,186,183,207,276,377,104,103,88,113,136,166,91,83,95,94,140,211,633,0,633
20213,A,골목상권,3110114,왕십리파출소,826,402,424,109,133,126,124,147,187,55,64,60,68,77,78,54,69,66,56,70,109,372,0,372
20213,A,골목상권,3110115,상왕십리역 3번,2063,1044,1019,183,471,355,259,363,432,111,229,199,119,193,193,72,242,156,140,170,239,1116,0,1116
20213,A,골목상권,3110116,청계천박물관,1932,982,950,198,284,218,257,404,571,106,156,118,130,215,257,92,128,100,127,189,314,948,0,948
20213,A,골목상권,3110117,성동구보건소,1595,818,777,175,257,239,205,281,438,101,136,126,114,137,204,74,121,113,91,144,234,795,0,795
20213,A,골목상권,3110118,왕십리역 9번,1097,581,516,86,156,149,131,227,348,41,91,91,62,130,166,45,65,58,69,97,182,694,0,694
20213,A,골목상권,3110119,마장지하차도,284,141,143,34,35,30,43,50,92,17,19,13,25,25,42,17,16,17,18,25,50,147,0,147
20213,A,골목상권,3110120,서울숲카페거리,839,412,427,93,134,149,140,130,193,48,75,68,71,65,85,45,59,81,69,65,108,432,0,432
20213,A,골목상권,3110121,한양대역 4번,934,555,379,73,527,104,50,68,112,34,337,73,30,36,45,39,190,31,20,32,67,771,0,771
20213,A,골목상권,3110122,마장역 2번,846,429,417,123,128,120,136,139,200,59,64,70,69,71,96,64,64,50,67,68,104,365,0,365
20213,A,골목상권,3110123,마장역 3번,2776,1384,1392,249,521,356,337,456,857,129,248,192,176,242,397,120,273,164,161,214,460,1611,0,1611
20213,A,골목상권,3110124,뚝섬역교차로,856,476,380,64,167,124,113,152,236,32,94,74,56,93,127,32,73,50,57,59,109,512,0,512
20213,A,골목상권,3110125,사근동살곶이상점가,4343,2239,2104,383,1637,473,417,490,943,163,917,290,234,227,408,220,720,183,183,263,535,2833,0,2833
20213,A,골목상권,3110126,서울숲역 1번,607,293,314,54,117,114,83,85,154,37,57,60,38,36,65,17,60,54,45,49,89,316,0,316
20213,A,골목상권,3110127,성수1가1동주민센터,980,487,493,51,232,258,142,141,156,22,112,123,64,93,73,29,120,135,78,48,83,715,0,715
20213,A,골목상권,3110128,성원중학교,7452,3995,3457,721,1190,1027,1034,1613,1867,369,669,590,551,904,912,352,521,437,483,709,955,4002,0,4002
20213,A,골목상권,3110129,성원어린이공원,1602,788,814,189,261,296,263,244,349,89,134,136,136,129,164,100,127,160,127,115,185,833,0,833
20213,A,골목상권,3110130,답십리역 6번,1188,587,601,102,197,115,169,224,381,45,101,62,85,120,174,57,96,53,84,104,207,627,0,627
20213,A,골목상권,3110131,성수동카페거리,2618,1405,1213,228,551,480,298,449,612,120,270,277,160,249,329,108,281,203,138,200,283,1526,0,1526
20213,A,골목상권,3110132,성수2가3동주민센터,2091,1066,1025,146,425,453,281,295,491,76,198,235,141,178,238,70,227,218,140,117,253,1318,0,1318
20213,A,골목상권,3110133,서울교통공사,1855,944,911,202,218,254,291,350,540,100,109,125,163,187,260,102,109,129,128,163,280,977,0,977
20213,A,골목상권,3110134,성수119안전센터,5535,2971,2564,521,757,834,786,1121,1516,264,434,458,424,643,748,257,323,376,362,478,768,2888,0,2888
20213,A,골목상권,3110135,성동세무서,1157,628,529,106,212,207,170,190,272,63,113,110,98,105,139,43,99,97,72,85,133,657,0,657
20213,A,골목상권,3110136,경수초등학교,2505,1300,1205,297,332,401,360,427,688,150,169,210,198,218,355,147,163,191,162,209,333,1203,0,1203
20213,A,골목상권,3110137,성수초등학교,1611,857,754,174,321,372,232,235,277,85,136,208,142,132,154,89,185,164,90,103,123,920,0,920
20213,A,골목상권,3110138,송정체육공원,3513,1886,1627,337,616,510,451,667,932,175,319,290,250,387,465,162,297,220,201,280,467,1973,0,1973
20213,A,골목상권,3110139,자양4동주민센터,5303,2677,2626,418,780,779,746,969,1611,195,393,432,400,520,737,223,387,347,346,449,874,3040,0,3040
20213,A,골목상권,3110140,건대입구역 6번,4954,2481,2473,392,805,723,682,859,1493,194,380,395,375,464,673,198,425,328,307,395,820,2848,0,2848
20213,A,골목상권,3110141,건대입구역 1번,3062,1462,1600,149,1224,590,307,287,505,77,523,322,170,138,232,72,701,268,137,149,273,2208,0,2208
20213,A,골목상권,3110142,화양사거리,6199,2984,3215,274,2946,1266,546,509,658,136,1264,701,314,269,300,138,1682,565,232,240,358,4850,0,4850
20213,A,골목상권,3110143,뚝섬유원지역 1번,116,59,57,18,15,11,17,25,30,8,8,5,8,14,16,10,7,6,9,11,14,49,0,49
20213,A,골목상권,3110144,어린이대공원역 4번,2130,1033,1097,83,898,326,196,239,388,38,405,167,109,142,172,45,493,159,87,97,216,1732,0,1732
20213,A,골목상권,3110145,장안초등학교,551,270,281,48,152,75,62,82,132,22,80,40,32,39,57,26,72,35,30,43,75,308,0,308
20213,A,골목상권,3110146,신자초등학교,3818,1938,1880,471,567,591,552,665,972,247,304,308,283,333,463,224,263,283,269,332,509,1853,0,1853
20213,A,골목상권,3110147,능동우편취급국,6260,3171,3089,617,1355,1161,849,968,1310,329,698,616,443,474,611,288,657,545,406,494,699,3407,0,3407
20213,A,골목상권,3110148,어린이대공원역 3번,1537,769,768,82,602,244,154,166,289,36,298,129,90,90,126,46,304,115,64,76,163,1068,0,1068
20213,A,골목상권,3110149,세종대학교,1055,490,565,96,301,204,131,143,180,45,141,100,65,61,78,51,160,104,66,82,102,598,0,598
20213,A,골목상권,3110150,중곡1동 마을마당,6333,3133,3200,631,1107,1244,863,974,1514,333,560,625,445,487,683,298,547,619,418,487,831,3330,0,3330
20213,A,골목상권,3110151,자양한강도서관,4732,2306,2426,538,763,774,752,799,1106,288,380,378,385,375,500,250,383,396,367,424,606,2312,0,2312
20213,A,골목상권,3110152,중곡어린이공원,2023,1029,994,243,293,326,308,360,493,134,138,179,165,181,232,109,155,147,143,179,261,996,0,996
20213,A,골목상권,3110153,중곡1동주민센터,2573,1221,1352,233,437,546,368,370,619,122,180,279,186,173,281,111,257,267,182,197,338,1412,0,1412
20213,A,골목상권,3110154,광진정말공원,4366,2121,2245,482,727,672,640,775,1070,268,364,336,319,371,463,214,363,336,321,404,607,2148,0,2148
20213,A,골목상권,3110155,광진구청,4200,2072,2128,487,926,626,615,675,871,256,463,336,292,323,402,231,463,290,323,352,469,2111,0,2111
20213,A,골목상권,3110156,군자역 5번,6239,2862,3377,602,1308,1363,923,747,1296,304,561,616,472,343,566,298,747,747,451,404,730,3544,0,3544
20213,A,골목상권,3110157,자양동우체국,5774,2858,2916,823,890,889,971,994,1207,423,481,445,481,481,547,400,409,444,490,513,660,2602,0,2602
20213,A,골목상권,3110158,중곡3동주민센터,6729,3352,3377,651,1043,1054,958,1201,1822,355,494,573,488,609,833,296,549,481,470,592,989,3649,0,3649
20213,A,골목상권,3110159,구의역 4번,8894,4239,4655,857,1714,1470,1232,1443,2178,396,798,739,633,701,972,461,916,731,599,742,1206,4855,0,4855
20213,A,골목상권,3110160,광진경찰서,1893,905,988,232,351,336,341,297,336,126,172,161,164,140,142,106,179,175,177,157,194,944,0,944
20213,A,골목상권,3110161,중곡역 3번,4891,2419,2472,495,811,834,667,826,1258,256,411,434,348,385,585,239,400,400,319,441,673,2469,0,2469
20213,A,골목상권,3110162,군자역 4번,3729,1750,1979,523,643,667,572,540,784,249,301,321,277,249,353,274,342,346,295,291,431,1665,0,1665
20213,A,골목상권,3110163,성자초등학교,2923,1365,1558,424,454,503,484,449,609,212,201,241,236,210,265,212,253,262,248,239,344,1278,0,1278
20213,A,골목상권,3110164,아차산역 5번,3398,1584,1814,369,642,816,451,437,683,203,275,359,227,202,318,166,367,457,224,235,365,1755,0,1755
20213,A,골목상권,3110165,국립정신건강센터,4189,2027,2162,474,747,667,548,778,975,236,371,346,264,364,446,238,376,321,284,414,529,1913,0,1913
20213,A,골목상권,3110166,구의1동주민센터,6101,2891,3210,473,1390,1160,867,897,1314,232,640,585,429,426,579,241,750,575,438,471,735,3508,0,3508
20213,A,골목상권,3110167,용마초등학교,6882,3267,3615,958,1127,1201,1019,1097,1480,497,530,585,489,506,660,461,597,616,530,591,820,3155,0,3155
20213,A,골목상권,3110168,대원고등학교,2583,1265,1318,359,456,392,366,495,515,191,225,200,168,239,242,168,231,192,198,256,273,1104,0,1104
20213,A,골목상권,3110169,성동초등학교,2609,1307,1302,238,529,579,311,420,532,130,252,325,153,194,253,108,277,254,158,226,279,1360,0,1360
20213,A,골목상권,3110170,동대부여고,6237,3026,3211,541,1276,1256,896,892,1376,242,616,672,454,440,602,299,660,584,442,452,774,3367,0,3367
20213,A,골목상권,3110171,중곡4동주민센터,2409,1145,1264,245,327,310,355,457,715,116,163,153,192,207,314,129,164,157,163,250,401,1190,0,1190
20213,A,골목상권,3110172,광진초등학교,4010,1933,2077,565,547,588,631,668,1011,295,261,293,321,322,441,270,286,295,310,346,570,1960,0,1960
20213,A,골목상권,3110173,구남초등학교,1410,654,756,149,272,254,170,236,329,76,126,130,73,108,141,73,146,124,97,128,188,716,0,716
20213,A,골목상권,3110174,아차산역 1번,4692,2250,2442,592,655,690,669,787,1299,304,326,333,334,360,593,288,329,357,335,427,706,2047,0,2047
20213,A,골목상권,3110175,푸른동산공원,5000,2357,2643,644,917,882,792,753,1012,318,416,441,380,347,455,326,501,441,412,406,557,2478,0,2478
20213,A,골목상권,3110176,해오름공원,6118,3036,3082,644,932,843,864,1122,1713,350,484,440,449,562,751,294,448,403,415,560,962,2913,0,2913
20213,A,골목상권,3110177,동의초등학교,1551,751,800,249,202,171,257,250,422,119,106,92,128,122,184,130,96,79,129,128,238,661,0,661
20213,A,골목상권,3110178,장로회신학대학교,1132,552,580,142,168,162,157,161,342,74,83,81,78,76,160,68,85,81,79,85,182,559,0,559
20213,A,골목상권,3110179,광나루역 1번,1086,525,561,130,153,133,191,184,295,69,81,63,88,89,135,61,72,70,103,95,160,580,0,580
20213,A,골목상권,3110180,광진정보도서관,1307,630,677,171,209,215,205,212,295,91,104,105,94,91,145,80,105,110,111,121,150,618,0,618
20213,A,골목상권,3110181,신설동역 9번,1395,634,761,63,494,338,167,141,192,30,179,149,93,80,103,33,315,189,74,61,89,1033,0,1033
20213,A,골목상권,3110182,용두희망어린이공원,1036,614,422,95,398,158,112,107,166,51,261,103,59,62,78,44,137,55,53,45,88,700,0,700
20213,A,골목상권,3110183,한국의류시험연구원,556,324,232,38,84,55,69,101,209,20,44,31,46,67,116,18,40,24,23,34,93,350,0,350
20213,A,골목상권,3110184,용두사거리,218,115,103,19,32,38,37,30,62,10,15,22,23,17,28,9,17,16,14,13,34,135,0,135
20213,A,골목상권,3110185,용두초등학교,431,244,187,37,62,50,65,81,136,21,40,33,38,48,64,16,22,17,27,33,72,249,0,249
20213,A,골목상권,3110186,종암초등학교,423,258,165,31,159,57,47,49,80,16,105,38,27,30,42,15,54,19,20,19,38,295,0,295
20213,A,골목상권,3110187,제기동역 6번,4444,2136,2308,285,1185,864,592,614,904,145,506,452,325,309,399,140,679,412,267,305,505,2930,0,2930
20213,A,골목상권,3110188,용두동신동아아파트,4502,2200,2302,561,736,722,691,696,1096,298,334,371,364,339,494,263,402,351,327,357,602,2161,0,2161
20213,A,골목상권,3110189,제기동역 1번,2213,1105,1108,256,464,355,326,341,471,128,251,197,165,161,203,128,213,158,161,180,268,1104,0,1104
20213,A,골목상권,3110190,고대앞사거리,2383,1269,1114,279,647,326,256,306,569,136,373,188,142,164,266,143,274,138,114,142,303,1415,0,1415
20213,A,골목상권,3110191,고려대역 6번,1199,659,540,65,340,159,132,154,349,32,199,87,85,86,170,33,141,72,47,68,179,843,0,843
20213,A,골목상권,3110192,동의보감타워,605,345,260,16,98,143,73,94,181,8,49,79,46,61,102,8,49,64,27,33,79,481,0,481
20213,A,골목상권,3110193,고려대역 4번,1342,699,643,81,364,205,131,167,394,41,183,122,78,91,184,40,181,83,53,76,210,875,0,875
20213,A,골목상권,3110194,홍파초등학교,1726,898,828,117,213,233,217,271,675,66,122,137,132,146,295,51,91,96,85,125,380,922,0,922
20213,A,골목상권,3110195,동대문구청,3708,1911,1797,258,717,576,418,584,1155,142,357,313,248,322,529,116,360,263,170,262,626,2226,0,2226
20213,A,골목상권,3110196,홍릉근린공원,1288,660,628,80,107,118,152,219,612,33,60,72,87,123,285,47,47,46,65,96,327,820,0,820
20213,A,골목상권,3110197,세종대왕기념관교차로,548,278,270,52,86,72,71,99,168,27,46,47,41,45,72,25,40,25,30,54,96,307,0,307
20213,A,골목상권,3110198,동대문중앙새마을금고본점,120,62,58,5,12,11,13,21,58,2,5,9,8,12,26,3,7,2,5,9,32,80,0,80
20213,A,골목상권,3110199,홍릉시장,1064,569,495,48,109,99,131,176,501,21,60,65,79,114,230,27,49,34,52,62,271,699,0,699
20213,A,골목상권,3110200,동대문경찰서,807,436,371,59,98,109,113,137,291,35,55,62,70,79,135,24,43,47,43,58,156,463,0,463
20213,A,골목상권,3110201,전농119안전센터,528,304,224,30,56,60,71,101,210,16,30,31,40,71,116,14,26,29,31,30,94,354,0,354
20213,A,골목상권,3110202,전농1동주민센터(전농시장),1418,803,615,49,104,105,165,276,719,28,55,58,98,175,389,21,49,47,67,101,330,1053,0,1053
20213,A,골목상권,3110203,떡전교사거리,1769,905,864,160,216,194,235,329,635,87,117,113,120,180,288,73,99,81,115,149,347,1013,0,1013
20213,A,골목상권,3110204,간데메공원,3492,1721,1771,510,453,584,562,519,864,267,211,286,295,261,401,243,242,298,267,258,463,1692,0,1692
20213,A,골목상권,3110205,경희대삼거리,2596,1265,1331,220,816,355,317,318,570,110,391,195,173,176,220,110,425,160,144,142,350,1683,0,1683
20213,A,골목상권,3110206,텃골근린공원,3750,1882,1868,386,589,504,551,619,1101,214,301,286,291,284,506,172,288,218,260,335,595,2011,0,2011
20213,A,골목상권,3110207,시립대앞사거리,967,498,469,58,191,168,114,166,270,29,106,89,65,91,118,29,85,79,49,75,152,576,0,576
20213,A,골목상권,3110208,시조사삼거리,841,405,436,54,251,147,82,116,191,26,127,68,43,56,85,28,124,79,39,60,106,540,0,540
20213,A,골목상권,3110209,답십리 장령당공원,668,336,332,63,93,95,81,124,212,27,55,50,49,66,89,36,38,45,32,58,123,372,0,372
20213,A,골목상권,3110210,서울시립대,3839,1978,1861,350,1058,508,426,491,1006,167,577,315,224,244,451,183,481,193,202,247,555,2186,0,2186
20213,A,골목상권,3110211,전곡마을마당공원,3550,1773,1777,333,505,403,490,645,1174,169,278,227,258,321,520,164,227,176,232,324,654,1938,0,1938
20213,A,골목상권,3110212,답십리초등학교,2112,1082,1030,224,296,242,306,362,682,127,157,134,156,183,325,97,139,108,150,179,357,1077,0,1077
20213,A,골목상권,3110213,청량초등학교,802,389,413,81,299,91,72,114,145,32,142,58,40,51,66,49,157,33,32,63,79,500,0,500
20213,A,골목상권,3110214,경희대후문,2745,1403,1342,231,1325,288,212,251,438,122,685,188,102,122,184,109,640,100,110,129,254,1930,0,1930
20213,A,골목상권,3110215,회기역 1번,2091,1008,1083,109,953,314,184,177,354,48,416,167,112,105,160,61,537,147,72,72,194,1579,0,1579
20213,A,골목상권,3110216,전농중학교,1182,593,589,114,158,156,158,223,373,56,81,89,91,118,158,58,77,67,67,105,215,589,0,589
20213,A,골목상권,3110217,자동차부품상가,575,310,265,36,93,72,79,126,169,21,53,40,47,70,79,15,40,32,32,56,90,301,0,301
20213,A,골목상권,3110218,답십리사거리,2509,1279,1230,223,321,333,311,481,840,113,178,182,168,250,388,110,143,151,143,231,452,1289,0,1289
20213,A,골목상권,3110219,삼육보건대학교,6955,3620,3335,573,2455,882,730,816,1499,291,1357,517,381,399,675,282,1098,365,349,417,824,4386,0,4386
20213,A,골목상권,3110220,외대앞역 1번,2003,1022,981,144,602,260,239,277,481,63,286,163,137,159,214,81,316,97,102,118,267,1341,0,1341
20213,A,골목상권,3110221,의릉,1028,514,514,118,220,146,157,168,219,64,105,72,88,83,102,54,115,74,69,85,117,565,0,565
20213,A,골목상권,3110222,회기역 2번,108,50,58,18,20,13,18,18,21,7,8,7,9,9,10,11,12,6,9,9,11,44,0,44
20213,A,골목상권,3110223,군자초등학교,1640,845,795,155,257,269,215,306,438,92,130,151,109,147,216,63,127,118,106,159,222,750,0,750
20213,A,골목상권,3110224,외대앞역 2번,470,255,215,19,81,53,73,83,161,11,45,36,35,46,82,8,36,17,38,37,79,321,0,321
20213,A,골목상권,3110225,촬영소사거리,1228,637,591,119,159,155,172,235,388,61,79,89,100,120,188,58,80,66,72,115,200,603,0,603
20213,A,골목상권,3110226,장안1동주민센터,11209,5639,5570,1171,1511,1793,1786,2048,2900,610,757,958,937,1023,1354,561,754,835,849,1025,1546,5867,0,5867
20213,A,골목상권,3110227,답십리공원,820,397,423,102,127,96,123,165,207,55,60,48,69,77,88,47,67,48,54,88,119,380,0,380
20213,A,골목상권,3110228,장안근린공원,5530,2789,2741,590,768,689,773,987,1723,289,410,378,411,504,797,301,358,311,362,483,926,2855,0,2855
20213,A,골목상권,3110229,장평중학교,7315,3691,3624,1121,814,1188,1237,1104,1851,612,403,603,650,529,894,509,411,585,587,575,957,3145,0,3145
20213,A,골목상권,3110230,장안현대홈타운1차아파트,3650,1811,1839,508,519,752,579,498,794,263,250,375,311,240,372,245,269,377,268,258,422,1685,0,1685
20213,A,골목상권,3110231,장안교,196,103,93,22,33,33,24,35,49,10,20,17,15,18,23,12,13,16,9,17,26,83,0,83
20213,A,골목상권,3110232,동대부고,3318,1689,1629,533,381,530,563,492,819,309,185,279,292,241,383,224,196,251,271,251,436,1455,0,1455
20213,A,골목상권,3110233,중랑역 1번,5225,2706,2519,457,790,739,640,1056,1543,225,400,401,363,570,747,232,390,338,277,486,796,2875,0,2875
20213,A,골목상권,3110234,중랑역 4번,781,366,415,69,182,172,121,116,121,34,69,69,64,66,64,35,113,103,57,50,57,494,0,494
20213,A,골목상권,3110235,세화어린이공원,1398,762,636,96,202,160,193,316,431,57,113,90,103,166,233,39,89,70,90,150,198,799,0,799
20213,A,골목상권,3110236,신묵초등학교,8221,4039,4182,1055,1175,1408,1243,1373,1967,544,572,736,623,670,894,511,603,672,620,703,1073,4017,0,4017
20213,A,골목상권,3110237,메가박스 상봉,4316,2182,2134,432,649,573,631,857,1174,210,324,315,345,457,531,222,325,258,286,400,643,2348,0,2348
20213,A,골목상권,3110238,배꽃어린이공원,1506,722,784,161,239,259,211,239,397,79,105,143,105,112,178,82,134,116,106,127,219,785,0,785
20213,A,골목상권,3110239,중랑역 2번,269,149,120,22,33,30,43,56,85,10,18,17,23,34,47,12,15,13,20,22,38,166,0,166
20213,A,골목상권,3110240,태릉시장 특화거리,1282,651,631,100,203,158,160,259,402,51,97,83,89,137,194,49,106,75,71,122,208,706,0,706
20213,A,골목상권,3110241,먹골역 5번,3184,1617,1567,289,464,533,438,589,871,142,229,289,232,311,414,147,235,244,206,278,457,1755,0,1755
20213,A,골목상권,3110242,면목5동주민센터,4233,2145,2088,516,543,614,610,801,1149,263,278,326,330,417,531,253,265,288,280,384,618,2108,0,2108
20213,A,골목상권,3110243,중랑노인종합복지관,4607,2312,2295,608,645,515,706,943,1190,298,318,266,382,493,555,310,327,249,324,450,635,2219,0,2219
20213,A,골목상권,3110244,중화역 4번,1764,911,853,168,286,253,244,335,478,101,150,131,121,169,239,67,136,122,123,166,239,847,0,847
20213,A,골목상권,3110245,KB국민은행 중화동지점,2284,1177,1107,162,310,304,319,462,727,94,150,176,182,243,332,68,160,128,137,219,395,1317,0,1317
20213,A,골목상권,3110246,월드순복음교회,2897,1468,1429,323,507,594,429,468,576,173,235,315,240,236,269,150,272,279,189,232,307,1591,0,1591
20213,A,골목상권,3110247,먹골역 1번,6018,2946,3072,595,934,956,936,977,1620,320,464,493,480,472,717,275,470,463,456,505,903,3032,0,3032
20213,A,골목상권,3110248,먹골파출소,1688,856,832,171,287,264,244,272,450,92,140,143,134,137,210,79,147,121,110,135,240,810,0,810
20213,A,골목상권,3110249,중화역 1번,6437,3168,3269,786,938,940,926,1126,1721,398,455,520,484,546,765,388,483,420,442,580,956,2908,0,2908
20213,A,골목상권,3110250,화랑대역 7번,1484,727,757,238,195,202,209,257,383,127,110,96,107,118,169,111,85,106,102,139,214,684,0,684
20213,A,골목상권,3110251,장안중학교,4087,1953,2134,504,670,593,549,725,1046,238,339,291,284,320,481,266,331,302,265,405,565,1895,0,1895
20213,A,골목상권,3110252,장안제일시장,4507,2296,2211,526,608,696,672,843,1162,258,326,375,364,431,542,268,282,321,308,412,620,2120,0,2120
20213,A,골목상권,3110253,중곡초등학교,3244,1653,1591,351,428,435,514,620,896,186,232,230,279,312,414,165,196,205,235,308,482,1666,0,1666
20213,A,골목상권,3110254,오거리공원,7059,3519,3540,810,980,924,1076,1325,1944,413,496,467,573,689,881,397,484,457,503,636,1063,3458,0,3458
20213,A,골목상권,3110255,상봉역 4번,6260,3116,3144,525,964,1045,851,1165,1710,294,469,531,439,606,777,231,495,514,412,559,933,3575,0,3575
20213,A,골목상권,3110256,면목2동체육관,7976,4015,3961,856,1125,1091,1111,1627,2166,447,553,586,603,815,1011,409,572,505,508,812,1155,3930,0,3930
20213,A,골목상권,3110257,상봉역 7번,4258,2142,2116,523,690,787,542,672,1044,273,334,416,284,344,491,250,356,371,258,328,553,2178,0,2178
20213,A,골목상권,3110258,면동초등학교,5895,2935,2960,669,882,882,935,1031,1496,341,450,456,471,538,679,328,432,426,464,493,817,3214,0,3214
20213,A,골목상권,3110259,사가정역 1번,3921,1974,1947,357,626,593,591,680,1074,193,300,329,310,356,486,164,326,264,281,324,588,2160,0,2160
20213,A,골목상권,3110260,면목역 3번,2212,1132,1080,195,347,346,344,403,577,103,181,188,199,209,252,92,166,158,145,194,325,1261,0,1261
20213,A,골목상권,3110261,사가정역 4번,4946,2476,2470,469,789,793,725,791,1379,260,390,430,362,396,638,209,399,363,363,395,741,2655,0,2655
20213,A,골목상권,3110262,상봉역 3번,4504,2164,2340,277,1088,1209,526,580,824,139,439,645,278,271,392,138,649,564,248,309,432,2768,0,2768
20213,A,골목상권,3110263,면목역 1번,7168,3506,3662,714,1169,1129,978,1281,1897,350,560,599,536,609,852,364,609,530,442,672,1045,3743,0,3743
20213,A,골목상권,3110264,면목역 2번,9709,4874,4835,968,1566,1599,1412,1777,2387,508,805,836,724,888,1113,460,761,763,688,889,1274,4953,0,4953
20213,A,골목상권,3110265,망우역 1번,1086,540,546,96,183,119,125,197,366,51,95,56,69,99,170,45,88,63,56,98,196,551,0,551
20213,A,골목상권,3110266,면목동우체국,5436,2647,2789,521,875,793,723,1070,1454,251,444,422,380,494,656,270,431,371,343,576,798,2780,0,2780
20213,A,골목상권,3110267,망우역 2번,4501,2191,2310,607,674,709,646,801,1064,329,306,371,326,387,472,278,368,338,320,414,592,2073,0,2073
20213,A,골목상권,3110268,망우3동주민센터,2681,1349,1332,246,360,374,397,491,813,104,176,205,212,266,386,142,184,169,185,225,427,1439,0,1439
20213,A,골목상권,3110269,용마문화복지센터,1559,804,755,135,287,233,190,293,421,62,145,122,106,157,212,73,142,111,84,136,209,841,0,841
20213,A,골목상권,3110270,혜원여고,1191,581,610,152,170,164,173,229,303,61,91,86,88,113,142,91,79,78,85,116,161,550,0,550
20213,A,골목상권,3110271,신내역 1번,266,136,130,30,37,41,38,53,67,15,21,22,23,22,33,15,16,19,15,31,34,125,0,125
20213,A,골목상권,3110272,신내1동주민센터,3761,1854,1907,561,482,489,606,657,966,293,261,238,321,324,417,268,221,251,285,333,549,1656,0,1656
20213,A,골목상권,3110273,장스여성병원,2243,1182,1061,175,297,302,271,429,769,99,158,168,140,228,389,76,139,134,131,201,380,1186,0,1186
20213,A,골목상권,3110274,서일대학교,6678,3374,3304,809,916,827,960,1250,1916,420,480,426,497,639,912,389,436,401,463,611,1004,3294,0,3294
20213,A,골목상권,3110275,하나은행 망우동지점,872,461,411,72,123,105,106,179,287,45,67,52,63,96,138,27,56,53,43,83,149,487,0,487
20213,A,골목상권,3110276,신내IC북측,515,282,233,60,57,79,82,96,141,35,31,47,45,54,70,25,26,32,37,42,71,256,0,256
20213,A,골목상권,3110277,러스크서울병원,3667,1844,1823,385,497,438,523,685,1139,207,250,214,266,352,555,178,247,224,257,333,584,1806,0,1806
20213,A,골목상권,3110278,망우본동주민센터,3996,2092,1904,321,467,422,517,847,1422,161,266,231,273,460,701,160,201,191,244,387,721,2334,0,2334
20213,A,골목상권,3110279,신내역 2번,38,24,14,1,2,5,6,11,13,0,1,4,5,6,8,1,1,1,1,5,5,25,0,25
20213,A,골목상권,3110280,북정마을,698,335,363,49,92,96,86,114,261,24,44,47,48,57,115,25,48,49,38,57,146,378,0,378
20213,A,골목상권,3110281,길상사,1150,534,616,161,143,126,183,207,330,89,61,52,76,101,155,72,82,74,107,106,175,486,0,486
20213,A,골목상권,3110282,국민대학교앞,748,385,363,83,255,78,62,90,180,44,134,45,36,49,77,39,121,33,26,41,103,473,0,473
20213,A,골목상권,3110283,성북초등학교앞,501,209,292,60,74,55,80,93,139,28,25,26,34,42,54,32,49,29,46,51,85,244,0,244
20213,A,골목상권,3110284,정릉북한산국립공원입구,1365,671,694,163,172,155,202,235,438,87,87,81,98,114,204,76,85,74,104,121,234,609,0,609
20213,A,골목상권,3110285,홍대부중,1968,939,1029,260,278,307,364,345,414,137,161,143,158,169,171,123,117,164,206,176,243,897,0,897
20213,A,골목상권,3110286,한성대입구역 5번,2682,1233,1449,266,448,444,425,428,671,128,215,202,208,198,282,138,233,242,217,230,389,1433,0,1433
20213,A,골목상권,3110287,정릉3동주민센터,1762,897,865,173,454,182,219,273,461,96,251,99,113,129,209,77,203,83,106,144,252,1036,0,1036
20213,A,골목상권,3110288,동구여중,1929,899,1030,230,317,375,275,321,411,117,154,181,126,139,182,113,163,194,149,182,229,889,0,889
20213,A,골목상권,3110289,북한산보국문역 2번,5242,2595,2647,623,983,594,729,819,1494,321,527,307,366,419,655,302,456,287,363,400,839,2448,0,2448
20213,A,골목상권,3110290,북한산보국문역 1번,1336,685,651,143,217,133,182,193,468,84,129,68,100,94,210,59,88,65,82,99,258,682,0,682
20213,A,골목상권,3110291,한성대입구역 3번,4460,2126,2334,443,905,662,636,681,1133,218,442,331,314,323,498,225,463,331,322,358,635,2385,0,2385
20213,A,골목상권,3110292,정릉역 2번,512,234,278,30,41,45,74,98,224,12,18,29,32,49,94,18,23,16,42,49,130,333,0,333
20213,A,골목상권,3110293,삼선중학교,2431,1113,1318,282,579,374,334,349,513,152,242,171,161,162,225,130,337,203,173,187,288,1340,0,1340
20213,A,골목상권,3110294,서경대학교,6750,3305,3445,850,1117,890,948,1130,1815,438,572,470,484,553,788,412,545,420,464,577,1027,3065,0,3065
20213,A,골목상권,3110295,정릉우체국,5017,2436,2581,654,698,783,722,729,1431,338,346,410,371,349,622,316,352,373,351,380,809,2294,0,2294
20213,A,골목상권,3110296,성신여대입구역 4번,1904,843,1061,261,414,287,276,259,407,131,157,130,137,128,160,130,257,157,139,131,247,952,0,952
20213,A,골목상권,3110297,경동고등학교,6528,3049,3479,716,1409,1082,897,979,1445,390,638,513,419,482,607,326,771,569,478,497,838,3502,0,3502
20213,A,골목상권,3110298,솔숲어린이공원,667,323,344,75,84,85,102,113,208,35,47,42,50,55,94,40,37,43,52,58,114,323,0,323
20213,A,골목상권,3110299,정릉역 1번,3311,1669,1642,372,448,422,450,514,1105,207,221,232,246,288,475,165,227,190,204,226,630,1690,0,1690
20213,A,골목상권,3110300,삼선동주민센터,4716,2015,2701,317,1584,702,551,552,1010,144,584,322,268,283,414,173,1000,380,283,269,596,3186,0,3186
20213,A,골목상권,3110301,성신여대입구역 7번,3569,1628,1941,284,881,635,480,458,831,125,352,317,247,227,360,159,529,318,233,231,471,2066,0,2066
20213,A,골목상권,3110302,보문역 8번,2058,987,1071,175,410,314,297,313,549,77,194,165,154,164,233,98,216,149,143,149,316,1187,0,1187
20213,A,골목상권,3110303,성신여대입구역 1번,3214,1224,1990,259,994,511,383,362,705,101,256,237,178,165,287,158,738,274,205,197,418,2158,0,2158
20213,A,골목상권,3110304,보문역 4번,1843,899,944,133,641,253,216,233,367,69,305,146,112,117,150,64,336,107,104,116,217,1203,0,1203
20213,A,골목상권,3110305,보문역 5번,4002,2066,1936,367,993,599,534,624,885,184,574,347,270,305,386,183,419,252,264,319,499,2282,0,2282
20213,A,골목상권,3110306,미아초등학교,1191,566,625,185,172,154,174,196,310,89,86,74,85,103,129,96,86,80,89,93,181,526,0,526
20213,A,골목상권,3110307,길음역 7번,238,122,116,38,39,47,45,30,39,17,17,20,26,21,21,21,22,27,19,9,18,121,0,121
20213,A,골목상권,3110308,길음역 8번,1009,486,523,104,121,107,143,168,366,44,59,62,79,85,157,60,62,45,64,83,209,556,0,556
20213,A,골목상권,3110309,대광초등학교,1410,725,685,112,351,201,192,218,336,51,199,112,112,102,149,61,152,89,80,116,187,825,0,825
20211,A,골목상권,3110228,장안근린공원,5530,2789,2741,590,768,689,773,987,1723,289,410,378,411,504,797,301,358,311,362,483,926,2855,0,2855
20211,A,골목상권,3110229,장평중학교,7315,3691,3624,1121,814,1188,1237,1104,1851,612,403,603,650,529,894,509,411,585,587,575,957,3145,0,3145
20211,A,골목상권,3110230,장안현대홈타운1차아파트,3650,1811,1839,508,519,752,579,498,794,263,250,375,311,240,372,245,269,377,268,258,422,1685,0,1685
20211,A,골목상권,3110231,장안교,196,103,93,22,33,33,24,35,49,10,20,17,15,18,23,12,13,16,9,17,26,83,0,83
20211,A,골목상권,3110232,동대부고,3318,1689,1629,533,381,530,563,492,819,309,185,279,292,241,383,224,196,251,271,251,436,1455,0,1455
20211,A,골목상권,3110233,중랑역 1번,5225,2706,2519,457,790,739,640,1056,1543,225,400,401,363,570,747,232,390,338,277,486,796,2875,0,2875
20211,A,골목상권,3110234,중랑역 4번,781,366,415,69,182,172,121,116,121,34,69,69,64,66,64,35,113,103,57,50,57,494,0,494
20211,A,골목상권,3110235,세화어린이공원,1398,762,636,96,202,160,193,316,431,57,113,90,103,166,233,39,89,70,90,150,198,799,0,799
20211,A,골목상권,3110236,신묵초등학교,8221,4039,4182,1055,1175,1408,1243,1373,1967,544,572,736,623,670,894,511,603,672,620,703,1073,4017,0,4017
20211,A,골목상권,3110237,메가박스 상봉,4316,2182,2134,432,649,573,631,857,1174,210,324,315,345,457,531,222,325,258,286,400,643,2348,0,2348
20211,A,골목상권,3110238,배꽃어린이공원,1506,722,784,161,239,259,211,239,397,79,105,143,105,112,178,82,134,116,106,127,219,785,0,785
20211,A,골목상권,3110239,중랑역 2번,269,149,120,22,33,30,43,56,85,10,18,17,23,34,47,12,15,13,20,22,38,166,0,166
20211,A,골목상권,3110240,태릉시장 특화거리,1282,651,631,100,203,158,160,259,402,51,97,83,89,137,194,49,106,75,71,122,208,706,0,706
20211,A,골목상권,3110241,먹골역 5번,3184,1617,1567,289,464,533,438,589,871,142,229,289,232,311,414,147,235,244,206,278,457,1755,0,1755
20211,A,골목상권,3110242,면목5동주민센터,4233,2145,2088,516,543,614,610,801,1149,263,278,326,330,417,531,253,265,288,280,384,618,2108,0,2108
20211,A,골목상권,3110243,중랑노인종합복지관,4607,2312,2295,608,645,515,706,943,1190,298,318,266,382,493,555,310,327,249,324,450,635,2219,0,2219
20211,A,골목상권,3110244,중화역 4번,1764,911,853,168,286,253,244,335,478,101,150,131,121,169,239,67,136,122,123,166,239,847,0,847
20211,A,골목상권,3110245,KB국민은행 중화동지점,2284,1177,1107,162,310,304,319,462,727,94,150,176,182,243,332,68,160,128,137,219,395,1317,0,1317
20211,A,골목상권,3110246,월드순복음교회,2897,1468,1429,323,507,594,429,468,576,173,235,315,240,236,269,150,272,279,189,232,307,1591,0,1591
20211,A,골목상권,3110247,먹골역 1번,6018,2946,3072,595,934,956,936,977,1620,320,464,493,480,472,717,275,470,463,456,505,903,3032,0,3032
20211,A,골목상권,3110248,먹골파출소,1688,856,832,171,287,264,244,272,450,92,140,143,134,137,210,79,147,121,110,135,240,810,0,810
20211,A,골목상권,3110249,중화역 1번,6437,3168,3269,786,938,940,926,1126,1721,398,455,520,484,546,765,388,483,420,442,580,956,2908,0,2908
20211,A,골목상권,3110250,화랑대역 7번,1484,727,757,238,195,202,209,257,383,127,110,96,107,118,169,111,85,106,102,139,214,684,0,684
20211,A,골목상권,3110251,장안중학교,4087,1953,2134,504,670,593,549,725,1046,238,339,291,284,320,481,266,331,302,265,405,565,1895,0,1895
20211,A,골목상권,3110252,장안제일시장,4507,2296,2211,526,608,696,672,843,1162,258,326,375,364,431,542,268,282,321,308,412,620,2120,0,2120
20211,A,골목상권,3110253,중곡초등학교,3244,1653,1591,351,428,435,514,620,896,186,232,230,279,312,414,165,196,205,235,308,482,1666,0,1666
20211,A,골목상권,3110254,오거리공원,7059,3519,3540,810,980,924,1076,1325,1944,413,496,467,573,689,881,397,484,457,503,636,1063,3458,0,3458
20211,A,골목상권,3110255,상봉역 4번,6260,3116,3144,525,964,1045,851,1165,1710,294,469,531,439,606,777,231,495,514,412,559,933,3575,0,3575
20211,A,골목상권,3110256,면목2동체육관,7976,4015,3961,856,1125,1091,1111,1627,2166,447,553,586,603,815,1011,409,572,505,508,812,1155,3930,0,3930
20211,A,골목상권,3110257,상봉역 7번,4258,2142,2116,523,690,787,542,672,1044,273,334,416,284,344,491,250,356,371,258,328,553,2178,0,2178
20211,A,골목상권,3110258,면동초등학교,5895,2935,2960,669,882,882,935,1031,1496,341,450,456,471,538,679,328,432,426,464,493,817,3214,0,3214
20211,A,골목상권,3110259,사가정역 1번,3921,1974,1947,357,626,593,591,680,1074,193,300,329,310,356,486,164,326,264,281,324,588,2160,0,2160
20211,A,골목상권,3110260,면목역 3번,2212,1132,1080,195,347,346,344,403,577,103,181,188,199,209,252,92,166,158,145,194,325,1261,0,1261
20211,A,골목상권,3110261,사가정역 4번,4946,2476,2470,469,789,793,725,791,1379,260,390,430,362,396,638,209,399,363,363,395,741,2655,0,2655
20211,A,골목상권,3110262,상봉역 3번,4504,2164,2340,277,1088,1209,526,580,824,139,439,645,278,271,392,138,649,564,248,309,432,2768,0,2768
20211,A,골목상권,3110263,면목역 1번,7168,3506,3662,714,1169,1129,978,1281,1897,350,560,599,536,609,852,364,609,530,442,672,1045,3743,0,3743
20211,A,골목상권,3110264,면목역 2번,9709,4874,4835,968,1566,1599,1412,1777,2387,508,805,836,724,888,1113,460,761,763,688,889,1274,4953,0,4953
20211,A,골목상권,3110265,망우역 1번,1086,540,546,96,183,119,125,197,366,51,95,56,69,99,170,45,88,63,56,98,196,551,0,551
20211,A,골목상권,3110266,면목동우체국,5436,2647,2789,521,875,793,723,1070,1454,251,444,422,380,494,656,270,431,371,343,576,798,2780,0,2780
20211,A,골목상권,3110267,망우역 2번,4501,2191,2310,607,674,709,646,801,1064,329,306,371,326,387,472,278,368,338,320,414,592,2073,0,2073
20211,A,골목상권,3110268,망우3동주민센터,2681,1349,1332,246,360,374,397,491,813,104,176,205,212,266,386,142,184,169,185,225,427,1439,0,1439
20211,A,골목상권,3110269,용마문화복지센터,1559,804,755,135,287,233,190,293,421,62,145,122,106,157,212,73,142,111,84,136,209,841,0,841
20211,A,골목상권,3110270,혜원여고,1191,581,610,152,170,164,173,229,303,61,91,86,88,113,142,91,79,78,85,116,161,550,0,550
20211,A,골목상권,3110271,신내역 1번,266,136,130,30,37,41,38,53,67,15,21,22,23,22,33,15,16,19,15,31,34,125,0,125
20211,A,골목상권,3110272,신내1동주민센터,3761,1854,1907,561,482,489,606,657,966,293,261,238,321,324,417,268,221,251,285,333,549,1656,0,1656
20211,A,골목상권,3110273,장스여성병원,2243,1182,1061,175,297,302,271,429,769,99,158,168,140,228,389,76,139,134,131,201,380,1186,0,1186
20211,A,골목상권,3110274,서일대학교,6678,3374,3304,809,916,827,960,1250,1916,420,480,426,497,639,912,389,436,401,463,611,1004,3294,0,3294
20211,A,골목상권,3110275,하나은행 망우동지점,872,461,411,72,123,105,106,179,287,45,67,52,63,96,138,27,56,53,43,83,149,487,0,487
20211,A,골목상권,3110276,신내IC북측,515,282,233,60,57,79,82,96,141,35,31,47,45,54,70,25,26,32,37,42,71,256,0,256
20211,A,골목상권,3110277,러스크서울병원,3667,1844,1823,385,497,438,523,685,1139,207,250,214,266,352,555,178,247,224,257,333,584,1806,0,1806
20211,A,골목상권,3110278,망우본동주민센터,3996,2092,1904,321,467,422,517,847,1422,161,266,231,273,460,701,160,201,191,244,387,721,2334,0,2334
20211,A,골목상권,3110279,신내역 2번,38,24,14,1,2,5,6,11,13,0,1,4,5,6,8,1,1,1,1,5,5,25,0,25
20211,A,골목상권,3110280,북정마을,698,335,363,49,92,96,86,114,261,24,44,47,48,57,115,25,48,49,38,57,146,378,0,378
20211,A,골목상권,3110281,길상사,1150,534,616,161,143,126,183,207,330,89,61,52,76,101,155,72,82,74,107,106,175,486,0,486
20211,A,골목상권,3110282,국민대학교앞,748,385,363,83,255,78,62,90,180,44,134,45,36,49,77,39,121,33,26,41,103,473,0,473
20211,A,골목상권,3110283,성북초등학교앞,501,209,292,60,74,55,80,93,139,28,25,26,34,42,54,32,49,29,46,51,85,244,0,244
20211,A,골목상권,3110284,정릉북한산국립공원입구,1365,671,694,163,172,155,202,235,438,87,87,81,98,114,204,76,85,74,104,121,234,609,0,609
20211,A,골목상권,3110285,홍대부중,1968,939,1029,260,278,307,364,345,414,137,161,143,158,169,171,123,117,164,206,176,243,897,0,897
20211,A,골목상권,3110286,한성대입구역 5번,2682,1233,1449,266,448,444,425,428,671,128,215,202,208,198,282,138,233,242,217,230,389,1433,0,1433
20211,A,골목상권,3110287,정릉3동주민센터,1762,897,865,173,454,182,219,273,461,96,251,99,113,129,209,77,203,83,106,144,252,1036,0,1036
20211,A,골목상권,3110288,동구여중,1929,899,1030,230,317,375,275,321,411,117,154,181,126,139,182,113,163,194,149,182,229,889,0,889
20211,A,골목상권,3110289,북한산보국문역 2번,5242,2595,2647,623,983,594,729,819,1494,321,527,307,366,419,655,302,456,287,363,400,839,2448,0,2448
20211,A,골목상권,3110290,북한산보국문역 1번,1336,685,651,143,217,133,182,193,468,84,129,68,100,94,210,59,88,65,82,99,258,682,0,682
20211,A,골목상권,3110291,한성대입구역 3번,4460,2126,2334,443,905,662,636,681,1133,218,442,331,314,323,498,225,463,331,322,358,635,2385,0,2385
20211,A,골목상권,3110292,정릉역 2번,512,234,278,30,41,45,74,98,224,12,18,29,32,49,94,18,23,16,42,49,130,333,0,333
20211,A,골목상권,3110293,삼선중학교,2431,1113,1318,282,579,374,334,349,513,152,242,171,161,162,225,130,337,203,173,187,288,1340,0,1340
20211,A,골목상권,3110294,서경대학교,6750,3305,3445,850,1117,890,948,1130,1815,438,572,470,484,553,788,412,545,420,464,577,1027,3065,0,3065
20211,A,골목상권,3110295,정릉우체국,5017,2436,2581,654,698,783,722,729,1431,338,346,410,371,349,622,316,352,373,351,380,809,2294,0,2294
20211,A,골목상권,3110296,성신여대입구역 4번,1904,843,1061,261,414,287,276,259,407,131,157,130,137,128,160,130,257,157,139,131,247,952,0,952
20211,A,골목상권,3110297,경동고등학교,6528,3049,3479,716,1409,1082,897,979,1445,390,638,513,419,482,607,326,771,569,478,497,838,3502,0,3502
20211,A,골목상권,3110298,솔숲어린이공원,667,323,344,75,84,85,102,113,208,35,47,42,50,55,94,40,37,43,52,58,114,323,0,323
20211,A,골목상권,3110299,정릉역 1번,3311,1669,1642,372,448,422,450,514,1105,207,221,232,246,288,475,165,227,190,204,226,630,1690,0,1690
20211,A,골목상권,3110300,삼선동주민센터,4716,2015,2701,317,1584,702,551,552,1010,144,584,322,268,283,414,173,1000,380,283,269,596,3186,0,3186
20211,A,골목상권,3110301,성신여대입구역 7번,3569,1628,1941,284,881,635,480,458,831,125,352,317,247,227,360,159,529,318,233,231,471,2066,0,2066
20211,A,골목상권,3110302,보문역 8번,2058,987,1071,175,410,314,297,313,549,77,194,165,154,164,233,98,216,149,143,149,316,1187,0,1187
20211,A,골목상권,3110303,성신여대입구역 1번,3214,1224,1990,259,994,511,383,362,705,101,256,237,178,165,287,158,738,274,205,197,418,2158,0,2158
20211,A,골목상권,3110304,보문역 4번,1843,899,944,133,641,253,216,233,367,69,305,146,112,117,150,64,336,107,104,116,217,1203,0,1203
20211,A,골목상권,3110305,보문역 5번,4002,2066,1936,367,993,599,534,624,885,184,574,347,270,305,386,183,419,252,264,319,499,2282,0,2282
20211,A,골목상권,3110306,미아초등학교,1191,566,625,185,172,154,174,196,310,89,86,74,85,103,129,96,86,80,89,93,181,526,0,526
20211,A,골목상권,3110307,길음역 7번,238,122,116,38,39,47,45,30,39,17,17,20,26,21,21,21,22,27,19,9,18,121,0,121
20211,A,골목상권,3110308,길음역 8번,1009,486,523,104,121,107,143,168,366,44,59,62,79,85,157,60,62,45,64,83,209,556,0,556
20211,A,골목상권,3110309,대광초등학교,1410,725,685,112,351,201,192,218,336,51,199,112,112,102,149,61,152,89,80,116,187,825,0,825
20211,A,골목상권,3110310,길음역 10번,263,106,157,8,46,60,35,43,71,7,19,25,15,14,26,1,27,35,20,29,45,168,0,168
20211,A,골목상권,3110311,종암아이파크2차후문,1200,623,577,141,198,144,166,248,303,77,108,83,77,138,140,64,90,61,89,110,163,542,0,542
20211,A,골목상권,3110312,안암역 2번,1694,865,829,130,970,180,84,126,204,70,501,104,46,61,83,60,469,76,38,65,121,1306,0,1306
20211,A,골목상권,3110313,안암역 3번,1257,703,554,83,634,159,104,117,160,39,364,108,61,56,75,44,270,51,43,61,85,968,0,968
20211,A,골목상권,3110314,종암경찰서,1089,563,526,110,197,176,144,160,302,53,108,98,85,78,141,57,89,78,59,82,161,615,0,615
20211,A,골목상권,3110315,종암아이파크2차,3029,1467,1562,330,533,377,433,520,836,169,293,192,210,252,351,161,240,185,223,268,485,1486,0,1486
20211,A,골목상권,3110316,숭곡초등학교,4537,2252,2285,466,540,481,658,798,1594,224,281,253,355,402,737,242,259,228,303,396,857,2347,0,2347
20211,A,골목상권,3110317,종암중학교,2339,1288,1051,201,865,363,227,257,426,101,509,209,131,139,199,100,356,154,96,118,227,1588,0,1588
20211,A,골목상권,3110318,KT월곡지사,1844,946,898,219,265,319,278,270,493,132,129,161,159,144,221,87,136,158,119,126,272,884,0,884
20211,A,골목상권,3110319,종암동주민센터,3318,1529,1789,308,411,377,432,553,1237,162,191,196,218,280,482,146,220,181,214,273,755,1909,0,1909
20211,A,골목상권,3110320,KB국민은행 종암동지점,955,495,460,113,169,135,159,153,226,68,87,66,90,72,112,45,82,69,69,81,114,477,0,477
20211,A,골목상권,3110321,동덕여대,262,115,147,31,67,43,30,44,47,15,24,21,14,17,24,16,43,22,16,27,23,133,0,133
20211,A,골목상권,3110322,장위1동주민센터,3037,1398,1639,414,510,397,468,579,669,174,244,193,220,260,307,240,266,204,248,319,362,1288,0,1288
20211,A,골목상권,3110323,상월곡역 1번,2214,965,1249,195,753,264,237,277,488,102,226,138,131,147,221,93,527,126,106,130,267,1417,0,1417
20211,A,골목상권,3110324,월곡역 4번,641,331,310,25,156,78,85,97,200,15,70,47,51,59,89,10,86,31,34,38,111,481,0,481
20211,A,골목상권,3110325,장곡초등학교,3528,1736,1792,496,473,419,488,613,1039,268,253,237,228,302,448,228,220,182,260,311,591,1632,0,1632
20211,A,골목상권,3110326,장위동성당,1353,653,700,205,181,172,213,244,338,103,99,90,96,118,147,102,82,82,117,126,191,597,0,597
20211,A,골목상권,3110327,상월곡역 2번,3520,1766,1754,384,529,411,482,635,1079,199,290,224,252,308,493,185,239,187,230,327,586,1591,0,1591
20211,A,골목상권,3110328,상월곡역 3번,2257,1135,1122,173,411,363,286,372,652,93,195,207,155,180,305,80,216,156,131,192,347,1208,0,1208
20211,A,골목상권,3110329,우리은행체육관,2466,1223,1243,244,347,250,324,455,846,119,161,155,168,238,382,125,186,95,156,217,464,1219,0,1219
20211,A,골목상권,3110330,돌곶이역 1번,2041,1012,1029,245,293,330,256,332,585,124,146,170,141,172,259,121,147,160,115,160,326,928,0,928
20211,A,골목상권,3110331,돌곶이역 8번,3281,1600,1681,319,597,429,488,549,899,182,278,220,254,269,397,137,319,209,234,280,502,1801,0,1801
20211,A,골목상권,3110332,돌곶이역 3번,875,481,394,78,135,131,138,164,229,37,61,77,82,99,125,41,74,54,56,65,104,481,0,481
20211,A,골목상권,3110333,돌곶이역 5번,1338,661,677,156,225,173,190,232,362,78,100,97,98,111,177,78,125,76,92,121,185,680,0,680
20211,A,골목상권,3110334,석관중앙교회,2693,1370,1323,256,329,276,365,525,942,139,165,142,209,286,429,117,164,134,156,239,513,1359,0,1359
20211,A,골목상권,3110335,석계역 7번,4363,2191,2172,380,760,585,628,805,1205,195,387,320,313,400,576,185,373,265,315,405,629,2385,0,2385
20211,A,골목상권,3110336,석관고등학교,2302,1156,1146,237,339,272,312,458,684,120,172,155,165,229,315,117,167,117,147,229,369,1121,0,1121
20211,A,골목상권,3110337,아카데미하우스,2792,1365,1427,412,330,355,444,455,796,209,170,196,218,217,355,203,160,159,226,238,441,1196,0,1196
20211,A,골목상권,3110338,인수초등학교,2122,1050,1072,164,225,210,313,418,792,92,114,103,163,207,371,72,111,107,150,211,421,1213,0,1213
20211,A,골목상권,3110339,국립4.19민주묘지,41,20,21,2,1,5,10,8,15,0,0,1,6,5,8,2,1,4,4,3,7,20,0,20
20211,A,골목상권,3110340,인수중학교,1455,712,743,169,176,143,218,276,473,75,99,71,116,135,216,94,77,72,102,141,257,687,0,687
20211,A,골목상권,3110341,북한산우이역 2번,2221,1062,1159,246,279,265,283,416,732,123,133,144,136,194,332,123,146,121,147,222,400,988,0,988
20211,A,골목상권,3110342,국립재활원,2704,1292,1412,364,408,339,378,476,739,187,204,169,189,217,326,177,204,170,189,259,413,1187,0,1187
20211,A,골목상권,3110343,무너미어린이공원,4656,2278,2378,673,632,594,722,793,1242,341,327,305,366,383,556,332,305,289,356,410,686,1981,0,1981
20211,A,골목상권,3110344,화계중학교,1076,555,521,116,122,127,168,183,360,68,68,70,89,76,184,48,54,57,79,107,176,509,0,509
20211,A,골목상권,3110345,솔밭공원역 2번,2938,1428,1510,379,394,398,415,485,867,211,164,218,222,236,377,168,230,180,193,249,490,1405,0,1405
20211,A,골목상권,3110346,4.19민주묘지역 2번,1212,572,640,141,179,149,175,161,407,74,67,76,94,81,180,67,112,73,81,80,227,618,0,618
20211,A,골목상권,3110347,구세군강북종합사회복지관,1416,708,708,157,232,187,181,301,358,95,110,90,97,142,174,62,122,97,84,159,184,644,0,644
20211,A,골목상권,3110348,강북문화예술회관,3968,1902,2066,438,468,522,542,671,1327,227,224,288,274,319,570,211,244,234,268,352,757,1800,0,1800
20211,A,골목상권,3110349,화계역 2번,1123,536,587,145,149,155,168,198,308,82,61,84,83,94,132,63,88,71,85,104,176,511,0,511
20211,A,골목상권,3110350,가오리역 2번,2831,1390,1441,358,360,336,445,507,825,199,189,176,214,244,368,159,171,160,231,263,457,1299,0,1299
20211,A,골목상권,3110351,수유북부시장옆,2982,1427,1555,342,440,332,423,543,902,168,220,168,220,262,389,174,220,164,203,281,513,1406,0,1406
20211,A,골목상권,3110352,수유1동주민센터,4997,2467,2530,627,673,649,700,855,1493,321,355,349,360,406,676,306,318,300,340,449,817,2418,0,2418
20211,A,골목상권,3110353,수유동우체국,2210,1061,1149,200,326,293,316,373,702,111,157,158,171,177,287,89,169,135,145,196,415,1100,0,1100
20211,A,골목상권,3110354,삼각산119안전센터,421,213,208,89,43,47,95,66,81,52,24,23,41,40,33,37,19,24,54,26,48,159,0,159
20211,A,골목상권,3110355,삼양사거리역 2번,3076,1545,1531,264,361,317,388,580,1166,126,190,181,215,309,524,138,171,136,173,271,642,1654,0,1654
20211,A,골목상권,3110356,덕수교,3240,1528,1712,291,569,412,429,580,959,151,218,234,222,273,430,140,351,178,207,307,529,1631,0,1631
20211,A,골목상권,3110357,가오리역 1번,1698,837,861,171,244,176,218,349,540,85,138,90,111,176,237,86,106,86,107,173,303,809,0,809
20211,A,골목상권,3110358,인수동 우편취급국,3572,1755,1817,318,568,512,513,621,1040,157,286,267,271,324,450,161,282,245,242,297,590,1850,0,1850
20211,A,골목상권,3110359,수유시장옆,6446,3140,3306,597,1132,913,926,1070,1808,294,549,493,475,524,805,303,583,420,451,546,1003,3291,0,3291
20211,A,골목상권,3110360,수유초등학교,4037,1991,2046,433,644,583,576,673,1128,218,304,317,317,336,499,215,340,266,259,337,629,2172,0,2172
20211,A,골목상권,3110361,삼양사거리역 1번,2532,1277,1255,226,338,280,335,503,850,118,174,149,184,260,392,108,164,131,151,243,458,1292,0,1292
20211,A,골목상권,3110362,우이천 계성교,5408,2599,2809,610,786,695,790,973,1554,310,397,380,399,445,668,300,389,315,391,528,886,2541,0,2541
20211,A,골목상권,3110363,송천동주민센터,1003,485,518,37,75,74,140,170,507,17,38,34,79,85,232,20,37,40,61,85,275,669,0,669
20211,A,골목상권,3110364,미아역 8번,4359,2127,2232,398,672,564,608,768,1349,218,312,305,316,383,593,180,360,259,292,385,756,2314,0,2314
20211,A,골목상권,3110365,미아역 5번,4806,2307,2499,471,692,679,729,855,1380,245,334,338,374,401,615,226,358,341,355,454,765,2432,0,2432
20211,A,골목상권,3110366,광산사거리,2047,1045,1002,189,322,268,311,355,602,117,170,157,168,187,246,72,152,111,143,168,356,1091,0,1091
20211,A,골목상권,3110367,강북구청,1786,847,939,141,325,272,229,279,540,68,152,136,132,130,229,73,173,136,97,149,311,1041,0,1041
20211,A,골목상권,3110368,송천초등학교,3655,1831,1824,315,520,362,483,740,1235,162,288,209,255,370,547,153,232,153,228,370,688,1910,0,1910
20211,A,골목상권,3110369,성신여대운정그린캠퍼스,4517,2121,2396,353,912,595,594,734,1329,167,344,337,316,358,599,186,568,258,278,376,730,2544,0,2544
20211,A,골목상권,3110370,도봉세무서,2982,1483,1499,260,415,366,424,587,930,130,218,196,225,288,426,130,197,170,199,299,504,1495,0,1495
20211,A,골목상권,3110371,삼양입구사거리,1633,845,788,128,261,192,236,303,513,73,134,109,129,171,229,55,127,83,107,132,284,930,0,930
20211,A,골목상권,3110372,강북중학교,2880,1383,1497,195,641,423,362,529,730,94,328,222,171,262,306,101,313,201,191,267,424,1632,0,1632
20211,A,골목상권,3110373,수유역 2번,3416,1677,1739,233,645,526,521,564,927,122,276,290,289,284,416,111,369,236,232,280,511,2096,0,2096
20211,A,골목상권,3110374,송중초등학교,5698,2738,2960,539,713,687,887,1088,1784,278,374,366,446,495,779,261,339,321,441,593,1005,2617,0,2617
20211,A,골목상권,3110375,서울북부고용노동지청,2370,1186,1184,262,344,258,362,405,739,138,176,138,194,211,329,124,168,120,168,194,410,1138,0,1138
20211,A,골목상권,3110376,수송초등학교,7975,4020,3955,788,1379,1134,1216,1299,2159,431,708,594,630,685,972,357,671,540,586,614,1187,4334,0,4334
20211,A,골목상권,3110377,미아사거리역 3번,838,424,414,55,103,96,127,169,288,28,53,54,71,95,123,27,50,42,56,74,165,510,0,510
20211,A,골목상권,3110378,송중동주민센터,1802,884,918,159,325,212,237,332,537,85,150,111,127,169,242,74,175,101,110,163,295,982,0,982
20211,A,골목상권,3110379,KT&G 북부지사,961,506,455,97,127,117,136,176,308,54,67,68,77,91,149,43,60,49,59,85,159,497,0,497
20211,A,골목상권,3110380,강북문화정보도서관,2237,1067,1170,281,324,277,347,354,654,143,168,157,175,156,268,138,156,120,172,198,386,1043,0,1043
20211,A,골목상권,3110381,번동주공2단지,954,457,497,103,125,54,125,160,387,54,65,33,64,90,151,49,60,21,61,70,236,438,0,438
20211,A,골목상권,3110382,솔밭공원역 1번,811,385,426,109,112,123,116,127,224,50,49,68,60,59,99,59,63,55,56,68,125,376,0,376
20211,A,골목상권,3110383,덕성여대시반거리,650,269,381,71,166,82,89,71,171,42,38,41,37,32,79,29,128,41,52,39,92,358,0,358
20211,A,골목상권,3110384,문이교,1382,680,702,157,187,169,185,281,403,92,93,92,88,126,189,65,94,77,97,155,214,568,0,568
20211,A,골목상권,3110385,효문고등학교,1624,787,837,160,251,150,223,294,546,71,107,87,122,159,241,89,144,63,101,135,305,786,0,786
20211,A,골목상권,3110386,연산군묘,356,163,193,61,47,28,67,53,100,31,19,14,30,32,37,30,28,14,37,21,63,149,0,149
20211,A,골목상권,3110387,쌍문초등학교,5232,2511,2721,711,755,632,819,883,1432,355,387,318,413,405,633,356,368,314,406,478,799,2276,0,2276
20211,A,골목상권,3110388,도봉우체국,2642,1254,1388,315,361,353,401,445,767,163,174,185,211,189,332,152,187,168,190,256,435,1192,0,1192
20211,A,골목상권,3110389,한일병원,1166,599,567,111,166,193,153,205,338,55,83,109,83,106,163,56,83,84,70,99,175,561,0,561
20211,A,골목상권,3110390,방학초등학교,1725,823,902,239,244,215,237,342,448,125,122,101,109,155,211,114,122,114,128,187,237,746,0,746
20211,A,골목상권,3110391,샘말어린이공원,4840,2414,2426,684,675,546,703,865,1367,345,378,295,359,408,629,339,297,251,344,457,738,2152,0,2152
20211,A,골목상권,3110392,발바닥공원,139,63,76,18,25,11,15,37,33,8,12,4,7,20,12,10,13,7,8,17,21,53,0,53
20211,A,골목상권,3110393,국민은행방학지점,211,108,103,23,27,22,21,41,77,17,16,13,9,21,32,6,11,9,12,20,45,89,0,89
20211,A,골목상권,3110394,방학중학교,7163,3632,3531,836,928,803,1093,1333,2170,457,502,446,559,670,998,379,426,357,534,663,1172,3411,0,3411
20211,A,골목상권,3110395,신한은행 방학동지점,1363,676,687,119,186,168,190,261,439,59,101,96,104,121,195,60,85,72,86,140,244,687,0,687
20211,A,골목상권,3110396,쌍문역1번(쌍리단길),2037,989,1048,150,345,282,320,374,566,73,179,144,162,184,247,77,166,138,158,190,319,1149,0,1149
20211,A,골목상권,3110397,도봉산입구,7518,3786,3732,773,934,808,987,1324,2692,399,513,456,542,627,1249,374,421,352,445,697,1443,3609,0,3609
20211,A,골목상권,3110398,쌍문2동우체국,2979,1438,1541,360,432,437,431,512,807,187,209,228,210,232,372,173,223,209,221,280,435,1349,0,1349
20211,A,골목상권,3110399,창2동주민센터,8082,3876,4206,1196,1184,1023,1332,1463,1884,600,592,508,665,683,828,596,592,515,667,780,1056,3469,0,3469
20211,A,골목상권,3110400,도봉구보건소,4057,2016,2041,487,510,538,592,694,1236,260,263,286,319,324,564,227,247,252,273,370,672,1925,0,1925
20211,A,골목상권,3110401,도봉구민회관,686,346,340,66,118,103,94,114,191,35,64,64,50,54,79,31,54,39,44,60,112,338,0,338
20211,A,골목상권,3110402,도봉구 정병원,3210,1602,1608,370,438,411,414,627,950,200,232,217,224,312,417,170,206,194,190,315,533,1499,0,1499
20211,A,골목상권,3110403,방학1동주민센터,6007,3009,2998,603,796,652,806,1165,1985,304,413,352,418,602,920,299,383,300,388,563,1065,3104,0,3104
20211,A,골목상권,3110404,신창초등학교,10207,5135,5072,1266,1397,1185,1529,1900,2930,660,731,644,799,940,1361,606,666,541,730,960,1569,4828,0,4828
20211,A,골목상권,3110405,방학역 1번,6796,3454,3342,644,874,685,989,1297,2307,322,462,360,527,691,1092,322,412,325,462,606,1215,3425,0,3425
20211,A,골목상권,3110406,도봉산역 1번,1568,805,763,137,184,188,234,300,525,70,102,105,130,163,235,67,82,83,104,137,290,780,0,780
20211,A,골목상권,3110407,도봉역 2번,6463,3328,3135,574,798,720,880,1217,2274,301,424,403,472,623,1105,273,374,317,408,594,1169,3354,0,3354
20211,A,골목상권,3110408,가인초등학교,1204,553,651,112,276,287,157,183,189,55,125,140,68,84,81,57,151,147,89,99,108,649,0,649
20211,A,골목상권,3110409,창동역 2번,2744,1326,1418,308,443,371,381,532,709,158,227,195,182,243,321,150,216,176,199,289,388,1286,0,1286
20211,A,골목상권,3110410,방학역 2번,2564,1331,1233,185,429,412,405,440,693,105,179,205,223,272,347,80,250,207,182,168,346,1650,0,1650
20211,A,골목상권,3110411,도봉역 3번,1523,776,747,146,187,194,166,304,526,75,101,112,90,155,243,71,86,82,76,149,283,768,0,768
20211,A,골목상권,3110412,창동중학교,379,188,191,58,61,65,43,73,79,25,36,31,22,33,41,33,25,34,21,40,38,154,0,154
20211,A,골목상권,3110413,누원고등학교,1963,922,1041,216,353,403,287,264,440,115,143,193,148,127,196,101,210,210,139,137,244,1047,0,1047
20211,A,골목상권,3110414,장석교회,1035,532,503,172,137,78,170,187,291,88,73,47,94,92,138,84,64,31,76,95,153,465,0,465
20211,A,골목상권,3110415,수락산역 4번,5054,2558,2496,657,752,675,785,874,1311,342,400,368,391,437,620,315,352,307,394,437,691,2328,0,2328
20211,A,골목상권,3110416,노원초등학교,2453,1168,1285,392,362,286,369,453,591,181,185,146,170,210,276,211,177,140,199,243,315,920,0,920
20211,A,골목상권,3110417,월계역 3번,1007,530,477,102,190,114,125,159,317,54,103,62,78,88,145,48,87,52,47,71,172,590,0,590
20211,A,골목상권,3110418,광운대학교 남단,1447,802,645,138,354,140,188,211,416,79,228,88,100,117,190,59,126,52,88,94,226,824,0,824
20211,A,골목상권,3110419,수락산디자인거리,3030,1500,1530,330,464,354,417,589,876,174,240,187,203,288,408,156,224,167,214,301,468,1365,0,1365
20211,A,골목상권,3110420,광운대역 1번,1414,800,614,135,435,131,170,209,334,70,279,70,93,126,162,65,156,61,77,83,172,856,0,856
20211,A,골목상권,3110421,석계역 1번,1266,673,593,108,150,151,172,231,454,59,86,93,97,130,208,49,64,58,75,101,246,735,0,735
20211,A,골목상권,3110422,노원역 9번,920,439,481,148,139,98,169,176,190,70,64,43,87,83,92,78,75,55,82,93,98,354,0,354
20211,A,골목상권,3110423,석계역 2번,445,236,209,57,60,53,68,89,118,27,34,29,40,46,60,30,26,24,28,43,58,229,0,229
20211,A,골목상권,3110424,상계초등학교,2879,1452,1427,349,463,339,416,528,784,179,244,181,208,265,375,170,219,158,208,263,409,1378,0,1378
20211,A,골목상권,3110425,계상초등학교,3522,1765,1757,439,477,362,550,616,1078,220,268,220,278,309,470,219,209,142,272,307,608,1627,0,1627
20211,A,골목상권,3110426,상계2동주민센터,4097,2058,2039,370,660,510,571,761,1225,190,337,294,302,392,543,180,323,216,269,369,682,2202,0,2202
20211,A,골목상권,3110427,노원 을지대학교병원,599,297,302,100,106,66,81,106,140,48,62,32,39,54,62,52,44,34,42,52,78,216,0,216
20211,A,골목상권,3110428,상계5동주민센터,8437,4198,4239,841,1155,820,1237,1540,2844,409,633,447,627,794,1288,432,522,373,610,746,1556,4351,0,4351
20211,A,골목상권,3110429,공릉동 국수거리,4744,2311,2433,457,972,762,612,763,1178,221,430,384,352,364,560,236,542,378,260,399,618,2470,0,2470
20211,A,골목상권,3110430,중계초등학교,48,23,25,6,3,4,12,6,17,1,3,4,4,4,7,5,0,0,8,2,10,25,0,25
20211,A,골목상권,3110431,상계역,922,502,420,111,141,108,153,179,230,49,77,63,82,106,125,62,64,45,71,73,105,466,0,466
20211,A,골목상권,3110432,대진고등학교,1906,973,933,277,478,212,249,313,377,149,263,118,116,147,180,128,215,94,133,166,197,906,0,906
20211,A,골목상권,3110433,공릉역 2번,4310,2229,2081,336,1396,557,485,577,959,167,789,316,253,276,428,169,607,241,232,301,531,2643,0,2643
20211,A,골목상권,3110434,태릉입구역 4번,1598,791,807,153,320,257,190,251,427,75,133,151,103,127,202,78,187,106,87,124,225,862,0,862
20211,A,골목상권,3110435,서울과학기술대,291,149,142,35,68,30,53,42,63,20,29,14,30,25,31,15,39,16,23,17,32,146,0,146
20211,A,골목상권,3110436,상계제일중학교,1595,792,803,274,238,136,274,309,364,153,133,71,110,165,160,121,105,65,164,144,204,633,0,633
20211,A,골목상권,3110437,당고개역 2번,1655,838,817,176,181,167,238,286,607,96,91,92,124,152,283,80,90,75,114,134,324,823,0,823
20211,A,골목상권,3110438,경춘선숲길 우측,3531,1909,1622,320,1430,429,363,392,597,166,833,233,185,202,290,154,597,196,178,190,307,2292,0,2292
20211,A,골목상권,3110439,당고개역 5번,3932,1944,1988,471,484,441,590,710,1236,255,271,235,307,359,517,216,213,206,283,351,719,1835,0,1835
20211,A,골목상권,3110440,상계3동4동주민센터,1554,804,750,170,194,155,243,270,522,85,107,91,135,145,241,85,87,64,108,125,281,750,0,750
20211,A,골목상권,3110441,영신여고,2203,1063,1140,456,305,206,391,380,465,237,152,105,166,198,205,219,153,101,225,182,260,856,0,856
20211,A,골목상권,3110442,화랑대철도공원,384,98,286,70,155,33,35,38,53,21,14,12,16,17,18,49,141,21,19,21,35,234,0,234
20211,A,골목상권,3110443,수색역 1번,17,12,5,0,2,1,1,1,12,0,2,1,1,1,7,0,0,0,0,0,5,12,0,12
20211,A,골목상권,3110444,수색성당,540,254,286,67,77,87,70,89,150,31,40,40,37,44,62,36,37,47,33,45,88,219,0,219
20211,A,골목상권,3110445,덕산중학교,1685,811,874,253,248,241,245,274,424,134,127,128,122,122,178,119,121,113,123,152,246,716,0,716
20211,A,골목상권,3110446,내를건너서숲으로도서관,1879,914,965,188,204,211,269,319,688,96,98,108,138,164,310,92,106,103,131,155,378,936,0,936
20211,A,골목상권,3110447,구산초등학교,1640,764,876,233,198,215,267,260,467,113,94,110,131,119,197,120,104,105,136,141,270,758,0,758
20211,A,골목상권,3110448,상신초등학교입구,2604,1307,1297,361,386,381,387,450,639,195,201,211,197,220,283,166,185,170,190,230,356,1145,0,1145
20211,A,골목상권,3110449,증산역 3번,5119,2441,2678,640,712,641,746,844,1536,323,341,324,360,418,675,317,371,317,386,426,861,2367,0,2367
20211,A,골목상권,3110450,시립서북병원,7856,3710,4146,1148,1117,1100,1307,1283,1901,565,521,534,651,585,854,583,596,566,656,698,1047,3281,0,3281
20211,A,골목상권,3110451,증산역 4번,5413,2652,2761,616,743,728,784,926,1616,288,376,383,388,457,760,328,367,345,396,469,856,2491,0,2491
20211,A,골목상권,3110452,새절역 3번,2769,1372,1397,312,443,368,391,430,825,173,212,189,207,218,373,139,231,179,184,212,452,1375,0,1375
20211,A,골목상권,3110453,신사1동주민센터,8079,3921,4158,929,1181,1221,1241,1272,2235,478,603,628,636,590,986,451,578,593,605,682,1249,3890,0,3890
20211,A,골목상권,3110454,선정중학교,5928,2787,3141,879,835,813,1022,942,1437,440,375,416,491,456,609,439,460,397,531,486,828,2535,0,2535
20211,A,골목상권,3110455,역촌노인복지관,8159,3837,4322,1072,1099,1130,1351,1419,2088,526,528,535,673,687,888,546,571,595,678,732,1200,3763,0,3763
20211,A,골목상권,3110456,구산보건지소,8265,3920,4345,1214,1227,1124,1351,1356,1993,596,624,567,638,638,857,618,603,557,713,718,1136,3437,0,3437
20211,A,골목상권,3110457,예일여고,4310,1999,2311,536,678,584,666,751,1095,248,319,296,316,350,470,288,359,288,350,401,625,1882,0,1882
20211,A,골목상권,3110458,선일여고,5314,2507,2807,719,902,680,811,955,1247,382,444,341,383,421,536,337,458,339,428,534,711,2329,0,2329
20211,A,골목상권,3110459,응암역 2번,4917,2297,2620,705,696,633,838,804,1241,357,338,300,415,351,536,348,358,333,423,453,705,2094,0,2094
20211,A,골목상권,3110460,구산역 4번,5404,2541,2863,716,799,686,904,895,1404,345,396,344,441,403,612,371,403,342,463,492,792,2394,0,2394
20211,A,골목상권,3110461,새절역 2번,1694,796,898,162,232,276,245,258,521,88,95,150,122,121,220,74,137,126,123,137,301,880,0,880
20211,A,골목상권,3110462,갈현건영아파트,5875,2887,2988,611,885,700,810,1061,1808,322,477,376,429,487,796,289,408,324,381,574,1012,2879,0,2879
20211,A,골목상권,3110463,응암3동주민센터,2140,1021,1119,178,262,291,327,376,706,97,136,143,168,200,277,81,126,148,159,176,429,1236,0,1236
20211,A,골목상권,3110464,연신내역 5번,4286,2019,2267,481,711,653,688,705,1048,256,342,333,329,318,441,225,369,320,359,387,607,2154,0,2154
20211,A,골목상권,3110465,연신내역 7번,2656,1245,1411,296,480,442,402,368,668,143,215,236,204,158,289,153,265,206,198,210,379,1335,0,1335
20211,A,골목상권,3110466,구산역 2번,4069,1900,2169,475,592,591,634,706,1071,236,275,300,297,330,462,239,317,291,337,376,609,1938,0,1938
20211,A,골목상권,3110467,은평요양병원,1312,624,688,112,308,236,160,160,336,65,114,122,87,77,159,47,194,114,73,83,177,776,0,776
20211,A,골목상권,3110468,응암역 3번,11333,5296,6037,1474,1594,1704,1809,1835,2917,739,775,796,906,845,1235,735,819,908,903,990,1682,5100,0,5100
20211,A,골목상권,3110469,응암정보도서관,7107,3546,3561,688,1014,816,942,1310,2337,374,519,462,493,675,1023,314,495,354,449,635,1314,3710,0,3710
20211,A,골목상권,3110470,신진과학기술고등학교,2133,984,1149,373,281,362,370,270,477,183,136,158,174,123,210,190,145,204,196,147,267,971,0,971
20211,A,골목상권,3110471,응암동우체국,4781,2356,2425,527,618,649,683,829,1475,275,330,328,364,429,630,252,288,321,319,400,845,2292,0,2292
20211,A,골목상권,3110472,연신내역 4번,5375,2529,2846,529,933,823,768,903,1419,235,444,420,369,437,624,294,489,403,399,466,795,2742,0,2742
20211,A,골목상권,3110473,구산역 1번,9318,4365,4953,1239,1299,1213,1566,1483,2518,614,617,584,780,710,1060,625,682,629,786,773,1458,4409,0,4409
20211,A,골목상권,3110474,세명컴퓨터고등학교,4640,2273,2367,470,798,665,639,814,1254,236,402,359,336,352,588,234,396,306,303,462,666,2247,0,2247
20211,A,골목상권,3110475,백련산해모로아파트,3153,1511,1642,482,409,395,538,517,812,251,199,195,269,262,335,231,210,200,269,255,477,1420,0,1420
20211,A,골목상권,3110476,역촌역 2번,1195,560,635,128,172,177,185,205,328,74,67,88,88,109,134,54,105,89,97,96,194,591,0,591
20211,A,골목상권,3110477,은평세무서,3078,1452,1626,411,404,422,497,498,846,198,202,221,232,240,359,213,202,201,265,258,487,1409,0,1409
20211,A,골목상권,3110478,응암1동주민센터,3271,1579,1692,408,412,407,538,583,923,212,218,216,258,285,390,196,194,191,280,298,533,1584,0,1584
20211,A,골목상권,3110479,연신내역 2번,3620,1760,1860,292,525,438,466,600,1299,156,275,223,241,281,584,136,250,215,225,319,715,1915,0,1915
20211,A,골목상권,3110480,연신내역 3번,3096,1481,1615,259,502,482,410,531,912,143,264,246,199,233,396,116,238,236,211,298,516,1554,0,1554
20211,A,골목상권,3110481,불광역 7번,3183,1475,1708,261,643,502,455,486,836,138,275,246,227,224,365,123,368,256,228,262,471,1750,0,1750
20211,A,골목상권,3110482,연신초등학교,1532,733,799,142,193,177,225,299,496,69,101,90,115,139,219,73,92,87,110,160,277,780,0,780
20211,A,골목상권,3110483,연천초등학교,3179,1487,1692,328,505,450,449,552,895,170,231,222,227,258,379,158,274,228,222,294,516,1585,0,1585
20211,A,골목상권,3110484,역촌역 3번,7996,3876,4120,854,1034,1173,1248,1338,2349,424,500,623,665,657,1007,430,534,550,583,681,1342,4081,0,4081
20211,A,골목상권,3110485,연신내우체국,2687,1268,1419,334,361,377,385,453,777,167,182,194,187,206,332,167,179,183,198,247,445,1231,0,1231
20211,A,골목상권,3110486,은평구청,1952,935,1017,257,278,298,361,299,459,128,131,152,184,147,193,129,147,146,177,152,266,931,0,931
20211,A,골목상권,3110487,불광역 8번,316,161,155,25,35,42,40,48,126,18,21,18,21,25,58,7,14,24,19,23,68,200,0,200
20211,A,골목상권,3110488,우리은행응암동지점,3135,1499,1636,415,423,461,480,523,833,210,212,234,243,245,355,205,211,227,237,278,478,1384,0,1384
20211,A,골목상권,3110489,불광역 3번,1305,602,703,108,222,195,156,210,414,53,110,93,79,94,173,55,112,102,77,116,241,709,0,709
20211,A,골목상권,3110490,녹번동근린공원,5043,2428,2615,526,753,699,788,811,1466,290,378,352,411,370,627,236,375,347,377,441,839,2447,0,2447
20211,A,골목상권,3110491,불광중학교,1353,688,665,145,192,144,187,247,438,89,107,79,103,115,195,56,85,65,84,132,243,651,0,651
20211,A,골목상권,3110492,하나고등학교,528,277,251,80,93,49,85,117,104,48,59,24,39,63,44,32,34,25,46,54,60,227,0,227
20211,A,골목상권,3110493,북가좌초등학교,1328,638,690,148,195,190,177,227,391,70,96,93,95,104,180,78,99,97,82,123,211,613,0,613
20211,A,골목상권,3110494,증산3교남측,814,401,413,99,117,119,109,152,218,52,58,63,52,72,104,47,59,56,57,80,114,363,0,363
20211,A,골목상권,3110495,북가좌2동주민센터,6253,3030,3223,708,895,824,1016,993,1817,377,454,415,513,475,796,331,441,409,503,518,1021,3036,0,3036
20211,A,골목상권,3110496,모래내우체국,2057,983,1074,235,300,243,293,334,652,104,151,131,140,172,285,131,149,112,153,162,367,967,0,967
20211,A,골목상권,3110497,가좌역 3번,179,99,80,4,8,16,18,34,99,2,5,10,15,14,53,2,3,6,3,20,46,135,0,135
20211,A,골목상권,3110498,증산역 1번,3463,1700,1763,330,511,511,479,578,1054,169,276,269,242,265,479,161,235,242,237,313,575,1638,0,1638
20211,A,골목상권,3110499,연가초등학교,6065,2991,3074,857,1075,761,947,998,1427,455,556,414,468,464,634,402,519,347,479,534,793,2724,0,2724
20211,A,골목상권,3110500,남가좌동현대아파트,706,348,358,167,74,131,137,87,110,86,38,65,74,38,47,81,36,66,63,49,63,247,0,247
20211,A,골목상권,3110501,연희어린이공원,1321,634,687,115,227,241,177,191,370,60,110,110,91,89,174,55,117,131,86,102,196,664,0,664
20211,A,골목상권,3110502,남가좌파출소,3811,1841,1970,457,546,499,603,578,1128,238,258,236,319,300,490,219,288,263,284,278,638,1922,0,1922
20211,A,골목상권,3110503,명지대학교교회,5025,2521,2504,537,1317,607,669,775,1120,276,670,346,322,402,505,261,647,261,347,373,615,2865,0,2865
20211,A,골목상권,3110504,명지전문대,223,112,111,32,32,17,51,39,52,17,16,9,25,22,23,15,16,8,26,17,29,99,0,99
20211,A,골목상권,3110505,홍남교남측,150,78,72,17,23,18,21,24,47,11,13,11,11,11,21,6,10,7,10,13,26,77,0,77
20211,A,골목상권,3110506,연희임광아파트,536,253,283,37,142,142,71,50,94,14,60,76,33,21,49,23,82,66,38,29,45,354,0,354
20211,A,골목상권,3110507,명지대학교,6472,3098,3374,670,1284,834,881,1006,1797,333,594,457,439,489,786,337,690,377,442,517,1011,3598,0,3598
20211,A,골목상권,3110508,서연중학교,2124,966,1158,283,292,319,358,291,581,134,144,148,155,129,256,149,148,171,203,162,325,949,0,949
20211,A,골목상권,3110509,연희대우아파트앞,3661,1854,1807,495,1020,772,456,371,547,301,494,405,246,169,239,194,526,367,210,202,308,2210,0,2210
20211,A,골목상권,3110510,홍연시장,1123,552,571,110,160,119,163,193,378,60,82,60,89,95,166,50,78,59,74,98,212,511,0,511
20211,A,골목상권,3110511,연희초등학교,5867,3147,2720,432,2347,1029,647,549,863,230,1368,571,325,268,385,202,979,458,322,281,478,3984,0,3984
20211,A,골목상권,3110512,연희지하차도,3398,1604,1794,382,563,480,524,534,915,194,272,229,265,267,377,188,291,251,259,267,538,1743,0,1743
20211,A,골목상권,3110513,연희파출소,991,455,536,166,172,149,178,127,199,81,73,72,85,50,94,85,99,77,93,77,105,489,0,489
20211,A,골목상권,3110514,서대문우체국,2037,1072,965,74,951,349,162,176,325,42,512,200,80,97,141,32,439,149,82,79,184,1583,0,1583
20211,A,골목상권,3110515,홍은중학교,2539,1226,1313,295,345,294,398,428,779,162,186,145,199,195,339,133,159,149,199,233,440,1163,0,1163
20211,A,골목상권,3110516,정원여중,1128,533,595,144,154,157,175,213,285,59,79,84,89,93,129,85,75,73,86,120,156,468,0,468
20211,A,골목상권,3110517,서대문소방서,866,397,469,125,197,104,120,139,181,60,91,48,55,65,78,65,106,56,65,74,103,430,0,430
20211,A,골목상권,3110518,서대문구청,519,233,286,58,80,66,68,95,152,30,34,38,28,43,60,28,46,28,40,52,92,242,0,242
20211,A,골목상권,3110519,서대문구보건소별관,3975,1814,2161,594,508,438,634,673,1128,260,254,211,306,329,454,334,254,227,328,344,674,1696,0,1696
20211,A,골목상권,3110520,경의중앙 신촌역,1522,719,803,83,594,230,131,167,317,38,253,147,64,84,133,45,341,83,67,83,184,1101,0,1101
20211,A,골목상권,3110521,홍제역 4번,886,416,470,86,121,123,121,158,277,43,56,64,59,73,121,43,65,59,62,85,156,490,0,490
20211,A,골목상권,3110522,홍제역 3번,1328,601,727,115,197,164,199,209,444,51,97,78,102,89,184,64,100,86,97,120,260,654,0,654
20211,A,골목상권,3110523,홍제성원아파트,522,249,273,55,82,65,80,86,154,28,37,34,44,39,67,27,45,31,36,47,87,227,0,227
20211,A,골목상권,3110524,연희세브란스병원,233,100,133,19,94,41,25,15,39,7,34,17,13,8,21,12,60,24,12,7,18,174,0,174
20211,A,골목상권,3110525,홍은종합사회복지관,578,279,299,100,54,83,96,79,166,49,26,42,46,43,73,51,28,41,50,36,93,251,0,251
20211,A,골목상권,3110526,봉원사,1199,499,700,117,395,176,123,150,238,55,122,80,57,81,104,62,273,96,66,69,134,773,0,773
20211,A,골목상권,3110527,홍제역 2번,1923,914,1009,175,285,275,250,350,588,88,147,139,123,173,244,87,138,136,127,177,344,993,0,993
20211,A,골목상권,3110528,서울여자간호대학교,1547,759,788,224,218,245,210,219,431,118,113,133,112,109,174,106,105,112,98,110,257,711,0,711
20211,A,골목상권,3110529,홍제3동주민센터,3374,1605,1769,300,427,339,471,584,1253,148,213,179,246,292,527,152,214,160,225,292,726,1765,0,1765
20211,A,골목상권,3110530,아현역 1번,247,128,119,15,32,31,29,47,93,9,13,17,15,27,47,6,19,14,14,20,46,169,0,169
20211,A,골목상권,3110531,홍지문,410,197,213,31,95,48,53,66,117,16,38,30,28,33,52,15,57,18,25,33,65,228,0,228
20211,A,골목상권,3110532,아현역 2번,2046,986,1060,174,309,223,319,386,635,79,155,117,170,206,259,95,154,106,149,180,376,1212,0,1212
20211,A,골목상권,3110533,충정로역 7번,1093,574,519,72,177,150,163,212,319,38,104,86,83,121,142,34,73,64,80,91,177,650,0,650
20211,A,골목상권,3110534,경기대학교,1614,805,809,162,297,209,196,283,467,83,149,118,108,147,200,79,148,91,88,136,267,871,0,871
20211,A,골목상권,3110535,영천시장입구,1293,597,696,103,215,152,180,214,429,46,106,79,89,111,166,57,109,73,91,103,263,726,0,726
20211,A,골목상권,3110536,돈의문센트레빌아파트입구,690,350,340,45,147,88,98,137,175,23,67,49,56,67,88,22,80,39,42,70,87,399,0,399
20211,A,골목상권,3110537,충정로현대아파트,1051,477,574,129,233,210,161,114,204,55,92,100,78,57,95,74,141,110,83,57,109,607,0,607
20211,A,골목상권,3110538,충정로역 3번,422,190,232,15,88,136,65,39,79,4,37,64,31,20,34,11,51,72,34,19,45,297,0,297
20211,A,골목상권,3110539,미근동,460,238,222,21,83,94,55,64,143,9,51,49,34,32,63,12,32,45,21,32,80,314,0,314
20211,A,골목상권,3110540,망원나들목체육관,2776,1378,1398,342,416,499,456,426,637,167,201,262,232,234,282,175,215,237,224,192,355,1320,0,1320
20211,A,골목상권,3110541,동교초등학교,4944,2304,2640,739,750,751,854,718,1132,356,349,365,418,333,483,383,401,386,436,385,649,2229,0,2229
20211,A,골목상권,3110542,마포구청역 7번,5276,2502,2774,694,875,863,860,817,1167,346,401,411,431,408,505,348,474,452,429,409,662,2483,0,2483
20211,A,골목상권,3110543,중암중학교,994,493,501,167,150,157,168,131,221,88,86,84,77,68,90,79,64,73,91,63,131,493,0,493
20211,A,골목상권,3110544,망리단길,12727,5888,6839,1364,2275,2489,1939,1754,2906,680,1041,1155,931,856,1225,684,1234,1334,1008,898,1681,6618,0,6618
20211,A,골목상권,3110545,마포구청역 1번,5110,1723,3387,259,2037,1457,614,371,372,112,453,532,277,179,170,147,1584,925,337,192,202,3987,0,3987
20211,A,골목상권,3110546,양화대교북단,2596,1249,1347,256,493,567,387,335,558,117,233,285,192,171,251,139,260,282,195,164,307,1357,0,1357
20211,A,골목상권,3110547,KB국민은행 망원동지점,2491,1171,1320,327,405,342,396,368,653,166,193,166,188,182,276,161,212,176,208,186,377,1165,0,1165
20211,A,골목상권,3110548,마포구청역 4번,2724,1252,1472,286,494,530,450,421,543,158,202,247,201,215,229,128,292,283,249,206,314,1437,0,1437
20211,A,골목상권,3110549,새터산,2629,1260,1369,351,413,439,433,361,632,180,194,206,227,173,280,171,219,233,206,188,352,1262,0,1262
20211,A,골목상권,3110550,합정역 8번,5796,2583,3213,608,1144,1237,876,753,1178,287,466,568,405,351,506,321,678,669,471,402,672,3047,0,3047
20211,A,골목상권,3110551,성서초등학교,4111,1881,2230,689,619,617,810,584,792,307,293,268,369,282,362,382,326,349,441,302,430,1840,0,1840
20211,A,골목상권,3110552,성미산체육관,2263,1073,1190,276,347,367,351,360,562,136,157,190,170,172,248,140,190,177,181,188,314,1133,0,1133
20211,A,골목상권,3110553,가좌역 2번,3390,1673,1717,374,526,557,525,530,878,207,263,295,256,266,386,167,263,262,269,264,492,1770,0,1770
20211,A,골목상권,3110554,망원역 1번,4439,1991,2448,434,801,880,726,618,980,216,326,384,337,310,418,218,475,496,389,308,562,2550,0,2550
20211,A,골목상권,3110555,홍익지구대,255,117,138,25,50,53,41,36,50,16,18,22,20,19,22,9,32,31,21,17,28,130,0,130
20211,A,골목상권,3110556,절두산순교성지,969,458,511,71,177,201,140,134,246,31,85,105,71,59,107,40,92,96,69,75,139,540,0,540
20211,A,골목상권,3110557,홍대부속여중고앞,3220,1462,1758,348,580,640,630,438,584,170,255,301,297,194,245,178,325,339,333,244,339,1775,0,1775
20211,A,골목상권,3110558,경성고등학교,8597,4089,4508,941,1502,1610,1376,1226,1942,473,719,805,697,554,841,468,783,805,679,672,1101,4349,0,4349
20211,A,골목상권,3110559,성산중학교,2482,1154,1328,207,503,550,349,325,548,105,230,283,166,148,222,102,273,267,183,177,326,1347,0,1347
20211,A,골목상권,3110560,마포FM,1546,739,807,139,347,293,230,208,329,67,162,139,120,102,149,72,185,154,110,106,180,874,0,874
20211,A,골목상권,3110561,상수역 4번,2175,1036,1139,127,546,510,280,269,443,59,260,258,150,121,188,68,286,252,130,148,255,1379,0,1379
20211,A,골목상권,3110562,연트럴파크(연남동주민센터),2902,1360,1542,293,585,596,470,362,596,161,296,282,217,161,243,132,289,314,253,201,353,1601,0,1601
20211,A,골목상권,3110563,상수역 3번,713,342,371,54,209,150,95,71,134,27,98,74,49,36,58,27,111,76,46,35,76,453,0,453
20211,A,골목상권,3110564,홍대입구역 3번,571,250,321,38,161,125,84,58,105,18,58,66,39,28,41,20,103,59,45,30,64,398,0,398
20211,A,골목상권,3110565,홍익대,1544,779,765,93,628,276,160,170,217,45,341,144,85,78,86,48,287,132,75,92,131,1065,0,1065
20211,A,골목상권,3110566,경의선책거리,1846,859,987,117,493,430,246,223,337,64,209,217,123,101,145,53,284,213,123,122,192,1223,0,1223
20211,A,골목상권,3110567,광흥창역 6번,298,144,154,17,82,62,43,24,70,8,38,25,24,15,34,9,44,37,19,9,36,202,0,202
20211,A,골목상권,3110568,광흥창역 1번,329,175,154,62,56,43,54,51,63,38,30,25,23,31,28,24,26,18,31,20,35,150,0,150
20211,A,골목상권,3110569,홍대땡땡거리,1907,914,993,99,606,377,247,227,351,55,291,184,123,115,146,44,315,193,124,112,205,1348,0,1348
20211,A,골목상권,3110570,KB국민은행 서강지점,501,246,255,68,54,100,96,71,112,31,31,46,48,34,56,37,23,54,48,37,56,255,0,255
20211,A,골목상권,3110571,신수동주민센터,2323,1130,1193,270,350,338,339,381,645,144,177,179,164,193,273,126,173,159,175,188,372,1172,0,1172
20211,A,골목상권,3110572,서강대역 1번,2848,1525,1323,180,953,438,362,333,582,100,562,256,182,181,244,80,391,182,180,152,338,1946,0,1946
20211,A,골목상권,3110573,신촌역 6번,191,93,98,12,62,41,23,15,38,6,31,22,8,10,16,6,31,19,15,5,22,143,0,143
20211,A,골목상권,3110574,서강대학교,174,96,78,14,56,25,31,22,26,6,31,15,19,14,11,8,25,10,12,8,15,107,0,107
20211,A,골목상권,3110575,대흥동주민센터,2613,1296,1317,146,598,379,365,360,765,80,287,220,198,184,327,66,311,159,167,176,438,1876,0,1876
20211,A,골목상권,3110576,대흥역 3번,1118,567,551,144,140,179,170,158,327,74,83,93,93,78,146,70,57,86,77,80,181,592,0,592
20211,A,골목상권,3110577,용강동주민센터,946,441,505,137,107,111,178,163,250,67,51,54,84,79,106,70,56,57,94,84,144,472,0,472
20211,A,골목상권,3110578,대흥역 2번,2721,1346,1375,253,497,343,365,476,787,132,243,191,186,252,342,121,254,152,179,224,445,1618,0,1618
20211,A,골목상권,3110579,마포역 4번,791,415,376,56,155,178,125,106,171,32,81,98,75,56,73,24,74,80,50,50,98,469,0,469
20211,A,골목상권,3110580,양원초등학교,1267,634,633,68,347,195,130,175,352,39,175,105,75,92,148,29,172,90,55,83,204,824,0,824
20211,A,골목상권,3110581,염리초등학교,292,143,149,94,16,44,82,24,32,52,7,18,41,14,11,42,9,26,41,10,21,99,0,99
20211,A,골목상권,3110582,이대역 5번,1393,675,718,71,451,188,153,184,346,31,197,104,79,102,162,40,254,84,74,82,184,1021,0,1021
20211,A,골목상권,3110583,공덕래미안3차아파트,174,80,94,17,47,34,25,13,38,11,14,20,11,9,15,6,33,14,14,4,23,111,0,111
20211,A,골목상권,3110584,아현역 4번,57,25,32,0,13,7,7,8,22,0,6,3,2,4,10,0,7,4,5,4,12,39,0,39
20211,A,골목상권,3110585,마포경찰서,222,104,118,48,21,88,34,15,16,26,5,39,21,5,8,22,16,49,13,10,8,93,0,93
20211,A,골목상권,3110586,서울서부지방법원,1520,734,786,62,354,387,216,210,291,32,130,183,120,130,139,30,224,204,96,80,152,1165,0,1165
20211,A,골목상권,3110587,공덕동주민센터,3405,1419,1986,211,899,615,438,440,802,104,252,274,220,226,343,107,647,341,218,214,459,2427,0,2427
20211,A,골목상권,3110588,한겨레신문사,2908,1378,1530,276,596,481,423,480,652,148,250,257,201,226,296,128,346,224,222,254,356,1569,0,1569
20211,A,골목상권,3110589,애오개역 3번,1726,853,873,145,270,269,219,303,520,76,148,147,120,144,218,69,122,122,99,159,302,847,0,847
20211,A,골목상권,3110590,만리재,2315,1133,1182,209,386,272,363,456,629,107,199,155,183,231,258,102,187,117,180,225,371,1212,0,1212
20211,A,골목상권,3110591,충정로역 6번,2292,1187,1105,197,343,261,284,452,755,103,206,147,156,228,347,94,137,114,128,224,408,1150,0,1150
20211,A,골목상권,3110592,서울금융고등학교,1209,611,598,144,178,125,163,242,357,83,91,73,83,121,160,61,87,52,80,121,197,565,0,565
20211,A,골목상권,3110593,신월3동주민센터,6488,3555,2933,562,746,737,936,1367,2140,301,369,415,568,811,1091,261,377,322,368,556,1049,3863,0,3863
20211,A,골목상권,3110594,신월중학교,3348,1641,1707,635,423,435,552,554,749,337,212,218,270,261,343,298,211,217,282,293,406,1263,0,1263
20211,A,골목상권,3110595,메디힐병원,5754,2863,2891,625,831,780,803,1041,1674,325,424,420,404,494,796,300,407,360,399,547,878,2719,0,2719
20211,A,골목상권,3110596,서서울호수공원,3474,1713,1761,457,476,482,527,636,896,241,236,236,281,312,407,216,240,246,246,324,489,1587,0,1587
20211,A,골목상권,3110597,신월1동주민센터,6200,3206,2994,634,800,781,899,1218,1868,325,424,440,474,626,917,309,376,341,425,592,951,3070,0,3070
20211,A,골목상권,3110598,신월문화체육센터,3093,1486,1607,348,407,353,447,539,999,173,215,188,231,255,424,175,192,165,216,284,575,1385,0,1385
20211,A,골목상권,3110599,신월1파출소,4226,2151,2075,482,590,540,607,791,1216,262,299,295,310,414,571,220,291,245,297,377,645,1946,0,1946
20211,A,골목상권,3110600,신월7동주민센터,4497,2204,2293,409,615,483,616,839,1535,212,312,260,326,435,659,197,303,223,290,404,876,2225,0,2225
20211,A,골목상권,3110601,신월1동우편취급국,6643,3416,3227,792,851,967,1020,1198,1815,395,461,522,541,633,864,397,390,445,479,565,951,3198,0,3198
20211,A,골목상권,3110602,신월시영아파트중문,1306,643,663,117,179,126,177,271,436,59,85,71,86,141,201,58,94,55,91,130,235,632,0,632
20211,A,골목상권,3110603,지향초등학교,311,147,164,49,37,26,41,62,96,17,20,17,20,28,45,32,17,9,21,34,51,133,0,133
20211,A,골목상권,3110604,신월4동주민센터,6868,3400,3468,1210,811,953,1178,979,1737,616,426,475,608,473,802,594,385,478,570,506,935,2626,0,2626
20211,A,골목상권,3110605,목동센트럴아이파크앞,1240,600,640,191,142,163,204,191,349,88,75,87,100,98,152,103,67,76,104,93,197,531,0,531
20211,A,골목상권,3110606,신한은행 신월동지점,7176,3489,3687,1056,901,894,1113,1224,1988,554,462,440,568,582,883,502,439,454,545,642,1105,2708,0,2708
20211,A,골목상권,3110607,금빛새마을금고본점,805,399,406,84,102,111,107,122,279,37,50,62,55,67,128,47,52,49,52,55,151,389,0,389
20211,A,골목상권,3110608,신월2동주민센터,8507,4178,4329,1213,1102,1150,1304,1385,2353,616,554,590,656,681,1081,597,548,560,648,704,1272,3561,0,3561
20211,A,골목상권,3110609,신정네거리역 2번,2450,1172,1278,335,347,317,401,398,652,172,158,166,186,197,293,163,189,151,215,201,359,1086,0,1086
20211,A,골목상권,3110610,계남근린공원,2915,1486,1429,298,413,321,416,540,927,165,236,178,226,255,426,133,177,143,190,285,501,1428,0,1428
20211,A,골목상권,3110611,신정역 1번,4648,2313,2335,607,673,720,770,710,1168,323,342,389,394,335,530,284,331,331,376,375,638,2098,0,2098
20211,A,골목상권,3110612,신정역 5번,8225,4076,4149,934,1249,1118,1252,1386,2286,511,615,615,615,677,1043,423,634,503,637,709,1243,4006,0,4006
20211,A,골목상권,3110613,신정네거리역 4번,532,254,278,84,66,56,89,99,138,44,29,27,38,56,60,40,37,29,51,43,78,254,0,254
20211,A,골목상권,3110614,목동로데오거리,2286,1100,1186,294,318,345,350,355,624,136,156,175,176,177,280,158,162,170,174,178,344,1053,0,1053
20211,A,골목상권,3110615,신서초등학교,1026,492,534,241,127,105,211,160,182,129,60,42,103,83,75,112,67,63,108,77,107,385,0,385
20211,A,골목상권,3110616,양목초등학교,838,392,446,146,133,120,150,133,156,67,72,58,71,59,65,79,61,62,79,74,91,361,0,361
20211,A,골목상권,3110617,등촌역 4번,2327,1050,1277,253,355,398,343,361,617,127,155,201,174,151,242,126,200,197,169,210,375,1192,0,1192
20211,A,골목상권,3110618,강서고등학교,6274,3044,3230,901,1108,884,957,1163,1261,471,605,436,428,546,558,430,503,448,529,617,703,2696,0,2696
20211,A,골목상권,3110619,목4동주민센터,1379,674,705,168,216,222,200,218,355,92,112,120,95,92,163,76,104,102,105,126,192,633,0,633
20211,A,골목상권,3110620,목동보건지소,8547,4144,4403,1507,1348,1135,1428,1495,1634,789,698,568,621,750,718,718,650,567,807,745,916,3458,0,3458
20211,A,골목상권,3110621,목동역 5번,719,330,389,150,95,69,148,121,136,76,38,31,61,61,63,74,57,38,87,60,73,253,0,253
20211,A,골목상권,3110622,달마을공원,4026,1925,2101,421,705,870,570,614,846,198,343,454,267,292,371,223,362,416,303,322,475,1886,0,1886
20211,A,골목상권,3110623,갈산공원,150,82,68,27,11,38,24,17,33,16,9,22,11,6,18,11,2,16,13,11,15,64,0,64
20211,A,골목상권,3110624,목동문화체육센터,2324,1127,1197,316,405,305,348,448,502,163,214,157,167,201,225,153,191,148,181,247,277,922,0,922
20211,A,골목상권,3110625,신정2동주민센터,3327,1639,1688,695,457,266,627,637,645,352,234,120,274,355,304,343,223,146,353,282,341,1261,0,1261
20211,A,골목상권,3110626,양화초등학교,6335,2999,3336,661,1125,1359,922,902,1366,347,491,697,473,390,601,314,634,662,449,512,765,3118,0,3118
20211,A,골목상권,3110627,신정롯데캐슬아파트,2466,1196,1270,410,329,294,438,439,556,211,165,155,208,217,240,199,164,139,230,222,316,1036,0,1036
20211,A,골목상권,3110628,신목동역,1350,676,674,184,242,297,216,184,227,95,121,151,104,102,103,89,121,146,112,82,124,706,0,706
20211,A,골목상권,3110629,송정역 4번,906,445,461,50,173,166,117,137,263,21,82,82,63,68,129,29,91,84,54,69,134,529,0,529
20211,A,골목상권,3110630,공항시장역 1번,6024,3004,3020,535,1176,936,796,982,1599,269,536,530,428,499,742,266,640,406,368,483,857,3565,0,3565
20211,A,골목상권,3110631,방화초등학교,3946,1951,1995,570,509,590,597,655,1025,307,262,303,306,322,451,263,247,287,291,333,574,1654,0,1654
20211,A,골목상권,3110632,방화역 3번,1526,765,761,180,223,207,208,251,457,97,110,109,101,127,221,83,113,98,107,124,236,723,0,723
20211,A,골목상권,3110633,개화산역 1번,440,226,214,51,74,83,53,71,108,30,35,48,29,35,49,21,39,35,24,36,59,228,0,228
20211,A,골목상권,3110634,송정역 3번,8279,4321,3958,983,1333,1556,1270,1258,1879,509,703,880,689,654,886,474,630,676,581,604,993,4417,0,4417
20211,A,골목상권,3110635,공항시장역 3번,2782,1394,1388,311,350,402,337,492,890,149,185,229,183,248,400,162,165,173,154,244,490,1395,0,1395
20211,A,골목상권,3110636,방화역 2번,1260,652,608,188,135,201,217,179,340,95,77,110,113,90,167,93,58,91,104,89,173,563,0,563
20211,A,골목상권,3110637,송정역 2번,1964,986,978,181,362,355,245,316,505,98,166,201,125,160,236,83,196,154,120,156,269,1002,0,1002
20211,A,골목상권,3110638,신방화역 2번,5721,2872,2849,708,857,920,853,918,1465,370,439,500,436,456,671,338,418,420,417,462,794,2781,0,2781
20211,A,골목상권,3110639,신방화역 8번,2885,1456,1429,286,397,389,375,519,919,139,196,218,218,251,434,147,201,171,157,268,485,1435,0,1435
20211,A,골목상권,3110640,방화역 1번,2733,1406,1327,303,431,556,433,432,578,158,205,280,237,257,269,145,226,276,196,175,309,1575,0,1575
20211,A,골목상권,3110641,공항고등학교,1562,790,772,248,195,268,239,239,373,131,97,135,123,126,178,117,98,133,116,113,195,651,0,651
20211,A,골목상권,3110642,정곡초등학교,794,400,394,154,80,105,143,110,202,71,40,56,74,53,106,83,40,49,69,57,96,329,0,329
20211,A,골목상권,3110643,강서구다솔마을,2293,1188,1105,262,285,304,423,413,606,133,135,174,238,223,285,129,150,130,185,190,321,1152,0,1152
20211,A,골목상권,3110644,신광명마을,840,427,413,91,97,114,126,153,259,48,59,61,63,85,111,43,38,53,63,68,148,407,0,407
20211,A,골목상권,3110645,우장산역 4번,7383,3439,3944,1546,1066,882,1418,1141,1330,725,489,417,656,571,581,821,577,465,762,570,749,2826,0,2826
20211,A,골목상권,3110646,푸른들청소년도서관,8329,4014,4315,952,1324,1305,1163,1358,2227,479,621,676,561,655,1022,473,703,629,602,703,1205,3861,0,3861
20211,A,골목상권,3110647,화곡역 5번,8626,4178,4448,1030,1340,1584,1334,1282,2056,513,639,813,695,577,941,517,701,771,639,705,1115,4116,0,4116
20211,A,골목상권,3110648,양천향교역 7번,4060,1692,2368,92,1659,1484,491,232,102,38,432,745,283,143,51,54,1227,739,208,89,51,3656,0,3656
20211,A,골목상권,3110649,우장산역 1번,3347,1549,1798,724,488,399,664,535,537,320,222,201,296,268,242,404,266,198,368,267,295,1242,0,1242
20211,A,골목상권,3110650,우장산힐스테이트,894,418,476,207,102,93,180,124,188,94,49,41,86,64,84,113,53,52,94,60,104,310,0,310
20211,A,골목상권,3110651,화원중학교,6123,2977,3146,780,933,1090,932,928,1460,391,433,591,483,425,654,389,500,499,449,503,806,2783,0,2783
20211,A,골목상권,3110652,양천향교역 2번,2053,1005,1048,173,473,595,235,248,329,91,185,324,136,113,156,82,288,271,99,135,173,1193,0,1193
20211,A,골목상권,3110653,화곡역 2번,3058,1463,1595,309,437,530,441,471,870,160,213,277,222,205,386,149,224,253,219,266,484,1528,0,1528
20211,A,골목상권,3110654,까치산역 4번,12391,6055,6336,1346,1992,2316,1804,1945,2988,679,962,1229,933,916,1336,667,1030,1087,871,1029,1652,5977,0,5977
20211,A,골목상권,3110655,발산역 5번,1014,498,516,146,151,204,169,145,199,84,70,112,78,70,84,62,81,92,91,75,115,479,0,479
20211,A,골목상권,3110656,까치산역 3번,9500,4758,4742,604,2182,2327,1315,1117,1955,297,919,1304,754,554,930,307,1263,1023,561,563,1025,5966,0,5966
20211,A,골목상권,3110657,양천향교역 5번,1567,719,848,74,464,486,189,152,202,30,151,275,104,66,93,44,313,211,85,86,109,1125,0,1125
20211,A,골목상권,3110658,화곡초등학교,3078,1583,1495,274,694,638,491,381,600,152,349,374,265,189,254,122,345,264,226,192,346,1821,0,1821
20211,A,골목상권,3110659,화곡역 4번,18476,8997,9479,2694,2923,3202,3047,2753,3857,1350,1380,1745,1543,1286,1693,1344,1543,1457,1504,1467,2164,8411,0,8411
20211,A,골목상권,3110660,등촌3동주민센터,1701,847,854,177,270,246,210,252,546,89,145,141,101,128,243,88,125,105,109,124,303,968,0,968
20211,A,골목상권,3110661,강서새말어린이공원,1446,723,723,208,183,224,268,220,343,103,92,123,143,104,158,105,91,101,125,116,185,660,0,660
20211,A,골목상권,3110662,까치산역 1번,12580,6012,6568,1535,1934,2078,2051,1874,3108,758,936,1087,1034,847,1350,777,998,991,1017,1027,1758,5837,0,5837
20211,A,골목상권,3110663,우장산롯데캐슬아파트앞,1499,735,764,177,228,243,236,275,340,90,124,115,119,130,157,87,104,128,117,145,183,642,0,642
20211,A,골목상권,3110664,강서구청옆,524,263,261,79,64,99,96,65,121,45,34,52,55,26,51,34,30,47,41,39,70,240,0,240
20211,A,골목상권,3110665,곰달래도서관,5173,2531,2642,577,667,825,815,777,1512,288,345,439,413,366,680,289,322,386,402,411,832,2504,0,2504
20211,A,골목상권,3110666,KC대학교,1817,938,879,209,235,268,263,313,529,112,132,154,142,165,233,97,103,114,121,148,296,861,0,861
20211,A,골목상권,3110667,가양역 10번,640,283,357,55,88,124,81,74,218,23,36,57,40,42,85,32,52,67,41,32,133,380,0,380
20211,A,골목상권,3110668,화곡2동주민센터,8784,4211,4573,1346,1222,1419,1524,1334,1939,681,598,733,757,595,847,665,624,686,767,739,1092,3863,0,3863
20211,A,골목상권,3110669,화곡보람2차아파트,786,365,421,109,163,141,132,115,126,54,76,65,66,51,53,55,87,76,66,64,73,371,0,371
20211,A,골목상권,3110670,신곡초등학교,7458,3647,3811,1131,1055,1106,1264,1246,1656,555,548,571,646,605,722,576,507,535,618,641,934,3183,0,3183
20211,A,골목상권,3110671,등촌1동주민센터,7501,3677,3824,968,1416,1790,1079,943,1305,553,619,921,536,467,581,415,797,869,543,476,724,3888,0,3888
20211,A,골목상권,3110672,백석중학교,3381,1662,1719,509,534,536,530,540,732,272,269,277,267,255,322,237,265,259,263,285,410,1424,0,1424
20211,A,골목상권,3110673,뜸부기어린이공원,4156,2076,2080,356,582,729,564,676,1249,182,320,409,293,325,547,174,262,320,271,351,702,2099,0,2099
20211,A,골목상권,3110674,강서구청가양동별관,161,77,84,13,15,24,27,42,40,4,9,13,15,18,18,9,6,11,12,24,22,124,0,124
20211,A,골목상권,3110675,화곡4동주민센터,7710,3731,3979,948,1166,1355,1172,1217,1852,495,563,697,614,564,798,453,603,658,558,653,1054,3535,0,3535
20211,A,골목상권,3110676,등촌역 7번,3305,1564,1741,398,618,677,496,499,617,211,282,330,240,230,271,187,336,347,256,269,346,1562,0,1562
20211,A,골목상권,3110677,등촌역 1번,1606,739,867,169,355,459,226,180,217,84,139,219,111,89,97,85,216,240,115,91,120,889,0,889
20211,A,골목상권,3110678,염창무학아파트,1231,596,635,172,226,328,180,133,192,87,96,170,88,56,99,85,130,158,92,77,93,610,0,610
20211,A,골목상권,3110679,염창역 2번,979,437,542,72,258,293,137,93,126,35,84,131,75,49,63,37,174,162,62,44,63,667,0,667
20211,A,골목상권,3110680,온수역 5번(온수산업단지),1748,845,903,213,196,281,305,243,510,125,92,134,156,111,227,88,104,147,149,132,283,761,0,761
20211,A,골목상권,3110681,온수역 1번,170,98,72,18,22,39,18,25,48,15,13,19,12,13,26,3,9,20,6,12,22,84,0,84
20211,A,골목상권,3110682,온수역 8번,1048,508,540,141,145,141,179,143,299,79,79,69,86,63,132,62,66,72,93,80,167,433,0,433
20211,A,골목상권,3110683,오류고등학교,1694,833,861,289,240,228,241,307,389,146,129,114,126,144,174,143,111,114,115,163,215,646,0,646
20211,A,골목상권,3110684,서울공연예술고등학교,1389,675,714,172,198,187,230,240,362,87,113,96,106,107,166,85,85,91,124,133,196,602,0,602
20211,A,골목상권,3110685,금강수목원아파트,200,93,107,29,31,30,24,39,47,13,15,12,12,20,21,16,16,18,12,19,26,82,0,82
20211,A,골목상권,3110686,수궁동주민센터,4521,2180,2341,596,611,597,716,769,1232,298,310,312,345,368,547,298,301,285,371,401,685,2114,0,2114
20211,A,골목상권,3110687,"천왕역 3번(오류2동주민센터, 서울오류남초등학교)",542,248,294,59,65,52,87,89,190,27,27,30,41,42,81,32,38,22,46,47,109,244,0,244
20211,A,골목상권,3110688,오류지구대,2781,1363,1418,343,405,409,414,466,744,184,193,210,215,218,343,159,212,199,199,248,401,1254,0,1254
20211,A,골목상권,3110689,오류동역 3번,3158,1607,1551,339,487,415,428,538,951,171,238,226,224,293,455,168,249,189,204,245,496,1637,0,1637
20211,A,골목상권,3110690,오류2동버들시장,4903,2427,2476,599,595,675,742,773,1519,331,301,363,408,382,642,268,294,312,334,391,877,2555,0,2555
20211,A,골목상권,3110691,개봉중학교,2937,1486,1451,377,395,342,445,533,845,190,215,188,226,275,392,187,180,154,219,258,453,1362,0,1362
20211,A,골목상권,3110692,큰굴다리,2116,1104,1012,243,316,279,292,346,640,127,162,160,152,176,327,116,154,119,140,170,313,1025,0,1025
20211,A,골목상권,3110693,오류동역 4번,719,396,323,21,229,178,121,81,89,13,107,102,66,59,49,8,122,76,55,22,40,599,0,599
20211,A,골목상권,3110694,세곡초등학교,6947,3467,3480,799,967,835,1017,1261,2068,404,532,430,507,626,968,395,435,405,510,635,1100,3369,0,3369
20211,A,골목상권,3110695,개봉1동주민센터,5545,2838,2707,512,696,613,744,1039,1941,263,354,343,411,555,912,249,342,270,333,484,1029,2950,0,2950
20211,A,골목상권,3110696,오류동역 1번,3491,1771,1720,372,482,474,489,632,1042,192,268,258,256,313,484,180,214,216,233,319,558,1590,0,1590
20211,A,골목상권,3110697,개봉3동주민센터,2994,1499,1495,378,440,391,472,541,772,193,230,203,262,269,342,185,210,188,210,272,430,1313,0,1313
20211,A,골목상권,3110698,개웅초등학교(개웅중학교),6704,3253,3451,817,930,831,1036,1200,1890,411,480,426,521,559,856,406,450,405,515,641,1034,2850,0,2850
20211,A,골목상권,3110699,덕의초등학교,1608,802,806,206,214,186,258,286,458,111,122,97,130,139,203,95,92,89,128,147,255,759,0,759
20211,A,골목상권,3110700,고척초등학교,3399,1727,1672,455,448,433,535,588,940,230,237,254,279,301,426,225,211,179,256,287,514,1605,0,1605
20211,A,골목상권,3110701,고척동성당,1217,551,666,159,210,192,160,187,309,72,88,89,79,82,141,87,122,103,81,105,168,570,0,570
20211,A,골목상권,3110702,개봉초등학교,2513,1202,1311,339,285,411,362,407,709,175,146,217,165,189,310,164,139,194,197,218,399,1101,0,1101
20211,A,골목상권,3110703,개봉역,2006,993,1013,219,252,390,322,291,532,102,118,202,169,150,252,117,134,188,153,141,280,966,0,966
20211,A,골목상권,3110704,고척중학교,94,68,26,2,40,21,14,10,7,2,26,16,9,9,6,0,14,5,5,1,1,87,0,87
20211,A,골목상권,3110705,고산초등학교,565,281,284,87,131,99,99,76,73,51,68,48,55,26,33,36,63,51,44,50,40,287,0,287
20211,A,골목상권,3110706,그라운드 고척,697,364,333,64,109,89,128,90,217,33,55,47,74,56,99,31,54,42,54,34,118,408,0,408
20211,A,골목상권,3110707,구로창업지원센터,2099,1112,987,230,280,242,299,358,690,107,156,143,174,196,336,123,124,99,125,162,354,1038,0,1038
20211,A,골목상권,3110708,화원어린이공원,1295,677,618,121,206,171,208,228,361,70,104,95,129,122,157,51,102,76,79,106,204,765,0,765
20211,A,골목상권,3110709,구로119안전센터,2634,1347,1287,225,329,327,341,548,864,109,171,178,201,285,403,116,158,149,140,263,461,1413,0,1413
20211,A,골목상권,3110710,남구로역 3번,5266,2723,2543,372,723,535,666,1057,1913,208,401,322,359,550,883,164,322,213,307,507,1030,3012,0,3012
20211,A,골목상권,3110711,구로초등학교,3893,1922,1971,396,516,439,558,712,1272,184,261,237,285,399,556,212,255,202,273,313,716,2056,0,2056
20211,A,골목상권,3110712,남구로역 5번,5072,2530,2542,493,624,511,736,986,1722,252,393,287,362,491,745,241,231,224,374,495,977,2382,0,2382
20211,A,골목상권,3110713,구로보건소,7091,3499,3592,759,1080,1119,951,1222,1960,349,535,579,482,631,923,410,545,540,469,591,1037,3672,0,3672
20211,A,골목상권,3110714,구로4동주민센터,4147,2075,2072,404,446,398,594,813,1492,209,236,222,302,422,684,195,210,176,292,391,808,2250,0,2250
20211,A,골목상권,3110715,구로구민회관,867,453,414,78,90,83,130,157,329,40,52,42,77,95,147,38,38,41,53,62,182,460,0,460
20211,A,골목상권,3110716,구로나눔길,823,391,432,91,93,101,117,158,263,45,43,49,53,94,107,46,50,52,64,64,156,434,0,434
20211,A,골목상권,3110717,남구로역 2번,7311,3740,3571,574,860,769,1048,1456,2604,302,448,404,586,822,1178,272,412,365,462,634,1426,4187,0,4187
20211,A,골목상권,3110718,한국SGI본부,2665,1232,1433,162,853,599,281,308,462,86,297,313,144,168,224,76,556,286,137,140,238,1911,0,1911
20211,A,골목상권,3110719,영서중학교,551,256,295,79,62,66,84,85,175,39,28,34,40,41,74,40,34,32,44,44,101,227,0,227
20211,A,골목상권,3110720,대림역 2번,2265,1094,1171,194,247,256,303,441,824,104,119,141,146,206,378,90,128,115,157,235,446,1199,0,1199
20211,A,골목상권,3110721,가리봉파출소,2548,1332,1216,152,535,514,346,442,559,83,270,288,190,233,268,69,265,226,156,209,291,1654,0,1654
20211,A,골목상권,3110722,G타워,3828,2250,1578,75,1391,1333,479,252,298,44,701,862,316,167,160,31,690,471,163,85,138,3378,0,3378
20211,A,골목상권,3110723,가산디지털단지역 1번 출입구,816,430,386,47,167,116,108,139,239,21,88,66,60,83,112,26,79,50,48,56,127,540,0,540
20211,A,골목상권,3110724,금천구립가산도서관,2946,1774,1172,147,771,814,368,382,464,66,438,553,238,232,247,81,333,261,130,150,217,2068,0,2068
20211,A,골목상권,3110725,가산동주민센터,1908,1045,863,27,767,462,220,241,191,12,317,288,143,174,111,15,450,174,77,67,80,1752,0,1752
20211,A,골목상권,3110726,금천철쭉어린이공원(금하마을),1686,867,819,176,259,186,251,332,482,91,131,118,130,173,224,85,128,68,121,159,258,884,0,884
20211,A,골목상권,3110727,독산역 1번 출입구,1229,660,569,97,323,294,156,142,217,49,141,179,96,76,119,48,182,115,60,66,98,771,0,771
20211,A,골목상권,3110728,두산초등학교,1546,848,698,98,495,372,203,174,204,48,228,236,127,108,101,50,267,136,76,66,103,1123,0,1123
20211,A,골목상권,3110729,가산동우체국,2913,1707,1206,101,934,685,341,358,494,51,462,444,233,241,276,50,472,241,108,117,218,2268,0,2268
20211,A,골목상권,3110730,서울축산농협 독산역지점(독산파출소),2867,1548,1319,234,590,707,392,402,542,119,298,418,226,217,270,115,292,289,166,185,272,1728,0,1728
20211,A,골목상권,3110731,금천구청역 1번 출입구,1017,517,500,73,241,203,146,138,216,36,100,115,84,73,109,37,141,88,62,65,107,662,0,662
20211,A,골목상권,3110732,가산초등학교(세일중학교),2840,1518,1322,178,776,610,310,399,567,85,363,366,182,230,292,93,413,244,128,169,275,1961,0,1961
20211,A,골목상권,3110733,금천어울림복지센터,445,193,252,25,120,138,44,36,82,10,43,67,18,18,37,15,77,71,26,18,45,309,0,309
20211,A,골목상권,3110734,금천파출소,347,184,163,21,50,56,43,62,115,8,21,35,30,43,47,13,29,21,13,19,68,210,0,210
20211,A,골목상권,3110735,말미고개,5369,2731,2638,641,871,824,709,952,1372,336,445,453,367,483,647,305,426,371,342,469,725,2688,0,2688
20211,A,골목상권,3110736,독산119안전센터,4727,2350,2377,515,679,691,645,950,1247,258,308,380,339,473,592,257,371,311,306,477,655,2240,0,2240
20211,A,골목상권,3110737,금천세무서,2720,1425,1295,252,487,456,347,470,708,140,267,255,181,233,349,112,220,201,166,237,359,1467,0,1467
20211,A,골목상권,3110738,문성초등학교,3498,1770,1728,292,464,433,474,711,1124,147,229,249,240,397,508,145,235,184,234,314,616,2045,0,2045
20211,A,골목상권,3110739,시흥3동 우편취급국,320,165,155,31,58,28,46,71,86,17,28,15,22,39,44,14,30,13,24,32,42,129,0,129
20211,A,골목상권,3110740,금천해태공원,5321,2680,2641,515,825,615,721,1038,1607,269,425,350,377,507,752,246,400,265,344,531,855,2696,0,2696
20211,A,골목상권,3110741,독산2동주민센터,3680,1858,1822,389,562,502,525,722,980,204,293,271,250,375,465,185,269,231,275,347,515,1857,0,1857
20211,A,골목상권,3110742,KT금천빌딩(금천구시설관리공단),213,115,98,15,31,33,27,44,63,10,16,19,14,23,33,5,15,14,13,21,30,125,0,125
20211,A,골목상권,3110743,시흥초등학교(시흥1동우체국),4293,2157,2136,493,566,495,606,836,1297,254,308,268,318,417,592,239,258,227,288,419,705,2100,0,2100
20211,A,골목상권,3110744,독산동성당,8260,4130,4130,831,1135,983,1116,1753,2442,406,595,546,544,901,1138,425,540,437,572,852,1304,4148,0,4148
20211,A,골목상권,3110745,독산동정훈단지,2946,1485,1461,304,437,338,417,646,804,154,225,194,213,336,363,150,212,144,204,310,441,1509,0,1509
20211,A,골목상권,3110746,금천금빛공원(은행나무사거리서측),1702,825,877,156,317,224,216,303,486,81,150,122,106,139,227,75,167,102,110,164,259,882,0,882
20211,A,골목상권,3110747,석수역 1번 출입구,1006,498,508,81,130,134,129,176,356,35,71,71,69,87,165,46,59,63,60,89,191,442,0,442
20211,A,골목상권,3110748,백산초등학교,1914,979,935,202,269,224,291,351,577,107,144,125,153,184,266,95,125,99,138,167,311,978,0,978
20211,A,골목상권,3110749,금산초등학교(금천고등학교),4810,2405,2405,607,611,628,712,823,1429,312,324,333,369,404,663,295,287,295,343,419,766,2009,0,2009
20211,A,골목상권,3110750,시흥4동주민센터(서울신흥초등학교),4694,2332,2362,496,537,554,653,919,1535,235,273,295,351,460,718,261,264,259,302,459,817,2417,0,2417
20211,A,골목상권,3110751,난곡중학교,5590,2805,2785,496,898,735,756,1133,1572,261,449,402,406,560,727,235,449,333,350,573,845,2857,0,2857
20211,A,골목상권,3110752,한울중학교,6433,3165,3268,817,857,923,893,1195,1748,443,442,477,434,558,811,374,415,446,459,637,937,2845,0,2845
20211,A,골목상권,3110753,시흥동 은행나무사거리,7026,3515,3511,785,927,789,1013,1320,2192,401,500,434,519,667,994,384,427,355,494,653,1198,3427,0,3427
20211,A,골목상권,3110754,삼성산자연공원(서울금천초등학교),5343,2632,2711,606,720,686,777,1038,1516,301,382,357,397,524,671,305,338,329,380,514,845,2625,0,2625
20211,A,골목상권,3110755,동일여자고등학교,1401,705,696,172,173,133,215,243,465,91,87,76,115,133,203,81,86,57,100,110,262,643,0,643
20211,A,골목상권,3110756,문래중학교,2569,1239,1330,353,452,823,489,225,227,184,181,410,254,105,105,169,271,413,235,120,122,1406,0,1406
20211,A,골목상권,3110757,양평역 2번,2162,1136,1026,125,531,660,302,270,274,70,228,372,171,170,125,55,303,288,131,100,149,1565,0,1565
20211,A,골목상권,3110758,문래소공원,1450,678,772,249,213,449,255,135,149,123,82,216,128,62,67,126,131,233,127,73,82,686,0,686
20211,A,골목상권,3110759,문래예술촌(문래창작촌),1245,671,574,156,162,261,208,141,317,76,85,137,134,88,151,80,77,124,74,53,166,744,0,744
20211,A,골목상권,3110760,선유도역 6번,1108,566,542,116,212,309,164,106,201,48,97,173,92,62,94,68,115,136,72,44,107,600,0,600
20211,A,골목상권,3110761,문래동남성맨션,22,13,9,1,1,1,1,4,14,1,0,1,0,2,9,0,1,0,1,2,5,14,0,14
20211,A,골목상권,3110762,선유도역 1번,11098,5486,5612,1285,2133,3005,1509,1360,1806,673,930,1572,768,709,834,612,1203,1433,741,651,972,5787,0,5787
20211,A,골목상권,3110763,영등포구청역 2번,1266,627,639,131,251,282,165,178,259,77,103,146,86,87,128,54,148,136,79,91,131,702,0,702
20211,A,골목상권,3110764,문래역 3번,83,43,40,2,35,23,7,11,5,1,16,15,2,7,2,1,19,8,5,4,3,68,0,68
20211,A,골목상권,3110765,문래동사거리,116,61,55,7,7,14,18,14,56,2,5,8,14,9,23,5,2,6,4,5,33,58,0,58
20211,A,골목상권,3110766,대림역 5번,2307,1143,1164,204,295,259,326,472,751,114,151,139,180,237,322,90,144,120,146,235,429,1295,0,1295
20211,A,골목상권,3110767,도림동주민센터,891,462,429,51,103,131,127,169,310,28,55,72,78,85,144,23,48,59,49,84,166,623,0,623
20211,A,골목상권,3110768,도림2동유수지내체육시설,1300,638,662,68,316,381,192,149,194,41,120,196,100,83,98,27,196,185,92,66,96,873,0,873
20211,A,골목상권,3110769,대림차이나타운(대림역 12번),673,328,345,63,59,73,100,110,268,35,39,37,44,64,109,28,20,36,56,46,159,397,0,397
20211,A,골목상권,3110770,영등포구청역 6번,1935,974,961,126,417,375,228,292,497,58,198,213,119,168,218,68,219,162,109,124,279,1223,0,1223
20211,A,골목상권,3110771,대림역 11번,693,339,354,42,60,61,116,133,281,20,35,30,60,75,119,22,25,31,56,58,162,476,0,476
20211,A,골목상권,3110772,신우어린이공원,1225,627,598,156,166,160,204,219,320,82,86,93,99,116,151,74,80,67,105,103,169,568,0,568
20211,A,골목상권,3110773,당산역 13번,151,80,71,11,36,35,27,20,22,3,23,18,15,12,9,8,13,17,12,8,13,111,0,111
20211,A,골목상권,3110774,당산반도유보라팰리스아파트,1317,623,694,91,414,376,154,118,164,43,165,202,78,58,77,48,249,174,76,60,87,935,0,935
20211,A,골목상권,3110775,대동초등학교,768,384,384,69,92,70,89,174,274,40,49,44,47,84,120,29,43,26,42,90,154,402,0,402
20211,A,골목상권,3110776,도신초등학교,3337,1712,1625,383,495,347,452,681,979,191,271,197,226,359,468,192,224,150,226,322,511,1527,0,1527
20211,A,골목상권,3110777,구로세무서,124,92,32,1,4,6,14,29,70,1,3,3,14,25,46,0,1,3,0,4,24,110,0,110
20211,A,골목상권,3110778,구로디지털단지역 4번,4030,2009,2021,316,668,458,487,731,1370,157,364,265,252,354,617,159,304,193,235,377,753,2361,0,2361
20211,A,골목상권,3110779,대림갑을명가아파트,293,149,144,17,44,33,41,50,108,8,25,17,22,28,49,9,19,16,19,22,59,171,0,171
20211,A,골목상권,3110780,신길대성유니드아파트,3240,1649,1591,403,396,345,533,589,974,228,206,199,277,303,436,175,190,146,256,286,538,1539,0,1539
20211,A,골목상권,3110781,대림한신아파트,3339,1643,1696,325,506,334,432,646,1096,163,255,194,219,321,491,162,251,140,213,325,605,1609,0,1609
20211,A,골목상권,3110782,영등포시장역 4번,763,381,382,37,242,222,79,75,108,22,98,125,45,42,49,15,144,97,34,33,59,565,0,565
20211,A,골목상권,3110783,영등포시장역 1번,772,414,358,92,115,99,98,127,241,48,52,56,57,73,128,44,63,43,41,54,113,430,0,430
20211,A,골목상권,3110784,신대림초등학교,998,493,505,93,155,109,136,159,346,51,77,56,80,78,151,42,78,53,56,81,195,558,0,558
20211,A,골목상권,3110785,영등포푸르지오아파트,3399,1751,1648,341,447,414,508,636,1053,188,245,228,265,341,484,153,202,186,243,295,569,1778,0,1778
20211,A,골목상권,3110786,당산역 8번,2158,1090,1068,135,543,529,242,285,424,62,261,291,124,152,200,73,282,238,118,133,224,1368,0,1368
20211,A,골목상권,3110787,신길3동주민센터,3238,1630,1608,289,424,353,421,667,1084,148,218,206,230,353,475,141,206,147,191,314,609,1757,0,1757
20211,A,골목상권,3110788,영등포시장역 3번,345,191,154,40,27,58,44,52,124,25,18,36,29,33,50,15,9,22,15,19,74,170,0,170
20211,A,골목상권,3110789,대림성모병원,1685,820,865,154,274,223,236,276,522,83,121,126,112,146,232,71,153,97,124,130,290,977,0,977
20211,A,골목상권,3110790,대림1동주민센터,3364,1678,1686,249,504,389,443,633,1146,138,265,232,237,312,494,111,239,157,206,321,652,1933,0,1933
20211,A,골목상권,3110791,신풍역 3번,223,108,115,40,20,46,33,30,54,20,11,21,16,15,25,20,9,25,17,15,29,95,0,95
20211,A,골목상권,3110792,영등포역 2번,3798,1928,1870,307,555,544,480,684,1228,155,297,297,254,345,580,152,258,247,226,339,648,2228,0,2228
20211,A,골목상권,3110793,대림썬프라자,1,1,0,0,0,0,0,0,1,0,0,0,0,0,1,0,0,0,0,0,0,1,0,1
20211,A,골목상권,3110794,영동초등학교,3386,1545,1841,160,1324,1125,333,193,251,91,484,551,177,112,130,69,840,574,156,81,121,2698,0,2698
20211,A,골목상권,3110795,도림초등학교,1916,960,956,201,276,272,252,295,620,108,143,151,139,147,272,93,133,121,113,148,348,1053,0,1053
20211,A,골목상권,3110796,한림대학교한강성심병원,1264,681,583,69,352,460,142,105,136,34,163,258,78,68,80,35,189,202,64,37,56,945,0,945
20211,A,골목상권,3110797,KT대방빌딩,193,95,98,10,19,27,24,24,89,3,13,14,10,17,38,7,6,13,14,7,51,110,0,110
20211,A,골목상권,3110798,신풍역 2번,567,295,272,63,86,86,72,89,171,38,50,46,33,45,83,25,36,40,39,44,88,265,0,265
20211,A,골목상권,3110799,영등포본동주민센터,633,322,311,34,121,103,69,123,183,17,70,64,34,53,84,17,51,39,35,70,99,348,0,348
20211,A,골목상권,3110800,영등포동성당,838,509,329,19,273,316,80,58,92,6,151,214,57,34,47,13,122,102,23,24,45,680,0,680
20211,A,골목상권,3110801,신풍역 6번(신길6동공영주차장),208,107,101,23,21,21,26,39,78,13,11,10,17,21,35,10,10,11,9,18,43,108,0,108
20211,A,골목상권,3110802,신길동홍어거리,1327,672,655,123,215,181,155,252,401,65,124,108,78,123,174,58,91,73,77,129,227,742,0,742
20211,A,골목상권,3110803,신길2동우편취급국,2760,1429,1331,239,301,349,379,489,1003,129,165,184,213,267,471,110,136,165,166,222,532,1531,0,1531
20211,A,골목상권,3110804,신풍역 1번,2297,1079,1218,158,376,307,315,387,754,73,165,167,151,198,325,85,211,140,164,189,429,1383,0,1383
20211,A,골목상권,3110805,신길새마을금고신길4동지점,768,385,383,42,184,148,107,89,198,19,82,81,61,51,91,23,102,67,46,38,107,494,0,494
20211,A,골목상권,3110806,서울시립영등포장애인복지관,48,48,0,0,1,6,14,22,5,0,1,6,14,22,5,0,0,0,0,0,0,48,0,48
20211,A,골목상권,3110807,신길역 3번,2234,1178,1056,39,1104,717,191,97,86,25,489,433,126,63,42,14,615,284,65,34,44,1993,0,1993
20211,A,골목상권,3110808,신길역 1번,624,335,289,36,115,124,87,102,160,17,68,71,50,53,76,19,47,53,37,49,84,395,0,395
20211,A,골목상권,3110809,장훈고등학교,711,353,358,72,107,85,101,131,215,32,52,52,49,69,99,40,55,33,52,62,116,379,0,379
20211,A,골목상권,3110810,영신초등학교,3407,1680,1727,309,549,481,456,538,1074,157,267,277,243,261,475,152,282,204,213,277,599,1892,0,1892
20211,A,골목상권,3110811,보라매역 4번,1664,815,849,138,347,296,228,222,433,77,160,140,126,117,195,61,187,156,102,105,238,971,0,971
20211,A,골목상권,3110812,신길6동주민센터,1434,666,768,89,353,271,186,206,329,48,154,128,94,94,148,41,199,143,92,112,181,932,0,932
20211,A,골목상권,3110813,보라매역 6번,2594,1281,1313,317,551,454,347,362,563,171,236,229,189,188,268,146,315,225,158,174,295,1397,0,1397
20211,A,골목상권,3110814,서울지방병무청,3440,1751,1689,348,617,510,515,559,891,185,332,270,287,277,400,163,285,240,228,282,491,1846,0,1846
20211,A,골목상권,3110815,공군호텔,4944,2547,2397,327,1192,910,655,701,1159,160,562,531,371,395,528,167,630,379,284,306,631,3342,0,3342
20211,A,골목상권,3110816,대방역 6번,1790,932,858,107,321,335,258,274,495,52,167,202,137,153,221,55,154,133,121,121,274,1108,0,1108
20211,A,골목상권,3110817,대방역 4번,880,495,385,28,340,222,79,79,132,14,176,141,50,46,68,14,164,81,29,33,64,704,0,704
20211,A,골목상권,3110818,신대방역 3번,813,426,387,52,200,159,102,106,194,22,92,101,59,55,97,30,108,58,43,51,97,551,0,551
20211,A,골목상권,3110819,신대방역 4번,5265,2541,2724,522,940,795,741,878,1389,265,459,400,355,461,601,257,481,395,386,417,788,3065,0,3065
20211,A,골목상권,3110820,성남고등학교,4096,2066,2030,710,768,663,746,571,638,385,393,335,384,297,272,325,375,328,362,274,366,1995,0,1995
20211,A,골목상권,3110821,보라매역 2번,6050,2935,3115,714,1093,1048,937,902,1356,378,537,535,461,429,595,336,556,513,476,473,761,3036,0,3036
20211,A,골목상권,3110822,신대방삼거리역 4번(대림초등학교),5038,2417,2621,725,1036,795,801,747,934,380,506,374,389,362,406,345,530,421,412,385,528,2442,0,2442
20211,A,골목상권,3110823,신대방삼거리역 3번,3577,1670,1907,337,938,663,473,454,712,185,355,341,241,218,330,152,583,322,232,236,382,2045,0,2045
20211,A,골목상권,3110824,대방역 3번,631,306,325,84,159,123,113,71,81,39,73,66,56,35,37,45,86,57,57,36,44,391,0,391
20211,A,골목상권,3110825,신대방삼거리역 1번,9016,4292,4724,969,1841,1716,1217,1189,2084,494,816,880,617,576,909,475,1025,836,600,613,1175,4854,0,4854
20211,A,골목상권,3110826,장승배기역 4번,4283,2053,2230,311,1009,904,532,569,958,142,451,486,288,271,415,169,558,418,244,298,543,2612,0,2612
20211,A,골목상권,3110827,NH농협은행 상도동지점,2391,1140,1251,188,503,419,317,362,602,90,226,211,166,185,262,98,277,208,151,177,340,1436,0,1436
20211,A,골목상권,3110828,노량진역 6번,7081,3628,3453,470,1331,1082,886,1215,2097,244,702,634,497,628,923,226,629,448,389,587,1174,4212,0,4212
20211,A,골목상권,3110829,장승배기역 5번,3007,1526,1481,234,414,394,371,588,1006,123,230,231,191,299,452,111,184,163,180,289,554,1658,0,1658
20211,A,골목상권,3110830,상도초등학교,4133,2032,2101,484,594,651,609,629,1166,256,289,358,324,292,513,228,305,293,285,337,653,2109,0,2109
20211,A,골목상권,3110831,상도4동주민센터,2692,1297,1395,359,466,538,403,374,552,202,209,268,201,183,234,157,257,270,202,191,318,1294,0,1294
20211,A,골목상권,3110832,노량진초등학교,3280,1690,1590,228,657,493,421,475,1006,119,365,290,234,248,434,109,292,203,187,227,572,2081,0,2081
20211,A,골목상권,3110833,상도역 2번,2327,1123,1204,370,431,426,367,291,442,192,207,207,187,141,189,178,224,219,180,150,253,1121,0,1121
20211,A,골목상권,3110834,동작구자원봉사센터,1155,629,526,93,320,240,127,144,231,51,166,162,73,69,108,42,154,78,54,75,123,705,0,705
20211,A,골목상권,3110835,상도역 1번,1194,550,644,107,321,225,124,134,283,51,144,108,59,64,124,56,177,117,65,70,159,697,0,697
20211,A,골목상권,3110836,상도역 5번,9098,4469,4629,999,3070,1232,1073,983,1741,479,1604,655,535,440,756,520,1466,577,538,543,985,5244,0,5244
20211,A,골목상권,3110837,숭실대입구역 1번,4197,2006,2191,384,1330,665,459,511,848,198,631,337,224,237,379,186,699,328,235,274,469,2434,0,2434
20211,A,골목상권,3110838,상도1동주민센터앞,117,65,52,5,33,20,11,15,33,3,18,11,8,8,17,2,15,9,3,7,16,74,0,74
20211,A,골목상권,3110839,숭실대입구역 4번,1914,981,933,147,695,277,188,227,380,84,365,158,93,102,179,63,330,119,95,125,201,1183,0,1183
20211,A,골목상권,3110840,중앙대학교,2244,1118,1126,189,795,278,248,264,470,92,412,168,121,118,207,97,383,110,127,146,263,1415,0,1415
20211,A,골목상권,3110841,중대부중,2042,993,1049,160,310,239,309,355,669,84,167,126,171,177,268,76,143,113,138,178,401,1081,0,1081
20211,A,골목상권,3110842,흑리단길,511,237,274,50,85,59,60,91,166,26,37,28,30,49,67,24,48,31,30,42,99,287,0,287
20211,A,골목상권,3110843,사당5동주민센터,1683,792,891,185,302,295,278,223,400,106,136,137,142,103,168,79,166,158,136,120,232,966,0,966
20211,A,골목상권,3110844,흑석2치안센터,833,408,425,69,119,101,104,161,279,39,66,55,55,75,118,30,53,46,49,86,161,410,0,410
20211,A,골목상권,3110845,사당종합체육관,1643,802,841,214,238,223,257,273,438,123,119,119,131,131,179,91,119,104,126,142,259,722,0,722
20211,A,골목상권,3110846,남성역 1번,8998,4253,4745,823,1752,1569,1283,1244,2327,423,778,796,662,591,1003,400,974,773,621,653,1324,4850,0,4850
20211,A,골목상권,3110847,예술인마을,4610,2187,2423,408,824,920,611,709,1138,210,386,478,283,305,525,198,438,442,328,404,613,2213,0,2213
20211,A,골목상권,3110848,양지어린이공원,4871,2347,2524,425,997,925,679,684,1161,203,454,498,359,318,515,222,543,427,320,366,646,2701,0,2701
20211,A,골목상권,3110849,이수역 10번,3100,1528,1572,242,622,546,412,478,800,128,268,279,228,248,377,114,354,267,184,230,423,1849,0,1849
20211,A,골목상권,3110850,사당역 10번,8232,3880,4352,524,2114,1722,1007,989,1876,283,883,897,534,438,845,241,1231,825,473,551,1031,5113,0,5113
20211,A,골목상권,3110851,경문고등학교(동작동성당),3582,1731,1851,336,514,514,490,597,1131,193,262,278,231,286,481,143,252,236,259,311,650,1778,0,1778
20211,A,골목상권,3110852,이수역 9번,1902,903,999,130,385,352,258,268,509,75,165,170,137,126,230,55,220,182,121,142,279,1198,0,1198
20211,A,골목상권,3110853,KT구로지사,2369,1254,1115,135,629,593,269,285,458,64,283,378,151,151,227,71,346,215,118,134,231,1645,0,1645
20211,A,골목상권,3110854,조원동주민센터,2185,1104,1081,212,427,344,317,339,546,119,205,192,148,175,265,93,222,152,169,164,281,1233,0,1233
20211,A,골목상권,3110855,신대방역 2번,4616,2270,2346,326,1380,988,556,525,841,161,592,510,309,289,409,165,788,478,247,236,432,3109,0,3109
20211,A,골목상권,3110856,미성초등학교,4246,2043,2203,469,770,795,606,629,977,226,342,413,344,297,421,243,428,382,262,332,556,2252,0,2252
20211,A,골목상권,3110857,미성동주민센터,5006,2462,2544,646,721,629,778,878,1354,333,359,331,375,437,627,313,362,298,403,441,727,2338,0,2338
20211,A,골목상권,3110858,신대방역 1번,844,420,424,55,260,168,100,90,171,27,120,89,51,49,84,28,140,79,49,41,87,586,0,586
20211,A,골목상권,3110859,난향초등학교,2852,1497,1355,329,364,314,452,474,919,157,207,186,249,263,435,172,157,128,203,211,484,1407,0,1407
20211,A,골목상권,3110860,호림박물관(성보고등학교),2357,1146,1211,190,682,425,312,327,421,97,307,233,161,162,186,93,375,192,151,165,235,1478,0,1478
20211,A,골목상권,3110861,관악구신사동주민센터,7107,3587,3520,631,1750,1213,961,1118,1434,341,869,682,488,548,659,290,881,531,473,570,775,4152,0,4152
20211,A,골목상권,3110862,난곡초등학교(난곡동벽화마을),2335,1157,1178,239,374,347,311,404,660,101,201,200,160,196,299,138,173,147,151,208,361,1181,0,1181
20211,A,골목상권,3110863,난우초등학교,4002,1985,2017,532,594,479,616,689,1092,261,310,247,319,342,506,271,284,232,297,347,586,1873,0,1873
20211,A,골목상권,3110864,신림우방아파트,5054,2528,2526,465,1324,862,677,667,1059,250,610,503,343,332,490,215,714,359,334,335,569,3022,0,3022
20211,A,골목상권,3110865,남강고등학교(남강중학교),8794,4369,4425,1073,1331,1158,1295,1627,2310,580,664,623,668,791,1043,493,667,535,627,836,1267,4205,0,4205
20211,A,골목상권,3110866,난우중학교,5033,2551,2482,528,735,669,732,866,1503,272,388,375,401,421,694,256,347,294,331,445,809,2473,0,2473
20211,A,골목상권,3110867,국제신학대학원대학교(남서울중학교),3553,1786,1767,229,1040,701,395,419,769,103,507,408,214,213,341,126,533,293,181,206,428,2280,0,2280
20211,A,골목상권,3110868,남부초등학교,3126,1560,1566,257,772,550,399,464,684,138,367,307,208,226,314,119,405,243,191,238,370,1864,0,1864
20211,A,골목상권,3110869,"신림역 5번(신림동주민센터, 신림동별빛거리)",11244,5800,5444,441,4403,2831,1283,889,1397,215,2161,1635,706,471,612,226,2242,1196,577,418,785,8805,0,8805
20211,A,골목상권,3110870,신림주공2단지(광신고등학교),2041,1013,1028,183,206,201,315,369,767,100,113,119,170,181,330,83,93,82,145,188,437,934,0,934
20211,A,골목상권,3110871,신원동주민센터,2357,1169,1188,161,550,391,276,320,659,86,275,213,151,160,284,75,275,178,125,160,375,1512,0,1512
20211,A,골목상권,3110872,신림초등학교,2608,1298,1310,247,597,425,380,358,601,124,318,239,192,174,251,123,279,186,188,184,350,1495,0,1495
20211,A,골목상권,3110873,당곡중학교,4600,2271,2329,475,920,682,656,622,1245,256,436,377,318,310,574,219,484,305,338,312,671,2473,0,2473
20211,A,골목상권,3110874,원신초등학교(구세군관악영문교회),2944,1477,1467,176,305,314,374,522,1253,100,155,186,222,283,531,76,150,128,152,239,722,1765,0,1765
20211,A,골목상권,3110875,보라매동주민센터(당곡고등학교),3122,1530,1592,295,659,575,457,413,723,140,330,318,237,188,317,155,329,257,220,225,406,1751,0,1751
20211,A,골목상권,3110876,서원동주민센터(신관중학교),2715,1460,1255,147,835,563,372,290,508,78,450,341,210,153,228,69,385,222,162,137,280,1925,0,1925
20211,A,골목상권,3110877,신림역 8번,3562,1881,1681,107,1367,945,377,288,478,60,660,543,220,169,229,47,707,402,157,119,249,2898,0,2898
20211,A,골목상권,3110878,미림여고,1788,931,857,218,234,239,267,296,534,116,140,137,140,137,261,102,94,102,127,159,273,790,0,790
20211,A,골목상권,3110879,신림현대아파트,1624,860,764,86,258,227,235,276,542,40,138,142,149,144,247,46,120,85,86,132,295,1092,0,1092
20211,A,골목상권,3110880,신림역 1번,1373,662,711,61,540,257,138,148,229,35,241,150,74,63,99,26,299,107,64,85,130,959,0,959
20211,A,골목상권,3110881,구립대학경로당(관악산샘말공원),10081,6426,3655,510,3011,2264,1553,1244,1499,272,1825,1577,1154,857,741,238,1186,687,399,387,758,7777,0,7777
20211,A,골목상권,3110882,신성초등학교,5190,3006,2184,375,1446,1101,725,637,906,188,799,718,486,379,436,187,647,383,239,258,470,3577,0,3577
20211,A,골목상권,3110883,은천초등학교(은천교앞),4677,2331,2346,410,1008,836,606,595,1222,213,475,480,335,292,536,197,533,356,271,303,686,2668,0,2668
20211,A,골목상권,3110884,봉천역 4번(봉천110안전센터),1287,648,639,93,389,221,151,157,276,51,183,117,90,79,128,42,206,104,61,78,148,827,0,827
20211,A,골목상권,3110885,영락고등학교,7472,3898,3574,647,1691,1430,1046,1016,1642,329,877,839,582,517,754,318,814,591,464,499,888,4361,0,4361
20211,A,골목상권,3110886,관악해태어린이공원,3465,2216,1249,156,1264,885,471,301,388,82,779,617,349,193,196,74,485,268,122,108,192,2813,0,2813
20211,A,골목상권,3110887,서울산업정보학교(서울삼성초등학교),1891,1198,693,125,691,390,247,160,278,59,472,287,161,97,122,66,219,103,86,63,156,1392,0,1392
20211,A,골목상권,3110888,청룡동주민센터,1490,742,748,88,337,230,196,212,427,56,157,119,103,118,189,32,180,111,93,94,238,1027,0,1027
20211,A,골목상권,3110889,봉천역 6번,2307,1143,1164,210,610,444,301,236,506,124,261,245,162,115,236,86,349,199,139,121,270,1347,0,1347
20211,A,골목상권,3110890,봉천역 1번(관악초등학교),3213,1514,1699,167,1225,697,308,312,504,83,513,379,152,153,234,84,712,318,156,159,270,2373,0,2373
20211,A,골목상권,3110891,구암초등학교,733,351,382,106,91,94,113,107,222,49,38,53,58,55,98,57,53,41,55,52,124,336,0,336
20211,A,골목상권,3110892,관악구 중앙길,11824,5740,6084,838,3138,2210,1383,1509,2746,430,1349,1228,760,747,1226,408,1789,982,623,762,1520,7180,0,7180
20211,A,골목상권,3110893,관악소방서(문영여고),268,134,134,27,87,41,32,36,45,12,45,21,14,17,25,15,42,20,18,19,20,164,0,164
20211,A,골목상권,3110894,관악동부센트레빌아파트(은천로35라길),1733,826,907,224,306,289,280,228,406,114,131,162,144,108,167,110,175,127,136,120,239,820,0,820
20211,A,골목상권,3110895,샤로수길,8549,4308,4241,730,2762,1672,1004,843,1538,378,1327,959,523,433,688,352,1435,713,481,410,850,5577,0,5577
20211,A,골목상권,3110896,관악우성아파트,270,138,132,27,46,34,34,44,85,16,28,19,21,17,37,11,18,15,13,27,48,152,0,152
20211,A,골목상권,3110897,서울대입구역 8번,5412,2682,2730,338,1514,1060,604,624,1272,170,710,571,329,327,575,168,804,489,275,297,697,3553,0,3553
20211,A,골목상권,3110898,청림동주민센터(상도중학교),2329,1168,1161,335,309,300,329,410,646,160,180,168,164,200,296,175,129,132,165,210,350,992,0,992
20211,A,골목상권,3110899,낙성대역 5번(관악중학교),3090,1481,1609,152,1047,810,338,259,484,80,453,447,171,119,211,72,594,363,167,140,273,2234,0,2234
20211,A,골목상권,3110900,낙성대역 1번(관악구민 종합체육센터),6186,3134,3052,486,1842,1363,783,640,1072,249,913,733,433,326,480,237,929,630,350,314,592,3992,0,3992
20211,A,골목상권,3110901,인헌고등학교(인헌중학교),4807,2265,2542,471,999,858,648,687,1144,232,445,437,321,327,503,239,554,421,327,360,641,2485,0,2485
20211,A,골목상권,3110902,사당역 4번,9756,4618,5138,766,2281,2056,1122,1322,2209,374,999,1074,589,595,987,392,1282,982,533,727,1222,5442,0,5442
20211,A,골목상권,3110903,방배아이파크아파트,4114,1903,2211,726,611,501,728,717,831,351,279,242,317,349,365,375,332,259,411,368,466,1661,0,1661
20211,A,골목상권,3110904,이수역 5번,1017,456,561,126,161,190,168,150,222,59,69,87,74,67,100,67,92,103,94,83,122,486,0,486
20213,A,골목상권,3110310,길음역 10번,263,106,157,8,46,60,35,43,71,7,19,25,15,14,26,1,27,35,20,29,45,168,0,168
20213,A,골목상권,3110311,종암아이파크2차후문,1200,623,577,141,198,144,166,248,303,77,108,83,77,138,140,64,90,61,89,110,163,542,0,542
20213,A,골목상권,3110312,안암역 2번,1694,865,829,130,970,180,84,126,204,70,501,104,46,61,83,60,469,76,38,65,121,1306,0,1306
20213,A,골목상권,3110313,안암역 3번,1257,703,554,83,634,159,104,117,160,39,364,108,61,56,75,44,270,51,43,61,85,968,0,968
20213,A,골목상권,3110314,종암경찰서,1089,563,526,110,197,176,144,160,302,53,108,98,85,78,141,57,89,78,59,82,161,615,0,615
20213,A,골목상권,3110315,종암아이파크2차,3029,1467,1562,330,533,377,433,520,836,169,293,192,210,252,351,161,240,185,223,268,485,1486,0,1486
20213,A,골목상권,3110316,숭곡초등학교,4537,2252,2285,466,540,481,658,798,1594,224,281,253,355,402,737,242,259,228,303,396,857,2347,0,2347
20213,A,골목상권,3110317,종암중학교,2339,1288,1051,201,865,363,227,257,426,101,509,209,131,139,199,100,356,154,96,118,227,1588,0,1588
20213,A,골목상권,3110318,KT월곡지사,1844,946,898,219,265,319,278,270,493,132,129,161,159,144,221,87,136,158,119,126,272,884,0,884
20213,A,골목상권,3110319,종암동주민센터,3318,1529,1789,308,411,377,432,553,1237,162,191,196,218,280,482,146,220,181,214,273,755,1909,0,1909
20213,A,골목상권,3110320,KB국민은행 종암동지점,955,495,460,113,169,135,159,153,226,68,87,66,90,72,112,45,82,69,69,81,114,477,0,477
20213,A,골목상권,3110321,동덕여대,262,115,147,31,67,43,30,44,47,15,24,21,14,17,24,16,43,22,16,27,23,133,0,133
20213,A,골목상권,3110322,장위1동주민센터,3037,1398,1639,414,510,397,468,579,669,174,244,193,220,260,307,240,266,204,248,319,362,1288,0,1288
20213,A,골목상권,3110323,상월곡역 1번,2214,965,1249,195,753,264,237,277,488,102,226,138,131,147,221,93,527,126,106,130,267,1417,0,1417
20213,A,골목상권,3110324,월곡역 4번,641,331,310,25,156,78,85,97,200,15,70,47,51,59,89,10,86,31,34,38,111,481,0,481
20213,A,골목상권,3110325,장곡초등학교,3528,1736,1792,496,473,419,488,613,1039,268,253,237,228,302,448,228,220,182,260,311,591,1632,0,1632
20213,A,골목상권,3110326,장위동성당,1353,653,700,205,181,172,213,244,338,103,99,90,96,118,147,102,82,82,117,126,191,597,0,597
20213,A,골목상권,3110327,상월곡역 2번,3520,1766,1754,384,529,411,482,635,1079,199,290,224,252,308,493,185,239,187,230,327,586,1591,0,1591
20213,A,골목상권,3110328,상월곡역 3번,2257,1135,1122,173,411,363,286,372,652,93,195,207,155,180,305,80,216,156,131,192,347,1208,0,1208
20213,A,골목상권,3110329,우리은행체육관,2466,1223,1243,244,347,250,324,455,846,119,161,155,168,238,382,125,186,95,156,217,464,1219,0,1219
20213,A,골목상권,3110330,돌곶이역 1번,2041,1012,1029,245,293,330,256,332,585,124,146,170,141,172,259,121,147,160,115,160,326,928,0,928
20213,A,골목상권,3110331,돌곶이역 8번,3281,1600,1681,319,597,429,488,549,899,182,278,220,254,269,397,137,319,209,234,280,502,1801,0,1801
20213,A,골목상권,3110332,돌곶이역 3번,875,481,394,78,135,131,138,164,229,37,61,77,82,99,125,41,74,54,56,65,104,481,0,481
20213,A,골목상권,3110333,돌곶이역 5번,1338,661,677,156,225,173,190,232,362,78,100,97,98,111,177,78,125,76,92,121,185,680,0,680
20213,A,골목상권,3110334,석관중앙교회,2693,1370,1323,256,329,276,365,525,942,139,165,142,209,286,429,117,164,134,156,239,513,1359,0,1359
20213,A,골목상권,3110335,석계역 7번,4363,2191,2172,380,760,585,628,805,1205,195,387,320,313,400,576,185,373,265,315,405,629,2385,0,2385
20213,A,골목상권,3110336,석관고등학교,2302,1156,1146,237,339,272,312,458,684,120,172,155,165,229,315,117,167,117,147,229,369,1121,0,1121
20213,A,골목상권,3110337,아카데미하우스,2792,1365,1427,412,330,355,444,455,796,209,170,196,218,217,355,203,160,159,226,238,441,1196,0,1196
20213,A,골목상권,3110338,인수초등학교,2122,1050,1072,164,225,210,313,418,792,92,114,103,163,207,371,72,111,107,150,211,421,1213,0,1213
20213,A,골목상권,3110339,국립4.19민주묘지,41,20,21,2,1,5,10,8,15,0,0,1,6,5,8,2,1,4,4,3,7,20,0,20
20213,A,골목상권,3110340,인수중학교,1455,712,743,169,176,143,218,276,473,75,99,71,116,135,216,94,77,72,102,141,257,687,0,687
20213,A,골목상권,3110341,북한산우이역 2번,2221,1062,1159,246,279,265,283,416,732,123,133,144,136,194,332,123,146,121,147,222,400,988,0,988
20213,A,골목상권,3110342,국립재활원,2704,1292,1412,364,408,339,378,476,739,187,204,169,189,217,326,177,204,170,189,259,413,1187,0,1187
20213,A,골목상권,3110343,무너미어린이공원,4656,2278,2378,673,632,594,722,793,1242,341,327,305,366,383,556,332,305,289,356,410,686,1981,0,1981
20213,A,골목상권,3110344,화계중학교,1076,555,521,116,122,127,168,183,360,68,68,70,89,76,184,48,54,57,79,107,176,509,0,509
20213,A,골목상권,3110345,솔밭공원역 2번,2938,1428,1510,379,394,398,415,485,867,211,164,218,222,236,377,168,230,180,193,249,490,1405,0,1405
20213,A,골목상권,3110346,4.19민주묘지역 2번,1212,572,640,141,179,149,175,161,407,74,67,76,94,81,180,67,112,73,81,80,227,618,0,618
20213,A,골목상권,3110347,구세군강북종합사회복지관,1416,708,708,157,232,187,181,301,358,95,110,90,97,142,174,62,122,97,84,159,184,644,0,644
20213,A,골목상권,3110348,강북문화예술회관,3968,1902,2066,438,468,522,542,671,1327,227,224,288,274,319,570,211,244,234,268,352,757,1800,0,1800
20213,A,골목상권,3110349,화계역 2번,1123,536,587,145,149,155,168,198,308,82,61,84,83,94,132,63,88,71,85,104,176,511,0,511
20213,A,골목상권,3110350,가오리역 2번,2831,1390,1441,358,360,336,445,507,825,199,189,176,214,244,368,159,171,160,231,263,457,1299,0,1299
20213,A,골목상권,3110351,수유북부시장옆,2982,1427,1555,342,440,332,423,543,902,168,220,168,220,262,389,174,220,164,203,281,513,1406,0,1406
20213,A,골목상권,3110352,수유1동주민센터,4997,2467,2530,627,673,649,700,855,1493,321,355,349,360,406,676,306,318,300,340,449,817,2418,0,2418
20213,A,골목상권,3110353,수유동우체국,2210,1061,1149,200,326,293,316,373,702,111,157,158,171,177,287,89,169,135,145,196,415,1100,0,1100
20213,A,골목상권,3110354,삼각산119안전센터,421,213,208,89,43,47,95,66,81,52,24,23,41,40,33,37,19,24,54,26,48,159,0,159
20213,A,골목상권,3110355,삼양사거리역 2번,3076,1545,1531,264,361,317,388,580,1166,126,190,181,215,309,524,138,171,136,173,271,642,1654,0,1654
20213,A,골목상권,3110356,덕수교,3240,1528,1712,291,569,412,429,580,959,151,218,234,222,273,430,140,351,178,207,307,529,1631,0,1631
20213,A,골목상권,3110357,가오리역 1번,1698,837,861,171,244,176,218,349,540,85,138,90,111,176,237,86,106,86,107,173,303,809,0,809
20213,A,골목상권,3110358,인수동 우편취급국,3572,1755,1817,318,568,512,513,621,1040,157,286,267,271,324,450,161,282,245,242,297,590,1850,0,1850
20213,A,골목상권,3110359,수유시장옆,6446,3140,3306,597,1132,913,926,1070,1808,294,549,493,475,524,805,303,583,420,451,546,1003,3291,0,3291
20213,A,골목상권,3110360,수유초등학교,4037,1991,2046,433,644,583,576,673,1128,218,304,317,317,336,499,215,340,266,259,337,629,2172,0,2172
20213,A,골목상권,3110361,삼양사거리역 1번,2532,1277,1255,226,338,280,335,503,850,118,174,149,184,260,392,108,164,131,151,243,458,1292,0,1292
20213,A,골목상권,3110362,우이천 계성교,5408,2599,2809,610,786,695,790,973,1554,310,397,380,399,445,668,300,389,315,391,528,886,2541,0,2541
20213,A,골목상권,3110363,송천동주민센터,1003,485,518,37,75,74,140,170,507,17,38,34,79,85,232,20,37,40,61,85,275,669,0,669
20213,A,골목상권,3110364,미아역 8번,4359,2127,2232,398,672,564,608,768,1349,218,312,305,316,383,593,180,360,259,292,385,756,2314,0,2314
20213,A,골목상권,3110365,미아역 5번,4806,2307,2499,471,692,679,729,855,1380,245,334,338,374,401,615,226,358,341,355,454,765,2432,0,2432
20213,A,골목상권,3110366,광산사거리,2047,1045,1002,189,322,268,311,355,602,117,170,157,168,187,246,72,152,111,143,168,356,1091,0,1091
20213,A,골목상권,3110367,강북구청,1786,847,939,141,325,272,229,279,540,68,152,136,132,130,229,73,173,136,97,149,311,1041,0,1041
20213,A,골목상권,3110368,송천초등학교,3655,1831,1824,315,520,362,483,740,1235,162,288,209,255,370,547,153,232,153,228,370,688,1910,0,1910
20213,A,골목상권,3110369,성신여대운정그린캠퍼스,4517,2121,2396,353,912,595,594,734,1329,167,344,337,316,358,599,186,568,258,278,376,730,2544,0,2544
20213,A,골목상권,3110370,도봉세무서,2982,1483,1499,260,415,366,424,587,930,130,218,196,225,288,426,130,197,170,199,299,504,1495,0,1495
20213,A,골목상권,3110371,삼양입구사거리,1633,845,788,128,261,192,236,303,513,73,134,109,129,171,229,55,127,83,107,132,284,930,0,930
20213,A,골목상권,3110372,강북중학교,2880,1383,1497,195,641,423,362,529,730,94,328,222,171,262,306,101,313,201,191,267,424,1632,0,1632
20213,A,골목상권,3110373,수유역 2번,3416,1677,1739,233,645,526,521,564,927,122,276,290,289,284,416,111,369,236,232,280,511,2096,0,2096
20213,A,골목상권,3110374,송중초등학교,5698,2738,2960,539,713,687,887,1088,1784,278,374,366,446,495,779,261,339,321,441,593,1005,2617,0,2617
20213,A,골목상권,3110375,서울북부고용노동지청,2370,1186,1184,262,344,258,362,405,739,138,176,138,194,211,329,124,168,120,168,194,410,1138,0,1138
20213,A,골목상권,3110376,수송초등학교,7975,4020,3955,788,1379,1134,1216,1299,2159,431,708,594,630,685,972,357,671,540,586,614,1187,4334,0,4334
20213,A,골목상권,3110377,미아사거리역 3번,838,424,414,55,103,96,127,169,288,28,53,54,71,95,123,27,50,42,56,74,165,510,0,510
20213,A,골목상권,3110378,송중동주민센터,1802,884,918,159,325,212,237,332,537,85,150,111,127,169,242,74,175,101,110,163,295,982,0,982
20213,A,골목상권,3110379,KT&G 북부지사,961,506,455,97,127,117,136,176,308,54,67,68,77,91,149,43,60,49,59,85,159,497,0,497
20213,A,골목상권,3110380,강북문화정보도서관,2237,1067,1170,281,324,277,347,354,654,143,168,157,175,156,268,138,156,120,172,198,386,1043,0,1043
20213,A,골목상권,3110381,번동주공2단지,954,457,497,103,125,54,125,160,387,54,65,33,64,90,151,49,60,21,61,70,236,438,0,438
20213,A,골목상권,3110382,솔밭공원역 1번,811,385,426,109,112,123,116,127,224,50,49,68,60,59,99,59,63,55,56,68,125,376,0,376
20213,A,골목상권,3110383,덕성여대시반거리,650,269,381,71,166,82,89,71,171,42,38,41,37,32,79,29,128,41,52,39,92,358,0,358
20213,A,골목상권,3110384,문이교,1382,680,702,157,187,169,185,281,403,92,93,92,88,126,189,65,94,77,97,155,214,568,0,568
20213,A,골목상권,3110385,효문고등학교,1624,787,837,160,251,150,223,294,546,71,107,87,122,159,241,89,144,63,101,135,305,786,0,786
20213,A,골목상권,3110386,연산군묘,356,163,193,61,47,28,67,53,100,31,19,14,30,32,37,30,28,14,37,21,63,149,0,149
20213,A,골목상권,3110387,쌍문초등학교,5232,2511,2721,711,755,632,819,883,1432,355,387,318,413,405,633,356,368,314,406,478,799,2276,0,2276
20213,A,골목상권,3110388,도봉우체국,2642,1254,1388,315,361,353,401,445,767,163,174,185,211,189,332,152,187,168,190,256,435,1192,0,1192
20213,A,골목상권,3110389,한일병원,1166,599,567,111,166,193,153,205,338,55,83,109,83,106,163,56,83,84,70,99,175,561,0,561
20213,A,골목상권,3110390,방학초등학교,1725,823,902,239,244,215,237,342,448,125,122,101,109,155,211,114,122,114,128,187,237,746,0,746
20213,A,골목상권,3110391,샘말어린이공원,4840,2414,2426,684,675,546,703,865,1367,345,378,295,359,408,629,339,297,251,344,457,738,2152,0,2152
20213,A,골목상권,3110392,발바닥공원,139,63,76,18,25,11,15,37,33,8,12,4,7,20,12,10,13,7,8,17,21,53,0,53
20213,A,골목상권,3110393,국민은행방학지점,211,108,103,23,27,22,21,41,77,17,16,13,9,21,32,6,11,9,12,20,45,89,0,89
20213,A,골목상권,3110394,방학중학교,7163,3632,3531,836,928,803,1093,1333,2170,457,502,446,559,670,998,379,426,357,534,663,1172,3411,0,3411
20213,A,골목상권,3110395,신한은행 방학동지점,1363,676,687,119,186,168,190,261,439,59,101,96,104,121,195,60,85,72,86,140,244,687,0,687
20213,A,골목상권,3110396,쌍문역1번(쌍리단길),2037,989,1048,150,345,282,320,374,566,73,179,144,162,184,247,77,166,138,158,190,319,1149,0,1149
20213,A,골목상권,3110397,도봉산입구,7518,3786,3732,773,934,808,987,1324,2692,399,513,456,542,627,1249,374,421,352,445,697,1443,3609,0,3609
20213,A,골목상권,3110398,쌍문2동우체국,2979,1438,1541,360,432,437,431,512,807,187,209,228,210,232,372,173,223,209,221,280,435,1349,0,1349
20213,A,골목상권,3110399,창2동주민센터,8082,3876,4206,1196,1184,1023,1332,1463,1884,600,592,508,665,683,828,596,592,515,667,780,1056,3469,0,3469
20213,A,골목상권,3110400,도봉구보건소,4057,2016,2041,487,510,538,592,694,1236,260,263,286,319,324,564,227,247,252,273,370,672,1925,0,1925
20213,A,골목상권,3110401,도봉구민회관,686,346,340,66,118,103,94,114,191,35,64,64,50,54,79,31,54,39,44,60,112,338,0,338
20213,A,골목상권,3110402,도봉구 정병원,3210,1602,1608,370,438,411,414,627,950,200,232,217,224,312,417,170,206,194,190,315,533,1499,0,1499
20213,A,골목상권,3110403,방학1동주민센터,6007,3009,2998,603,796,652,806,1165,1985,304,413,352,418,602,920,299,383,300,388,563,1065,3104,0,3104
20213,A,골목상권,3110404,신창초등학교,10207,5135,5072,1266,1397,1185,1529,1900,2930,660,731,644,799,940,1361,606,666,541,730,960,1569,4828,0,4828
20213,A,골목상권,3110405,방학역 1번,6796,3454,3342,644,874,685,989,1297,2307,322,462,360,527,691,1092,322,412,325,462,606,1215,3425,0,3425
20213,A,골목상권,3110406,도봉산역 1번,1568,805,763,137,184,188,234,300,525,70,102,105,130,163,235,67,82,83,104,137,290,780,0,780
20213,A,골목상권,3110407,도봉역 2번,6463,3328,3135,574,798,720,880,1217,2274,301,424,403,472,623,1105,273,374,317,408,594,1169,3354,0,3354
20213,A,골목상권,3110408,가인초등학교,1204,553,651,112,276,287,157,183,189,55,125,140,68,84,81,57,151,147,89,99,108,649,0,649
20213,A,골목상권,3110409,창동역 2번,2744,1326,1418,308,443,371,381,532,709,158,227,195,182,243,321,150,216,176,199,289,388,1286,0,1286
20213,A,골목상권,3110410,방학역 2번,2564,1331,1233,185,429,412,405,440,693,105,179,205,223,272,347,80,250,207,182,168,346,1650,0,1650
20213,A,골목상권,3110411,도봉역 3번,1523,776,747,146,187,194,166,304,526,75,101,112,90,155,243,71,86,82,76,149,283,768,0,768
20213,A,골목상권,3110412,창동중학교,379,188,191,58,61,65,43,73,79,25,36,31,22,33,41,33,25,34,21,40,38,154,0,154
20213,A,골목상권,3110413,누원고등학교,1963,922,1041,216,353,403,287,264,440,115,143,193,148,127,196,101,210,210,139,137,244,1047,0,1047
20213,A,골목상권,3110414,장석교회,1035,532,503,172,137,78,170,187,291,88,73,47,94,92,138,84,64,31,76,95,153,465,0,465
20213,A,골목상권,3110415,수락산역 4번,5054,2558,2496,657,752,675,785,874,1311,342,400,368,391,437,620,315,352,307,394,437,691,2328,0,2328
20213,A,골목상권,3110416,노원초등학교,2453,1168,1285,392,362,286,369,453,591,181,185,146,170,210,276,211,177,140,199,243,315,920,0,920
20213,A,골목상권,3110417,월계역 3번,1007,530,477,102,190,114,125,159,317,54,103,62,78,88,145,48,87,52,47,71,172,590,0,590
20213,A,골목상권,3110418,광운대학교 남단,1447,802,645,138,354,140,188,211,416,79,228,88,100,117,190,59,126,52,88,94,226,824,0,824
20213,A,골목상권,3110419,수락산디자인거리,3030,1500,1530,330,464,354,417,589,876,174,240,187,203,288,408,156,224,167,214,301,468,1365,0,1365
20213,A,골목상권,3110420,광운대역 1번,1414,800,614,135,435,131,170,209,334,70,279,70,93,126,162,65,156,61,77,83,172,856,0,856
20213,A,골목상권,3110421,석계역 1번,1266,673,593,108,150,151,172,231,454,59,86,93,97,130,208,49,64,58,75,101,246,735,0,735
20213,A,골목상권,3110422,노원역 9번,920,439,481,148,139,98,169,176,190,70,64,43,87,83,92,78,75,55,82,93,98,354,0,354
20213,A,골목상권,3110423,석계역 2번,445,236,209,57,60,53,68,89,118,27,34,29,40,46,60,30,26,24,28,43,58,229,0,229
20213,A,골목상권,3110424,상계초등학교,2879,1452,1427,349,463,339,416,528,784,179,244,181,208,265,375,170,219,158,208,263,409,1378,0,1378
20213,A,골목상권,3110425,계상초등학교,3522,1765,1757,439,477,362,550,616,1078,220,268,220,278,309,470,219,209,142,272,307,608,1627,0,1627
20213,A,골목상권,3110426,상계2동주민센터,4097,2058,2039,370,660,510,571,761,1225,190,337,294,302,392,543,180,323,216,269,369,682,2202,0,2202
20213,A,골목상권,3110427,노원 을지대학교병원,599,297,302,100,106,66,81,106,140,48,62,32,39,54,62,52,44,34,42,52,78,216,0,216
20213,A,골목상권,3110428,상계5동주민센터,8437,4198,4239,841,1155,820,1237,1540,2844,409,633,447,627,794,1288,432,522,373,610,746,1556,4351,0,4351
20213,A,골목상권,3110429,공릉동 국수거리,4744,2311,2433,457,972,762,612,763,1178,221,430,384,352,364,560,236,542,378,260,399,618,2470,0,2470
20213,A,골목상권,3110430,중계초등학교,48,23,25,6,3,4,12,6,17,1,3,4,4,4,7,5,0,0,8,2,10,25,0,25
20213,A,골목상권,3110431,상계역,922,502,420,111,141,108,153,179,230,49,77,63,82,106,125,62,64,45,71,73,105,466,0,466
20213,A,골목상권,3110432,대진고등학교,1906,973,933,277,478,212,249,313,377,149,263,118,116,147,180,128,215,94,133,166,197,906,0,906
20213,A,골목상권,3110433,공릉역 2번,4310,2229,2081,336,1396,557,485,577,959,167,789,316,253,276,428,169,607,241,232,301,531,2643,0,2643
20213,A,골목상권,3110434,태릉입구역 4번,1598,791,807,153,320,257,190,251,427,75,133,151,103,127,202,78,187,106,87,124,225,862,0,862
20213,A,골목상권,3110435,서울과학기술대,291,149,142,35,68,30,53,42,63,20,29,14,30,25,31,15,39,16,23,17,32,146,0,146
20213,A,골목상권,3110436,상계제일중학교,1595,792,803,274,238,136,274,309,364,153,133,71,110,165,160,121,105,65,164,144,204,633,0,633
20213,A,골목상권,3110437,당고개역 2번,1655,838,817,176,181,167,238,286,607,96,91,92,124,152,283,80,90,75,114,134,324,823,0,823
20213,A,골목상권,3110438,경춘선숲길 우측,3531,1909,1622,320,1430,429,363,392,597,166,833,233,185,202,290,154,597,196,178,190,307,2292,0,2292
20213,A,골목상권,3110439,당고개역 5번,3932,1944,1988,471,484,441,590,710,1236,255,271,235,307,359,517,216,213,206,283,351,719,1835,0,1835
20213,A,골목상권,3110440,상계3동4동주민센터,1554,804,750,170,194,155,243,270,522,85,107,91,135,145,241,85,87,64,108,125,281,750,0,750
20213,A,골목상권,3110441,영신여고,2203,1063,1140,456,305,206,391,380,465,237,152,105,166,198,205,219,153,101,225,182,260,856,0,856
20213,A,골목상권,3110442,화랑대철도공원,384,98,286,70,155,33,35,38,53,21,14,12,16,17,18,49,141,21,19,21,35,234,0,234
20213,A,골목상권,3110443,수색역 1번,17,12,5,0,2,1,1,1,12,0,2,1,1,1,7,0,0,0,0,0,5,12,0,12
20213,A,골목상권,3110444,수색성당,540,254,286,67,77,87,70,89,150,31,40,40,37,44,62,36,37,47,33,45,88,219,0,219
20213,A,골목상권,3110445,덕산중학교,1685,811,874,253,248,241,245,274,424,134,127,128,122,122,178,119,121,113,123,152,246,716,0,716
20213,A,골목상권,3110446,내를건너서숲으로도서관,1879,914,965,188,204,211,269,319,688,96,98,108,138,164,310,92,106,103,131,155,378,936,0,936
20213,A,골목상권,3110447,구산초등학교,1640,764,876,233,198,215,267,260,467,113,94,110,131,119,197,120,104,105,136,141,270,758,0,758
20213,A,골목상권,3110448,상신초등학교입구,2604,1307,1297,361,386,381,387,450,639,195,201,211,197,220,283,166,185,170,190,230,356,1145,0,1145
20213,A,골목상권,3110449,증산역 3번,5119,2441,2678,640,712,641,746,844,1536,323,341,324,360,418,675,317,371,317,386,426,861,2367,0,2367
20213,A,골목상권,3110450,시립서북병원,7856,3710,4146,1148,1117,1100,1307,1283,1901,565,521,534,651,585,854,583,596,566,656,698,1047,3281,0,3281
20213,A,골목상권,3110451,증산역 4번,5413,2652,2761,616,743,728,784,926,1616,288,376,383,388,457,760,328,367,345,396,469,856,2491,0,2491
20213,A,골목상권,3110452,새절역 3번,2769,1372,1397,312,443,368,391,430,825,173,212,189,207,218,373,139,231,179,184,212,452,1375,0,1375
20213,A,골목상권,3110453,신사1동주민센터,8079,3921,4158,929,1181,1221,1241,1272,2235,478,603,628,636,590,986,451,578,593,605,682,1249,3890,0,3890
20213,A,골목상권,3110454,선정중학교,5928,2787,3141,879,835,813,1022,942,1437,440,375,416,491,456,609,439,460,397,531,486,828,2535,0,2535
20213,A,골목상권,3110455,역촌노인복지관,8159,3837,4322,1072,1099,1130,1351,1419,2088,526,528,535,673,687,888,546,571,595,678,732,1200,3763,0,3763
20213,A,골목상권,3110456,구산보건지소,8265,3920,4345,1214,1227,1124,1351,1356,1993,596,624,567,638,638,857,618,603,557,713,718,1136,3437,0,3437
20213,A,골목상권,3110457,예일여고,4310,1999,2311,536,678,584,666,751,1095,248,319,296,316,350,470,288,359,288,350,401,625,1882,0,1882
20213,A,골목상권,3110458,선일여고,5314,2507,2807,719,902,680,811,955,1247,382,444,341,383,421,536,337,458,339,428,534,711,2329,0,2329
20213,A,골목상권,3110459,응암역 2번,4917,2297,2620,705,696,633,838,804,1241,357,338,300,415,351,536,348,358,333,423,453,705,2094,0,2094
20213,A,골목상권,3110460,구산역 4번,5404,2541,2863,716,799,686,904,895,1404,345,396,344,441,403,612,371,403,342,463,492,792,2394,0,2394
20213,A,골목상권,3110461,새절역 2번,1694,796,898,162,232,276,245,258,521,88,95,150,122,121,220,74,137,126,123,137,301,880,0,880
20213,A,골목상권,3110462,갈현건영아파트,5875,2887,2988,611,885,700,810,1061,1808,322,477,376,429,487,796,289,408,324,381,574,1012,2879,0,2879
20213,A,골목상권,3110463,응암3동주민센터,2140,1021,1119,178,262,291,327,376,706,97,136,143,168,200,277,81,126,148,159,176,429,1236,0,1236
20213,A,골목상권,3110464,연신내역 5번,4286,2019,2267,481,711,653,688,705,1048,256,342,333,329,318,441,225,369,320,359,387,607,2154,0,2154
20213,A,골목상권,3110465,연신내역 7번,2656,1245,1411,296,480,442,402,368,668,143,215,236,204,158,289,153,265,206,198,210,379,1335,0,1335
20213,A,골목상권,3110466,구산역 2번,4069,1900,2169,475,592,591,634,706,1071,236,275,300,297,330,462,239,317,291,337,376,609,1938,0,1938
20213,A,골목상권,3110467,은평요양병원,1312,624,688,112,308,236,160,160,336,65,114,122,87,77,159,47,194,114,73,83,177,776,0,776
20213,A,골목상권,3110468,응암역 3번,11333,5296,6037,1474,1594,1704,1809,1835,2917,739,775,796,906,845,1235,735,819,908,903,990,1682,5100,0,5100
20213,A,골목상권,3110469,응암정보도서관,7107,3546,3561,688,1014,816,942,1310,2337,374,519,462,493,675,1023,314,495,354,449,635,1314,3710,0,3710
20213,A,골목상권,3110470,신진과학기술고등학교,2133,984,1149,373,281,362,370,270,477,183,136,158,174,123,210,190,145,204,196,147,267,971,0,971
20213,A,골목상권,3110471,응암동우체국,4781,2356,2425,527,618,649,683,829,1475,275,330,328,364,429,630,252,288,321,319,400,845,2292,0,2292
20213,A,골목상권,3110472,연신내역 4번,5375,2529,2846,529,933,823,768,903,1419,235,444,420,369,437,624,294,489,403,399,466,795,2742,0,2742
20213,A,골목상권,3110473,구산역 1번,9318,4365,4953,1239,1299,1213,1566,1483,2518,614,617,584,780,710,1060,625,682,629,786,773,1458,4409,0,4409
20213,A,골목상권,3110474,세명컴퓨터고등학교,4640,2273,2367,470,798,665,639,814,1254,236,402,359,336,352,588,234,396,306,303,462,666,2247,0,2247
20213,A,골목상권,3110475,백련산해모로아파트,3153,1511,1642,482,409,395,538,517,812,251,199,195,269,262,335,231,210,200,269,255,477,1420,0,1420
20213,A,골목상권,3110476,역촌역 2번,1195,560,635,128,172,177,185,205,328,74,67,88,88,109,134,54,105,89,97,96,194,591,0,591
20213,A,골목상권,3110477,은평세무서,3078,1452,1626,411,404,422,497,498,846,198,202,221,232,240,359,213,202,201,265,258,487,1409,0,1409
20213,A,골목상권,3110478,응암1동주민센터,3271,1579,1692,408,412,407,538,583,923,212,218,216,258,285,390,196,194,191,280,298,533,1584,0,1584
20213,A,골목상권,3110479,연신내역 2번,3620,1760,1860,292,525,438,466,600,1299,156,275,223,241,281,584,136,250,215,225,319,715,1915,0,1915
20213,A,골목상권,3110480,연신내역 3번,3096,1481,1615,259,502,482,410,531,912,143,264,246,199,233,396,116,238,236,211,298,516,1554,0,1554
20213,A,골목상권,3110481,불광역 7번,3183,1475,1708,261,643,502,455,486,836,138,275,246,227,224,365,123,368,256,228,262,471,1750,0,1750
20213,A,골목상권,3110482,연신초등학교,1532,733,799,142,193,177,225,299,496,69,101,90,115,139,219,73,92,87,110,160,277,780,0,780
20213,A,골목상권,3110483,연천초등학교,3179,1487,1692,328,505,450,449,552,895,170,231,222,227,258,379,158,274,228,222,294,516,1585,0,1585
20213,A,골목상권,3110484,역촌역 3번,7996,3876,4120,854,1034,1173,1248,1338,2349,424,500,623,665,657,1007,430,534,550,583,681,1342,4081,0,4081
20213,A,골목상권,3110485,연신내우체국,2687,1268,1419,334,361,377,385,453,777,167,182,194,187,206,332,167,179,183,198,247,445,1231,0,1231
20213,A,골목상권,3110486,은평구청,1952,935,1017,257,278,298,361,299,459,128,131,152,184,147,193,129,147,146,177,152,266,931,0,931
20213,A,골목상권,3110487,불광역 8번,316,161,155,25,35,42,40,48,126,18,21,18,21,25,58,7,14,24,19,23,68,200,0,200
20213,A,골목상권,3110488,우리은행응암동지점,3135,1499,1636,415,423,461,480,523,833,210,212,234,243,245,355,205,211,227,237,278,478,1384,0,1384
20213,A,골목상권,3110489,불광역 3번,1305,602,703,108,222,195,156,210,414,53,110,93,79,94,173,55,112,102,77,116,241,709,0,709
20213,A,골목상권,3110490,녹번동근린공원,5043,2428,2615,526,753,699,788,811,1466,290,378,352,411,370,627,236,375,347,377,441,839,2447,0,2447
20213,A,골목상권,3110491,불광중학교,1353,688,665,145,192,144,187,247,438,89,107,79,103,115,195,56,85,65,84,132,243,651,0,651
20213,A,골목상권,3110492,하나고등학교,528,277,251,80,93,49,85,117,104,48,59,24,39,63,44,32,34,25,46,54,60,227,0,227
20213,A,골목상권,3110493,북가좌초등학교,1328,638,690,148,195,190,177,227,391,70,96,93,95,104,180,78,99,97,82,123,211,613,0,613
20213,A,골목상권,3110494,증산3교남측,814,401,413,99,117,119,109,152,218,52,58,63,52,72,104,47,59,56,57,80,114,363,0,363
20213,A,골목상권,3110495,북가좌2동주민센터,6253,3030,3223,708,895,824,1016,993,1817,377,454,415,513,475,796,331,441,409,503,518,1021,3036,0,3036
20213,A,골목상권,3110496,모래내우체국,2057,983,1074,235,300,243,293,334,652,104,151,131,140,172,285,131,149,112,153,162,367,967,0,967
20213,A,골목상권,3110497,가좌역 3번,179,99,80,4,8,16,18,34,99,2,5,10,15,14,53,2,3,6,3,20,46,135,0,135
20213,A,골목상권,3110498,증산역 1번,3463,1700,1763,330,511,511,479,578,1054,169,276,269,242,265,479,161,235,242,237,313,575,1638,0,1638
20213,A,골목상권,3110499,연가초등학교,6065,2991,3074,857,1075,761,947,998,1427,455,556,414,468,464,634,402,519,347,479,534,793,2724,0,2724
20213,A,골목상권,3110500,남가좌동현대아파트,706,348,358,167,74,131,137,87,110,86,38,65,74,38,47,81,36,66,63,49,63,247,0,247
20213,A,골목상권,3110501,연희어린이공원,1321,634,687,115,227,241,177,191,370,60,110,110,91,89,174,55,117,131,86,102,196,664,0,664
20213,A,골목상권,3110502,남가좌파출소,3811,1841,1970,457,546,499,603,578,1128,238,258,236,319,300,490,219,288,263,284,278,638,1922,0,1922
20213,A,골목상권,3110503,명지대학교교회,5025,2521,2504,537,1317,607,669,775,1120,276,670,346,322,402,505,261,647,261,347,373,615,2865,0,2865
20213,A,골목상권,3110504,명지전문대,223,112,111,32,32,17,51,39,52,17,16,9,25,22,23,15,16,8,26,17,29,99,0,99
20213,A,골목상권,3110505,홍남교남측,150,78,72,17,23,18,21,24,47,11,13,11,11,11,21,6,10,7,10,13,26,77,0,77
20213,A,골목상권,3110506,연희임광아파트,536,253,283,37,142,142,71,50,94,14,60,76,33,21,49,23,82,66,38,29,45,354,0,354
20213,A,골목상권,3110507,명지대학교,6472,3098,3374,670,1284,834,881,1006,1797,333,594,457,439,489,786,337,690,377,442,517,1011,3598,0,3598
20213,A,골목상권,3110508,서연중학교,2124,966,1158,283,292,319,358,291,581,134,144,148,155,129,256,149,148,171,203,162,325,949,0,949
20213,A,골목상권,3110509,연희대우아파트앞,3661,1854,1807,495,1020,772,456,371,547,301,494,405,246,169,239,194,526,367,210,202,308,2210,0,2210
20213,A,골목상권,3110510,홍연시장,1123,552,571,110,160,119,163,193,378,60,82,60,89,95,166,50,78,59,74,98,212,511,0,511
20213,A,골목상권,3110511,연희초등학교,5867,3147,2720,432,2347,1029,647,549,863,230,1368,571,325,268,385,202,979,458,322,281,478,3984,0,3984
20213,A,골목상권,3110512,연희지하차도,3398,1604,1794,382,563,480,524,534,915,194,272,229,265,267,377,188,291,251,259,267,538,1743,0,1743
20213,A,골목상권,3110513,연희파출소,991,455,536,166,172,149,178,127,199,81,73,72,85,50,94,85,99,77,93,77,105,489,0,489
20213,A,골목상권,3110514,서대문우체국,2037,1072,965,74,951,349,162,176,325,42,512,200,80,97,141,32,439,149,82,79,184,1583,0,1583
20213,A,골목상권,3110515,홍은중학교,2539,1226,1313,295,345,294,398,428,779,162,186,145,199,195,339,133,159,149,199,233,440,1163,0,1163
20213,A,골목상권,3110516,정원여중,1128,533,595,144,154,157,175,213,285,59,79,84,89,93,129,85,75,73,86,120,156,468,0,468
20213,A,골목상권,3110517,서대문소방서,866,397,469,125,197,104,120,139,181,60,91,48,55,65,78,65,106,56,65,74,103,430,0,430
20213,A,골목상권,3110518,서대문구청,519,233,286,58,80,66,68,95,152,30,34,38,28,43,60,28,46,28,40,52,92,242,0,242
20213,A,골목상권,3110519,서대문구보건소별관,3975,1814,2161,594,508,438,634,673,1128,260,254,211,306,329,454,334,254,227,328,344,674,1696,0,1696
20213,A,골목상권,3110520,경의중앙 신촌역,1522,719,803,83,594,230,131,167,317,38,253,147,64,84,133,45,341,83,67,83,184,1101,0,1101
20213,A,골목상권,3110521,홍제역 4번,886,416,470,86,121,123,121,158,277,43,56,64,59,73,121,43,65,59,62,85,156,490,0,490
20213,A,골목상권,3110522,홍제역 3번,1328,601,727,115,197,164,199,209,444,51,97,78,102,89,184,64,100,86,97,120,260,654,0,654
20213,A,골목상권,3110523,홍제성원아파트,522,249,273,55,82,65,80,86,154,28,37,34,44,39,67,27,45,31,36,47,87,227,0,227
20213,A,골목상권,3110524,연희세브란스병원,233,100,133,19,94,41,25,15,39,7,34,17,13,8,21,12,60,24,12,7,18,174,0,174
20213,A,골목상권,3110525,홍은종합사회복지관,578,279,299,100,54,83,96,79,166,49,26,42,46,43,73,51,28,41,50,36,93,251,0,251
20213,A,골목상권,3110526,봉원사,1199,499,700,117,395,176,123,150,238,55,122,80,57,81,104,62,273,96,66,69,134,773,0,773
20213,A,골목상권,3110527,홍제역 2번,1923,914,1009,175,285,275,250,350,588,88,147,139,123,173,244,87,138,136,127,177,344,993,0,993
20213,A,골목상권,3110528,서울여자간호대학교,1547,759,788,224,218,245,210,219,431,118,113,133,112,109,174,106,105,112,98,110,257,711,0,711
20213,A,골목상권,3110529,홍제3동주민센터,3374,1605,1769,300,427,339,471,584,1253,148,213,179,246,292,527,152,214,160,225,292,726,1765,0,1765
20213,A,골목상권,3110530,아현역 1번,247,128,119,15,32,31,29,47,93,9,13,17,15,27,47,6,19,14,14,20,46,169,0,169
20213,A,골목상권,3110531,홍지문,410,197,213,31,95,48,53,66,117,16,38,30,28,33,52,15,57,18,25,33,65,228,0,228
20213,A,골목상권,3110532,아현역 2번,2046,986,1060,174,309,223,319,386,635,79,155,117,170,206,259,95,154,106,149,180,376,1212,0,1212
20213,A,골목상권,3110533,충정로역 7번,1093,574,519,72,177,150,163,212,319,38,104,86,83,121,142,34,73,64,80,91,177,650,0,650
20213,A,골목상권,3110534,경기대학교,1614,805,809,162,297,209,196,283,467,83,149,118,108,147,200,79,148,91,88,136,267,871,0,871
20213,A,골목상권,3110535,영천시장입구,1293,597,696,103,215,152,180,214,429,46,106,79,89,111,166,57,109,73,91,103,263,726,0,726
20213,A,골목상권,3110536,돈의문센트레빌아파트입구,690,350,340,45,147,88,98,137,175,23,67,49,56,67,88,22,80,39,42,70,87,399,0,399
20213,A,골목상권,3110537,충정로현대아파트,1051,477,574,129,233,210,161,114,204,55,92,100,78,57,95,74,141,110,83,57,109,607,0,607
20213,A,골목상권,3110538,충정로역 3번,422,190,232,15,88,136,65,39,79,4,37,64,31,20,34,11,51,72,34,19,45,297,0,297
20213,A,골목상권,3110539,미근동,460,238,222,21,83,94,55,64,143,9,51,49,34,32,63,12,32,45,21,32,80,314,0,314
20213,A,골목상권,3110540,망원나들목체육관,2776,1378,1398,342,416,499,456,426,637,167,201,262,232,234,282,175,215,237,224,192,355,1320,0,1320
20213,A,골목상권,3110541,동교초등학교,4944,2304,2640,739,750,751,854,718,1132,356,349,365,418,333,483,383,401,386,436,385,649,2229,0,2229
20213,A,골목상권,3110542,마포구청역 7번,5276,2502,2774,694,875,863,860,817,1167,346,401,411,431,408,505,348,474,452,429,409,662,2483,0,2483
20213,A,골목상권,3110543,중암중학교,994,493,501,167,150,157,168,131,221,88,86,84,77,68,90,79,64,73,91,63,131,493,0,493
20213,A,골목상권,3110544,망리단길,12727,5888,6839,1364,2275,2489,1939,1754,2906,680,1041,1155,931,856,1225,684,1234,1334,1008,898,1681,6618,0,6618
20213,A,골목상권,3110545,마포구청역 1번,5110,1723,3387,259,2037,1457,614,371,372,112,453,532,277,179,170,147,1584,925,337,192,202,3987,0,3987
20213,A,골목상권,3110546,양화대교북단,2596,1249,1347,256,493,567,387,335,558,117,233,285,192,171,251,139,260,282,195,164,307,1357,0,1357
20213,A,골목상권,3110547,KB국민은행 망원동지점,2491,1171,1320,327,405,342,396,368,653,166,193,166,188,182,276,161,212,176,208,186,377,1165,0,1165
20213,A,골목상권,3110548,마포구청역 4번,2724,1252,1472,286,494,530,450,421,543,158,202,247,201,215,229,128,292,283,249,206,314,1437,0,1437
20213,A,골목상권,3110549,새터산,2629,1260,1369,351,413,439,433,361,632,180,194,206,227,173,280,171,219,233,206,188,352,1262,0,1262
20213,A,골목상권,3110550,합정역 8번,5796,2583,3213,608,1144,1237,876,753,1178,287,466,568,405,351,506,321,678,669,471,402,672,3047,0,3047
20213,A,골목상권,3110551,성서초등학교,4111,1881,2230,689,619,617,810,584,792,307,293,268,369,282,362,382,326,349,441,302,430,1840,0,1840
20213,A,골목상권,3110552,성미산체육관,2263,1073,1190,276,347,367,351,360,562,136,157,190,170,172,248,140,190,177,181,188,314,1133,0,1133
20213,A,골목상권,3110553,가좌역 2번,3390,1673,1717,374,526,557,525,530,878,207,263,295,256,266,386,167,263,262,269,264,492,1770,0,1770
20213,A,골목상권,3110554,망원역 1번,4439,1991,2448,434,801,880,726,618,980,216,326,384,337,310,418,218,475,496,389,308,562,2550,0,2550
20213,A,골목상권,3110555,홍익지구대,255,117,138,25,50,53,41,36,50,16,18,22,20,19,22,9,32,31,21,17,28,130,0,130
20213,A,골목상권,3110556,절두산순교성지,969,458,511,71,177,201,140,134,246,31,85,105,71,59,107,40,92,96,69,75,139,540,0,540
20213,A,골목상권,3110557,홍대부속여중고앞,3220,1462,1758,348,580,640,630,438,584,170,255,301,297,194,245,178,325,339,333,244,339,1775,0,1775
20213,A,골목상권,3110558,경성고등학교,8597,4089,4508,941,1502,1610,1376,1226,1942,473,719,805,697,554,841,468,783,805,679,672,1101,4349,0,4349
20213,A,골목상권,3110559,성산중학교,2482,1154,1328,207,503,550,349,325,548,105,230,283,166,148,222,102,273,267,183,177,326,1347,0,1347
20213,A,골목상권,3110560,마포FM,1546,739,807,139,347,293,230,208,329,67,162,139,120,102,149,72,185,154,110,106,180,874,0,874
20213,A,골목상권,3110561,상수역 4번,2175,1036,1139,127,546,510,280,269,443,59,260,258,150,121,188,68,286,252,130,148,255,1379,0,1379
20213,A,골목상권,3110562,연트럴파크(연남동주민센터),2902,1360,1542,293,585,596,470,362,596,161,296,282,217,161,243,132,289,314,253,201,353,1601,0,1601
20213,A,골목상권,3110563,상수역 3번,713,342,371,54,209,150,95,71,134,27,98,74,49,36,58,27,111,76,46,35,76,453,0,453
20213,A,골목상권,3110564,홍대입구역 3번,571,250,321,38,161,125,84,58,105,18,58,66,39,28,41,20,103,59,45,30,64,398,0,398
20213,A,골목상권,3110565,홍익대,1544,779,765,93,628,276,160,170,217,45,341,144,85,78,86,48,287,132,75,92,131,1065,0,1065
20213,A,골목상권,3110566,경의선책거리,1846,859,987,117,493,430,246,223,337,64,209,217,123,101,145,53,284,213,123,122,192,1223,0,1223
20213,A,골목상권,3110567,광흥창역 6번,298,144,154,17,82,62,43,24,70,8,38,25,24,15,34,9,44,37,19,9,36,202,0,202
20213,A,골목상권,3110568,광흥창역 1번,329,175,154,62,56,43,54,51,63,38,30,25,23,31,28,24,26,18,31,20,35,150,0,150
20213,A,골목상권,3110569,홍대땡땡거리,1907,914,993,99,606,377,247,227,351,55,291,184,123,115,146,44,315,193,124,112,205,1348,0,1348
20213,A,골목상권,3110570,KB국민은행 서강지점,501,246,255,68,54,100,96,71,112,31,31,46,48,34,56,37,23,54,48,37,56,255,0,255
20213,A,골목상권,3110571,신수동주민센터,2323,1130,1193,270,350,338,339,381,645,144,177,179,164,193,273,126,173,159,175,188,372,1172,0,1172
20213,A,골목상권,3110572,서강대역 1번,2848,1525,1323,180,953,438,362,333,582,100,562,256,182,181,244,80,391,182,180,152,338,1946,0,1946
20213,A,골목상권,3110573,신촌역 6번,191,93,98,12,62,41,23,15,38,6,31,22,8,10,16,6,31,19,15,5,22,143,0,143
20213,A,골목상권,3110574,서강대학교,174,96,78,14,56,25,31,22,26,6,31,15,19,14,11,8,25,10,12,8,15,107,0,107
20213,A,골목상권,3110575,대흥동주민센터,2613,1296,1317,146,598,379,365,360,765,80,287,220,198,184,327,66,311,159,167,176,438,1876,0,1876
20213,A,골목상권,3110576,대흥역 3번,1118,567,551,144,140,179,170,158,327,74,83,93,93,78,146,70,57,86,77,80,181,592,0,592
20213,A,골목상권,3110577,용강동주민센터,946,441,505,137,107,111,178,163,250,67,51,54,84,79,106,70,56,57,94,84,144,472,0,472
20213,A,골목상권,3110578,대흥역 2번,2721,1346,1375,253,497,343,365,476,787,132,243,191,186,252,342,121,254,152,179,224,445,1618,0,1618
20213,A,골목상권,3110579,마포역 4번,791,415,376,56,155,178,125,106,171,32,81,98,75,56,73,24,74,80,50,50,98,469,0,469
20213,A,골목상권,3110580,양원초등학교,1267,634,633,68,347,195,130,175,352,39,175,105,75,92,148,29,172,90,55,83,204,824,0,824
20213,A,골목상권,3110581,염리초등학교,292,143,149,94,16,44,82,24,32,52,7,18,41,14,11,42,9,26,41,10,21,99,0,99
20213,A,골목상권,3110582,이대역 5번,1393,675,718,71,451,188,153,184,346,31,197,104,79,102,162,40,254,84,74,82,184,1021,0,1021
20213,A,골목상권,3110583,공덕래미안3차아파트,174,80,94,17,47,34,25,13,38,11,14,20,11,9,15,6,33,14,14,4,23,111,0,111
20213,A,골목상권,3110584,아현역 4번,57,25,32,0,13,7,7,8,22,0,6,3,2,4,10,0,7,4,5,4,12,39,0,39
20213,A,골목상권,3110585,마포경찰서,222,104,118,48,21,88,34,15,16,26,5,39,21,5,8,22,16,49,13,10,8,93,0,93
20213,A,골목상권,3110586,서울서부지방법원,1520,734,786,62,354,387,216,210,291,32,130,183,120,130,139,30,224,204,96,80,152,1165,0,1165
20213,A,골목상권,3110587,공덕동주민센터,3405,1419,1986,211,899,615,438,440,802,104,252,274,220,226,343,107,647,341,218,214,459,2427,0,2427
20213,A,골목상권,3110588,한겨레신문사,2908,1378,1530,276,596,481,423,480,652,148,250,257,201,226,296,128,346,224,222,254,356,1569,0,1569
20213,A,골목상권,3110589,애오개역 3번,1726,853,873,145,270,269,219,303,520,76,148,147,120,144,218,69,122,122,99,159,302,847,0,847
20213,A,골목상권,3110590,만리재,2315,1133,1182,209,386,272,363,456,629,107,199,155,183,231,258,102,187,117,180,225,371,1212,0,1212
20213,A,골목상권,3110591,충정로역 6번,2292,1187,1105,197,343,261,284,452,755,103,206,147,156,228,347,94,137,114,128,224,408,1150,0,1150
20213,A,골목상권,3110592,서울금융고등학교,1209,611,598,144,178,125,163,242,357,83,91,73,83,121,160,61,87,52,80,121,197,565,0,565
20213,A,골목상권,3110593,신월3동주민센터,6488,3555,2933,562,746,737,936,1367,2140,301,369,415,568,811,1091,261,377,322,368,556,1049,3863,0,3863
20213,A,골목상권,3110594,신월중학교,3348,1641,1707,635,423,435,552,554,749,337,212,218,270,261,343,298,211,217,282,293,406,1263,0,1263
20213,A,골목상권,3110595,메디힐병원,5754,2863,2891,625,831,780,803,1041,1674,325,424,420,404,494,796,300,407,360,399,547,878,2719,0,2719
20213,A,골목상권,3110596,서서울호수공원,3474,1713,1761,457,476,482,527,636,896,241,236,236,281,312,407,216,240,246,246,324,489,1587,0,1587
20213,A,골목상권,3110597,신월1동주민센터,6200,3206,2994,634,800,781,899,1218,1868,325,424,440,474,626,917,309,376,341,425,592,951,3070,0,3070
20213,A,골목상권,3110598,신월문화체육센터,3093,1486,1607,348,407,353,447,539,999,173,215,188,231,255,424,175,192,165,216,284,575,1385,0,1385
20213,A,골목상권,3110599,신월1파출소,4226,2151,2075,482,590,540,607,791,1216,262,299,295,310,414,571,220,291,245,297,377,645,1946,0,1946
20213,A,골목상권,3110600,신월7동주민센터,4497,2204,2293,409,615,483,616,839,1535,212,312,260,326,435,659,197,303,223,290,404,876,2225,0,2225
20213,A,골목상권,3110601,신월1동우편취급국,6643,3416,3227,792,851,967,1020,1198,1815,395,461,522,541,633,864,397,390,445,479,565,951,3198,0,3198
20213,A,골목상권,3110602,신월시영아파트중문,1306,643,663,117,179,126,177,271,436,59,85,71,86,141,201,58,94,55,91,130,235,632,0,632
20213,A,골목상권,3110603,지향초등학교,311,147,164,49,37,26,41,62,96,17,20,17,20,28,45,32,17,9,21,34,51,133,0,133
20213,A,골목상권,3110604,신월4동주민센터,6868,3400,3468,1210,811,953,1178,979,1737,616,426,475,608,473,802,594,385,478,570,506,935,2626,0,2626
20213,A,골목상권,3110605,목동센트럴아이파크앞,1240,600,640,191,142,163,204,191,349,88,75,87,100,98,152,103,67,76,104,93,197,531,0,531
20213,A,골목상권,3110606,신한은행 신월동지점,7176,3489,3687,1056,901,894,1113,1224,1988,554,462,440,568,582,883,502,439,454,545,642,1105,2708,0,2708
20213,A,골목상권,3110607,금빛새마을금고본점,805,399,406,84,102,111,107,122,279,37,50,62,55,67,128,47,52,49,52,55,151,389,0,389
20213,A,골목상권,3110608,신월2동주민센터,8507,4178,4329,1213,1102,1150,1304,1385,2353,616,554,590,656,681,1081,597,548,560,648,704,1272,3561,0,3561
20213,A,골목상권,3110609,신정네거리역 2번,2450,1172,1278,335,347,317,401,398,652,172,158,166,186,197,293,163,189,151,215,201,359,1086,0,1086
20213,A,골목상권,3110610,계남근린공원,2915,1486,1429,298,413,321,416,540,927,165,236,178,226,255,426,133,177,143,190,285,501,1428,0,1428
20213,A,골목상권,3110611,신정역 1번,4648,2313,2335,607,673,720,770,710,1168,323,342,389,394,335,530,284,331,331,376,375,638,2098,0,2098
20213,A,골목상권,3110612,신정역 5번,8225,4076,4149,934,1249,1118,1252,1386,2286,511,615,615,615,677,1043,423,634,503,637,709,1243,4006,0,4006
20213,A,골목상권,3110613,신정네거리역 4번,532,254,278,84,66,56,89,99,138,44,29,27,38,56,60,40,37,29,51,43,78,254,0,254
20213,A,골목상권,3110614,목동로데오거리,2286,1100,1186,294,318,345,350,355,624,136,156,175,176,177,280,158,162,170,174,178,344,1053,0,1053
20213,A,골목상권,3110615,신서초등학교,1026,492,534,241,127,105,211,160,182,129,60,42,103,83,75,112,67,63,108,77,107,385,0,385
20213,A,골목상권,3110616,양목초등학교,838,392,446,146,133,120,150,133,156,67,72,58,71,59,65,79,61,62,79,74,91,361,0,361
20213,A,골목상권,3110617,등촌역 4번,2327,1050,1277,253,355,398,343,361,617,127,155,201,174,151,242,126,200,197,169,210,375,1192,0,1192
20213,A,골목상권,3110618,강서고등학교,6274,3044,3230,901,1108,884,957,1163,1261,471,605,436,428,546,558,430,503,448,529,617,703,2696,0,2696
20213,A,골목상권,3110619,목4동주민센터,1379,674,705,168,216,222,200,218,355,92,112,120,95,92,163,76,104,102,105,126,192,633,0,633
20213,A,골목상권,3110620,목동보건지소,8547,4144,4403,1507,1348,1135,1428,1495,1634,789,698,568,621,750,718,718,650,567,807,745,916,3458,0,3458
20213,A,골목상권,3110621,목동역 5번,719,330,389,150,95,69,148,121,136,76,38,31,61,61,63,74,57,38,87,60,73,253,0,253
20213,A,골목상권,3110622,달마을공원,4026,1925,2101,421,705,870,570,614,846,198,343,454,267,292,371,223,362,416,303,322,475,1886,0,1886
20213,A,골목상권,3110623,갈산공원,150,82,68,27,11,38,24,17,33,16,9,22,11,6,18,11,2,16,13,11,15,64,0,64
20213,A,골목상권,3110624,목동문화체육센터,2324,1127,1197,316,405,305,348,448,502,163,214,157,167,201,225,153,191,148,181,247,277,922,0,922
20213,A,골목상권,3110625,신정2동주민센터,3327,1639,1688,695,457,266,627,637,645,352,234,120,274,355,304,343,223,146,353,282,341,1261,0,1261
20213,A,골목상권,3110626,양화초등학교,6335,2999,3336,661,1125,1359,922,902,1366,347,491,697,473,390,601,314,634,662,449,512,765,3118,0,3118
20213,A,골목상권,3110627,신정롯데캐슬아파트,2466,1196,1270,410,329,294,438,439,556,211,165,155,208,217,240,199,164,139,230,222,316,1036,0,1036
20213,A,골목상권,3110628,신목동역,1350,676,674,184,242,297,216,184,227,95,121,151,104,102,103,89,121,146,112,82,124,706,0,706
20213,A,골목상권,3110629,송정역 4번,906,445,461,50,173,166,117,137,263,21,82,82,63,68,129,29,91,84,54,69,134,529,0,529
20213,A,골목상권,3110630,공항시장역 1번,6024,3004,3020,535,1176,936,796,982,1599,269,536,530,428,499,742,266,640,406,368,483,857,3565,0,3565
20213,A,골목상권,3110631,방화초등학교,3946,1951,1995,570,509,590,597,655,1025,307,262,303,306,322,451,263,247,287,291,333,574,1654,0,1654
20213,A,골목상권,3110632,방화역 3번,1526,765,761,180,223,207,208,251,457,97,110,109,101,127,221,83,113,98,107,124,236,723,0,723
20213,A,골목상권,3110633,개화산역 1번,440,226,214,51,74,83,53,71,108,30,35,48,29,35,49,21,39,35,24,36,59,228,0,228
20213,A,골목상권,3110634,송정역 3번,8279,4321,3958,983,1333,1556,1270,1258,1879,509,703,880,689,654,886,474,630,676,581,604,993,4417,0,4417
20213,A,골목상권,3110635,공항시장역 3번,2782,1394,1388,311,350,402,337,492,890,149,185,229,183,248,400,162,165,173,154,244,490,1395,0,1395
20213,A,골목상권,3110636,방화역 2번,1260,652,608,188,135,201,217,179,340,95,77,110,113,90,167,93,58,91,104,89,173,563,0,563
20213,A,골목상권,3110637,송정역 2번,1964,986,978,181,362,355,245,316,505,98,166,201,125,160,236,83,196,154,120,156,269,1002,0,1002
20213,A,골목상권,3110638,신방화역 2번,5721,2872,2849,708,857,920,853,918,1465,370,439,500,436,456,671,338,418,420,417,462,794,2781,0,2781
20213,A,골목상권,3110639,신방화역 8번,2885,1456,1429,286,397,389,375,519,919,139,196,218,218,251,434,147,201,171,157,268,485,1435,0,1435
20213,A,골목상권,3110640,방화역 1번,2733,1406,1327,303,431,556,433,432,578,158,205,280,237,257,269,145,226,276,196,175,309,1575,0,1575
20213,A,골목상권,3110641,공항고등학교,1562,790,772,248,195,268,239,239,373,131,97,135,123,126,178,117,98,133,116,113,195,651,0,651
20213,A,골목상권,3110642,정곡초등학교,794,400,394,154,80,105,143,110,202,71,40,56,74,53,106,83,40,49,69,57,96,329,0,329
20213,A,골목상권,3110643,강서구다솔마을,2293,1188,1105,262,285,304,423,413,606,133,135,174,238,223,285,129,150,130,185,190,321,1152,0,1152
20213,A,골목상권,3110644,신광명마을,840,427,413,91,97,114,126,153,259,48,59,61,63,85,111,43,38,53,63,68,148,407,0,407
20213,A,골목상권,3110645,우장산역 4번,7383,3439,3944,1546,1066,882,1418,1141,1330,725,489,417,656,571,581,821,577,465,762,570,749,2826,0,2826
20213,A,골목상권,3110646,푸른들청소년도서관,8329,4014,4315,952,1324,1305,1163,1358,2227,479,621,676,561,655,1022,473,703,629,602,703,1205,3861,0,3861
20213,A,골목상권,3110647,화곡역 5번,8626,4178,4448,1030,1340,1584,1334,1282,2056,513,639,813,695,577,941,517,701,771,639,705,1115,4116,0,4116
20213,A,골목상권,3110648,양천향교역 7번,4060,1692,2368,92,1659,1484,491,232,102,38,432,745,283,143,51,54,1227,739,208,89,51,3656,0,3656
20213,A,골목상권,3110649,우장산역 1번,3347,1549,1798,724,488,399,664,535,537,320,222,201,296,268,242,404,266,198,368,267,295,1242,0,1242
20213,A,골목상권,3110650,우장산힐스테이트,894,418,476,207,102,93,180,124,188,94,49,41,86,64,84,113,53,52,94,60,104,310,0,310
20213,A,골목상권,3110651,화원중학교,6123,2977,3146,780,933,1090,932,928,1460,391,433,591,483,425,654,389,500,499,449,503,806,2783,0,2783
20213,A,골목상권,3110652,양천향교역 2번,2053,1005,1048,173,473,595,235,248,329,91,185,324,136,113,156,82,288,271,99,135,173,1193,0,1193
20213,A,골목상권,3110653,화곡역 2번,3058,1463,1595,309,437,530,441,471,870,160,213,277,222,205,386,149,224,253,219,266,484,1528,0,1528
20213,A,골목상권,3110654,까치산역 4번,12391,6055,6336,1346,1992,2316,1804,1945,2988,679,962,1229,933,916,1336,667,1030,1087,871,1029,1652,5977,0,5977
20213,A,골목상권,3110655,발산역 5번,1014,498,516,146,151,204,169,145,199,84,70,112,78,70,84,62,81,92,91,75,115,479,0,479
20213,A,골목상권,3110656,까치산역 3번,9500,4758,4742,604,2182,2327,1315,1117,1955,297,919,1304,754,554,930,307,1263,1023,561,563,1025,5966,0,5966
20213,A,골목상권,3110657,양천향교역 5번,1567,719,848,74,464,486,189,152,202,30,151,275,104,66,93,44,313,211,85,86,109,1125,0,1125
20213,A,골목상권,3110658,화곡초등학교,3078,1583,1495,274,694,638,491,381,600,152,349,374,265,189,254,122,345,264,226,192,346,1821,0,1821
20213,A,골목상권,3110659,화곡역 4번,18476,8997,9479,2694,2923,3202,3047,2753,3857,1350,1380,1745,1543,1286,1693,1344,1543,1457,1504,1467,2164,8411,0,8411
20213,A,골목상권,3110660,등촌3동주민센터,1701,847,854,177,270,246,210,252,546,89,145,141,101,128,243,88,125,105,109,124,303,968,0,968
20213,A,골목상권,3110661,강서새말어린이공원,1446,723,723,208,183,224,268,220,343,103,92,123,143,104,158,105,91,101,125,116,185,660,0,660
20213,A,골목상권,3110662,까치산역 1번,12580,6012,6568,1535,1934,2078,2051,1874,3108,758,936,1087,1034,847,1350,777,998,991,1017,1027,1758,5837,0,5837
20213,A,골목상권,3110663,우장산롯데캐슬아파트앞,1499,735,764,177,228,243,236,275,340,90,124,115,119,130,157,87,104,128,117,145,183,642,0,642
20213,A,골목상권,3110664,강서구청옆,524,263,261,79,64,99,96,65,121,45,34,52,55,26,51,34,30,47,41,39,70,240,0,240
20213,A,골목상권,3110665,곰달래도서관,5173,2531,2642,577,667,825,815,777,1512,288,345,439,413,366,680,289,322,386,402,411,832,2504,0,2504
20213,A,골목상권,3110666,KC대학교,1817,938,879,209,235,268,263,313,529,112,132,154,142,165,233,97,103,114,121,148,296,861,0,861
20213,A,골목상권,3110667,가양역 10번,640,283,357,55,88,124,81,74,218,23,36,57,40,42,85,32,52,67,41,32,133,380,0,380
20213,A,골목상권,3110668,화곡2동주민센터,8784,4211,4573,1346,1222,1419,1524,1334,1939,681,598,733,757,595,847,665,624,686,767,739,1092,3863,0,3863
20213,A,골목상권,3110669,화곡보람2차아파트,786,365,421,109,163,141,132,115,126,54,76,65,66,51,53,55,87,76,66,64,73,371,0,371
20213,A,골목상권,3110670,신곡초등학교,7458,3647,3811,1131,1055,1106,1264,1246,1656,555,548,571,646,605,722,576,507,535,618,641,934,3183,0,3183
20213,A,골목상권,3110671,등촌1동주민센터,7501,3677,3824,968,1416,1790,1079,943,1305,553,619,921,536,467,581,415,797,869,543,476,724,3888,0,3888
20213,A,골목상권,3110672,백석중학교,3381,1662,1719,509,534,536,530,540,732,272,269,277,267,255,322,237,265,259,263,285,410,1424,0,1424
20213,A,골목상권,3110673,뜸부기어린이공원,4156,2076,2080,356,582,729,564,676,1249,182,320,409,293,325,547,174,262,320,271,351,702,2099,0,2099
20213,A,골목상권,3110674,강서구청가양동별관,161,77,84,13,15,24,27,42,40,4,9,13,15,18,18,9,6,11,12,24,22,124,0,124
20213,A,골목상권,3110675,화곡4동주민센터,7710,3731,3979,948,1166,1355,1172,1217,1852,495,563,697,614,564,798,453,603,658,558,653,1054,3535,0,3535
20213,A,골목상권,3110676,등촌역 7번,3305,1564,1741,398,618,677,496,499,617,211,282,330,240,230,271,187,336,347,256,269,346,1562,0,1562
20213,A,골목상권,3110677,등촌역 1번,1606,739,867,169,355,459,226,180,217,84,139,219,111,89,97,85,216,240,115,91,120,889,0,889
20213,A,골목상권,3110678,염창무학아파트,1231,596,635,172,226,328,180,133,192,87,96,170,88,56,99,85,130,158,92,77,93,610,0,610
20213,A,골목상권,3110679,염창역 2번,979,437,542,72,258,293,137,93,126,35,84,131,75,49,63,37,174,162,62,44,63,667,0,667
20213,A,골목상권,3110680,온수역 5번(온수산업단지),1748,845,903,213,196,281,305,243,510,125,92,134,156,111,227,88,104,147,149,132,283,761,0,761
20213,A,골목상권,3110681,온수역 1번,170,98,72,18,22,39,18,25,48,15,13,19,12,13,26,3,9,20,6,12,22,84,0,84
20213,A,골목상권,3110682,온수역 8번,1048,508,540,141,145,141,179,143,299,79,79,69,86,63,132,62,66,72,93,80,167,433,0,433
20213,A,골목상권,3110683,오류고등학교,1694,833,861,289,240,228,241,307,389,146,129,114,126,144,174,143,111,114,115,163,215,646,0,646
20213,A,골목상권,3110684,서울공연예술고등학교,1389,675,714,172,198,187,230,240,362,87,113,96,106,107,166,85,85,91,124,133,196,602,0,602
20213,A,골목상권,3110685,금강수목원아파트,200,93,107,29,31,30,24,39,47,13,15,12,12,20,21,16,16,18,12,19,26,82,0,82
20213,A,골목상권,3110686,수궁동주민센터,4521,2180,2341,596,611,597,716,769,1232,298,310,312,345,368,547,298,301,285,371,401,685,2114,0,2114
20213,A,골목상권,3110687,"천왕역 3번(오류2동주민센터, 서울오류남초등학교)",542,248,294,59,65,52,87,89,190,27,27,30,41,42,81,32,38,22,46,47,109,244,0,244
20213,A,골목상권,3110688,오류지구대,2781,1363,1418,343,405,409,414,466,744,184,193,210,215,218,343,159,212,199,199,248,401,1254,0,1254
20213,A,골목상권,3110689,오류동역 3번,3158,1607,1551,339,487,415,428,538,951,171,238,226,224,293,455,168,249,189,204,245,496,1637,0,1637
20213,A,골목상권,3110690,오류2동버들시장,4903,2427,2476,599,595,675,742,773,1519,331,301,363,408,382,642,268,294,312,334,391,877,2555,0,2555
20213,A,골목상권,3110691,개봉중학교,2937,1486,1451,377,395,342,445,533,845,190,215,188,226,275,392,187,180,154,219,258,453,1362,0,1362
20213,A,골목상권,3110692,큰굴다리,2116,1104,1012,243,316,279,292,346,640,127,162,160,152,176,327,116,154,119,140,170,313,1025,0,1025
20213,A,골목상권,3110693,오류동역 4번,719,396,323,21,229,178,121,81,89,13,107,102,66,59,49,8,122,76,55,22,40,599,0,599
20213,A,골목상권,3110694,세곡초등학교,6947,3467,3480,799,967,835,1017,1261,2068,404,532,430,507,626,968,395,435,405,510,635,1100,3369,0,3369
20213,A,골목상권,3110695,개봉1동주민센터,5545,2838,2707,512,696,613,744,1039,1941,263,354,343,411,555,912,249,342,270,333,484,1029,2950,0,2950
20213,A,골목상권,3110696,오류동역 1번,3491,1771,1720,372,482,474,489,632,1042,192,268,258,256,313,484,180,214,216,233,319,558,1590,0,1590
20213,A,골목상권,3110697,개봉3동주민센터,2994,1499,1495,378,440,391,472,541,772,193,230,203,262,269,342,185,210,188,210,272,430,1313,0,1313
20213,A,골목상권,3110698,개웅초등학교(개웅중학교),6704,3253,3451,817,930,831,1036,1200,1890,411,480,426,521,559,856,406,450,405,515,641,1034,2850,0,2850
20213,A,골목상권,3110699,덕의초등학교,1608,802,806,206,214,186,258,286,458,111,122,97,130,139,203,95,92,89,128,147,255,759,0,759
20213,A,골목상권,3110700,고척초등학교,3399,1727,1672,455,448,433,535,588,940,230,237,254,279,301,426,225,211,179,256,287,514,1605,0,1605
20213,A,골목상권,3110701,고척동성당,1217,551,666,159,210,192,160,187,309,72,88,89,79,82,141,87,122,103,81,105,168,570,0,570
20213,A,골목상권,3110702,개봉초등학교,2513,1202,1311,339,285,411,362,407,709,175,146,217,165,189,310,164,139,194,197,218,399,1101,0,1101
20213,A,골목상권,3110703,개봉역,2006,993,1013,219,252,390,322,291,532,102,118,202,169,150,252,117,134,188,153,141,280,966,0,966
20213,A,골목상권,3110704,고척중학교,94,68,26,2,40,21,14,10,7,2,26,16,9,9,6,0,14,5,5,1,1,87,0,87
20213,A,골목상권,3110705,고산초등학교,565,281,284,87,131,99,99,76,73,51,68,48,55,26,33,36,63,51,44,50,40,287,0,287
20213,A,골목상권,3110706,그라운드 고척,697,364,333,64,109,89,128,90,217,33,55,47,74,56,99,31,54,42,54,34,118,408,0,408
20213,A,골목상권,3110707,구로창업지원센터,2099,1112,987,230,280,242,299,358,690,107,156,143,174,196,336,123,124,99,125,162,354,1038,0,1038
20213,A,골목상권,3110708,화원어린이공원,1295,677,618,121,206,171,208,228,361,70,104,95,129,122,157,51,102,76,79,106,204,765,0,765
20213,A,골목상권,3110709,구로119안전센터,2634,1347,1287,225,329,327,341,548,864,109,171,178,201,285,403,116,158,149,140,263,461,1413,0,1413
20213,A,골목상권,3110710,남구로역 3번,5266,2723,2543,372,723,535,666,1057,1913,208,401,322,359,550,883,164,322,213,307,507,1030,3012,0,3012
20213,A,골목상권,3110711,구로초등학교,3893,1922,1971,396,516,439,558,712,1272,184,261,237,285,399,556,212,255,202,273,313,716,2056,0,2056
20213,A,골목상권,3110712,남구로역 5번,5072,2530,2542,493,624,511,736,986,1722,252,393,287,362,491,745,241,231,224,374,495,977,2382,0,2382
20213,A,골목상권,3110713,구로보건소,7091,3499,3592,759,1080,1119,951,1222,1960,349,535,579,482,631,923,410,545,540,469,591,1037,3672,0,3672
20213,A,골목상권,3110714,구로4동주민센터,4147,2075,2072,404,446,398,594,813,1492,209,236,222,302,422,684,195,210,176,292,391,808,2250,0,2250
20213,A,골목상권,3110715,구로구민회관,867,453,414,78,90,83,130,157,329,40,52,42,77,95,147,38,38,41,53,62,182,460,0,460
20213,A,골목상권,3110716,구로나눔길,823,391,432,91,93,101,117,158,263,45,43,49,53,94,107,46,50,52,64,64,156,434,0,434
20213,A,골목상권,3110717,남구로역 2번,7311,3740,3571,574,860,769,1048,1456,2604,302,448,404,586,822,1178,272,412,365,462,634,1426,4187,0,4187
20213,A,골목상권,3110718,한국SGI본부,2665,1232,1433,162,853,599,281,308,462,86,297,313,144,168,224,76,556,286,137,140,238,1911,0,1911
20213,A,골목상권,3110719,영서중학교,551,256,295,79,62,66,84,85,175,39,28,34,40,41,74,40,34,32,44,44,101,227,0,227
20213,A,골목상권,3110720,대림역 2번,2265,1094,1171,194,247,256,303,441,824,104,119,141,146,206,378,90,128,115,157,235,446,1199,0,1199
20213,A,골목상권,3110721,가리봉파출소,2548,1332,1216,152,535,514,346,442,559,83,270,288,190,233,268,69,265,226,156,209,291,1654,0,1654
20213,A,골목상권,3110722,G타워,3828,2250,1578,75,1391,1333,479,252,298,44,701,862,316,167,160,31,690,471,163,85,138,3378,0,3378
20213,A,골목상권,3110723,가산디지털단지역 1번 출입구,816,430,386,47,167,116,108,139,239,21,88,66,60,83,112,26,79,50,48,56,127,540,0,540
20213,A,골목상권,3110724,금천구립가산도서관,2946,1774,1172,147,771,814,368,382,464,66,438,553,238,232,247,81,333,261,130,150,217,2068,0,2068
20213,A,골목상권,3110725,가산동주민센터,1908,1045,863,27,767,462,220,241,191,12,317,288,143,174,111,15,450,174,77,67,80,1752,0,1752
20213,A,골목상권,3110726,금천철쭉어린이공원(금하마을),1686,867,819,176,259,186,251,332,482,91,131,118,130,173,224,85,128,68,121,159,258,884,0,884
20213,A,골목상권,3110727,독산역 1번 출입구,1229,660,569,97,323,294,156,142,217,49,141,179,96,76,119,48,182,115,60,66,98,771,0,771
20213,A,골목상권,3110728,두산초등학교,1546,848,698,98,495,372,203,174,204,48,228,236,127,108,101,50,267,136,76,66,103,1123,0,1123
20213,A,골목상권,3110729,가산동우체국,2913,1707,1206,101,934,685,341,358,494,51,462,444,233,241,276,50,472,241,108,117,218,2268,0,2268
20211,A,골목상권,3110910,내방역 5번,2365,1058,1307,383,346,519,430,270,417,193,144,246,184,120,171,190,202,273,246,150,246,1168,0,1168
20213,A,골목상권,3110730,서울축산농협 독산역지점(독산파출소),2867,1548,1319,234,590,707,392,402,542,119,298,418,226,217,270,115,292,289,166,185,272,1728,0,1728
20213,A,골목상권,3110731,금천구청역 1번 출입구,1017,517,500,73,241,203,146,138,216,36,100,115,84,73,109,37,141,88,62,65,107,662,0,662
20213,A,골목상권,3110732,가산초등학교(세일중학교),2840,1518,1322,178,776,610,310,399,567,85,363,366,182,230,292,93,413,244,128,169,275,1961,0,1961
20213,A,골목상권,3110733,금천어울림복지센터,445,193,252,25,120,138,44,36,82,10,43,67,18,18,37,15,77,71,26,18,45,309,0,309
20213,A,골목상권,3110734,금천파출소,347,184,163,21,50,56,43,62,115,8,21,35,30,43,47,13,29,21,13,19,68,210,0,210
20213,A,골목상권,3110735,말미고개,5369,2731,2638,641,871,824,709,952,1372,336,445,453,367,483,647,305,426,371,342,469,725,2688,0,2688
20213,A,골목상권,3110736,독산119안전센터,4727,2350,2377,515,679,691,645,950,1247,258,308,380,339,473,592,257,371,311,306,477,655,2240,0,2240
20213,A,골목상권,3110737,금천세무서,2720,1425,1295,252,487,456,347,470,708,140,267,255,181,233,349,112,220,201,166,237,359,1467,0,1467
20213,A,골목상권,3110738,문성초등학교,3498,1770,1728,292,464,433,474,711,1124,147,229,249,240,397,508,145,235,184,234,314,616,2045,0,2045
20213,A,골목상권,3110739,시흥3동 우편취급국,320,165,155,31,58,28,46,71,86,17,28,15,22,39,44,14,30,13,24,32,42,129,0,129
20213,A,골목상권,3110740,금천해태공원,5321,2680,2641,515,825,615,721,1038,1607,269,425,350,377,507,752,246,400,265,344,531,855,2696,0,2696
20213,A,골목상권,3110741,독산2동주민센터,3680,1858,1822,389,562,502,525,722,980,204,293,271,250,375,465,185,269,231,275,347,515,1857,0,1857
20213,A,골목상권,3110742,KT금천빌딩(금천구시설관리공단),213,115,98,15,31,33,27,44,63,10,16,19,14,23,33,5,15,14,13,21,30,125,0,125
20213,A,골목상권,3110743,시흥초등학교(시흥1동우체국),4293,2157,2136,493,566,495,606,836,1297,254,308,268,318,417,592,239,258,227,288,419,705,2100,0,2100
20213,A,골목상권,3110744,독산동성당,8260,4130,4130,831,1135,983,1116,1753,2442,406,595,546,544,901,1138,425,540,437,572,852,1304,4148,0,4148
20213,A,골목상권,3110745,독산동정훈단지,2946,1485,1461,304,437,338,417,646,804,154,225,194,213,336,363,150,212,144,204,310,441,1509,0,1509
20213,A,골목상권,3110746,금천금빛공원(은행나무사거리서측),1702,825,877,156,317,224,216,303,486,81,150,122,106,139,227,75,167,102,110,164,259,882,0,882
20213,A,골목상권,3110747,석수역 1번 출입구,1006,498,508,81,130,134,129,176,356,35,71,71,69,87,165,46,59,63,60,89,191,442,0,442
20213,A,골목상권,3110748,백산초등학교,1914,979,935,202,269,224,291,351,577,107,144,125,153,184,266,95,125,99,138,167,311,978,0,978
20213,A,골목상권,3110749,금산초등학교(금천고등학교),4810,2405,2405,607,611,628,712,823,1429,312,324,333,369,404,663,295,287,295,343,419,766,2009,0,2009
20213,A,골목상권,3110750,시흥4동주민센터(서울신흥초등학교),4694,2332,2362,496,537,554,653,919,1535,235,273,295,351,460,718,261,264,259,302,459,817,2417,0,2417
20213,A,골목상권,3110751,난곡중학교,5590,2805,2785,496,898,735,756,1133,1572,261,449,402,406,560,727,235,449,333,350,573,845,2857,0,2857
20213,A,골목상권,3110752,한울중학교,6433,3165,3268,817,857,923,893,1195,1748,443,442,477,434,558,811,374,415,446,459,637,937,2845,0,2845
20213,A,골목상권,3110753,시흥동 은행나무사거리,7026,3515,3511,785,927,789,1013,1320,2192,401,500,434,519,667,994,384,427,355,494,653,1198,3427,0,3427
20213,A,골목상권,3110754,삼성산자연공원(서울금천초등학교),5343,2632,2711,606,720,686,777,1038,1516,301,382,357,397,524,671,305,338,329,380,514,845,2625,0,2625
20213,A,골목상권,3110755,동일여자고등학교,1401,705,696,172,173,133,215,243,465,91,87,76,115,133,203,81,86,57,100,110,262,643,0,643
20213,A,골목상권,3110756,문래중학교,2569,1239,1330,353,452,823,489,225,227,184,181,410,254,105,105,169,271,413,235,120,122,1406,0,1406
20213,A,골목상권,3110757,양평역 2번,2162,1136,1026,125,531,660,302,270,274,70,228,372,171,170,125,55,303,288,131,100,149,1565,0,1565
20213,A,골목상권,3110758,문래소공원,1450,678,772,249,213,449,255,135,149,123,82,216,128,62,67,126,131,233,127,73,82,686,0,686
20213,A,골목상권,3110759,문래예술촌(문래창작촌),1245,671,574,156,162,261,208,141,317,76,85,137,134,88,151,80,77,124,74,53,166,744,0,744
20213,A,골목상권,3110760,선유도역 6번,1108,566,542,116,212,309,164,106,201,48,97,173,92,62,94,68,115,136,72,44,107,600,0,600
20213,A,골목상권,3110761,문래동남성맨션,22,13,9,1,1,1,1,4,14,1,0,1,0,2,9,0,1,0,1,2,5,14,0,14
20213,A,골목상권,3110762,선유도역 1번,11098,5486,5612,1285,2133,3005,1509,1360,1806,673,930,1572,768,709,834,612,1203,1433,741,651,972,5787,0,5787
20213,A,골목상권,3110763,영등포구청역 2번,1266,627,639,131,251,282,165,178,259,77,103,146,86,87,128,54,148,136,79,91,131,702,0,702
20211,A,골목상권,3110905,방배노인종합복지관(이수중학교),3801,1752,2049,560,561,609,579,590,902,282,273,295,249,271,382,278,288,314,330,319,520,1635,0,1635
20211,A,골목상권,3110906,서문여고,1203,516,687,215,166,165,231,190,236,80,76,68,105,90,97,135,90,97,126,100,139,501,0,501
20211,A,골목상권,3110907,방배초등학교,3518,1614,1904,699,482,482,693,489,673,311,207,238,304,245,309,388,275,244,389,244,364,1441,0,1441
20211,A,골목상권,3110908,구반포역,216,107,109,36,32,14,45,43,46,21,15,6,16,23,26,15,17,8,29,20,20,81,0,81
20211,A,골목상권,3110909,남태령역(서울전자고등학교),778,382,396,88,99,99,110,135,247,48,59,50,57,63,105,40,40,49,53,72,142,362,0,362
20211,A,골목상권,3110911,방배배수지체육공원,126,69,57,16,4,16,15,17,58,9,2,9,12,8,29,7,2,7,3,9,29,72,0,72
20211,A,골목상권,3110912,방배동사이길,317,145,172,51,44,49,49,48,76,24,22,22,25,24,28,27,22,27,24,24,48,146,0,146
20211,A,골목상권,3110913,방현초등학교(방배119안전센터),3887,1879,2008,503,569,578,590,636,1011,240,306,303,287,290,453,263,263,275,303,346,558,1749,0,1749
20211,A,골목상권,3110914,내방역 6번,359,170,189,57,42,71,54,42,93,26,21,32,30,18,43,31,21,39,24,24,50,150,0,150
20211,A,골목상권,3110915,서래초등학교,1499,705,794,335,189,162,269,242,302,172,93,70,121,112,137,163,96,92,148,130,165,542,0,542
20211,A,골목상권,3110916,내방역 4번,3971,1824,2147,542,630,770,660,534,835,283,290,344,308,236,363,259,340,426,352,298,472,1829,0,1829
20211,A,골목상권,3110917,서초소방서,930,430,500,168,121,148,170,137,186,85,60,60,76,69,80,83,61,88,94,68,106,370,0,370
20211,A,골목상권,3110918,방배역 3번,3012,1396,1616,431,472,559,491,427,632,225,220,264,222,186,279,206,252,295,269,241,353,1298,0,1298
20211,A,골목상권,3110919,내방역 8번,3127,1475,1652,537,469,442,544,523,612,292,227,180,232,256,288,245,242,262,312,267,324,1195,0,1195
20211,A,골목상권,3110920,방배역 2번(백석예술대학교),130,67,63,23,24,22,17,26,18,14,12,11,9,12,9,9,12,11,8,14,9,53,0,53
20211,A,골목상권,3110921,서울프랑스학교,1150,526,624,226,135,145,223,173,248,112,67,61,96,76,114,114,68,84,127,97,134,443,0,443
20211,A,골목상권,3110922,내방역 1번,2738,1257,1481,421,417,548,441,340,571,225,193,242,199,148,250,196,224,306,242,192,321,1261,0,1261
20211,A,골목상권,3110923,방배역 1번,463,205,258,57,69,71,75,60,131,29,29,31,35,28,53,28,40,40,40,32,78,189,0,189
20211,A,골목상권,3110924,반포4동주민센터(몽마르뜨공원),2470,1144,1326,427,320,363,465,332,563,227,149,157,218,148,245,200,171,206,247,184,318,1118,0,1118
20211,A,골목상권,3110925,서초중학교,3056,1502,1554,469,511,447,527,475,627,275,275,208,247,221,276,194,236,239,280,254,351,1263,0,1263
20211,A,골목상권,3110926,신중초등학교,3766,1799,1967,646,608,588,627,563,734,354,272,279,295,275,324,292,336,309,332,288,410,1596,0,1596
20211,A,골목상권,3110927,잠원역,273,126,147,29,20,44,40,48,92,16,8,22,19,21,40,13,12,22,21,27,52,152,0,152
20211,A,골목상권,3110928,서초우방유쉘아파트,435,220,215,57,85,93,61,42,97,29,43,46,37,22,43,28,42,47,24,20,54,234,0,234
20211,A,골목상권,3110929,남부터미널역 1번,4258,2079,2179,761,539,675,789,586,908,398,265,331,385,277,423,363,274,344,404,309,485,1776,0,1776
20211,A,골목상권,3110930,서초동성당,1972,950,1022,361,265,327,356,298,365,180,139,136,174,150,171,181,126,191,182,148,194,825,0,825
20211,A,골목상권,3110931,삼성전자서울R&D(서울우면초등학교),160,79,81,29,16,17,30,22,46,17,4,10,16,9,23,12,12,7,14,13,23,66,0,66
20211,A,골목상권,3110932,서울시인재개발원,652,301,351,136,95,104,138,95,84,63,44,45,68,49,32,73,51,59,70,46,52,281,0,281
20211,A,골목상권,3110933,한국상담대학원대학교,450,234,216,101,46,76,76,71,80,60,25,30,41,36,42,41,21,46,35,35,38,163,0,163
20211,A,골목상권,3110934,우면주공아파트,2801,1402,1399,358,376,469,429,385,784,214,202,248,237,178,323,144,174,221,192,207,461,1300,0,1300
20211,A,골목상권,3110935,한전아트센터,1076,532,544,161,165,169,183,178,220,91,90,78,87,84,102,70,75,91,96,94,118,461,0,461
20211,A,골목상권,3110936,더케이호텔(양재리본타워2단지아파트),885,431,454,99,143,167,125,148,203,55,71,84,56,70,95,44,72,83,69,78,108,425,0,425
20211,A,골목상권,3110937,방아다리근린공원(횃불트리니티신학대학원대학교),482,234,248,60,59,81,55,58,169,28,29,43,21,28,85,32,30,38,34,30,84,191,0,191
20211,A,골목상권,3110938,바우뫼공원,754,360,394,91,117,165,115,112,154,45,57,82,51,51,74,46,60,83,64,61,80,385,0,385
20211,A,골목상권,3110939,양재역 8번(양재동우체국),6198,2936,3262,652,996,1343,900,882,1425,338,460,691,423,403,621,314,536,652,477,479,804,3102,0,3102
20211,A,골목상권,3110940,양재근린공원(양재2동주민센터),1099,533,566,148,168,251,166,150,216,66,84,138,75,78,92,82,84,113,91,72,124,531,0,531
20211,A,골목상권,3110941,언남고등학교,854,439,415,98,134,180,131,135,176,52,61,100,67,72,87,46,73,80,64,63,89,425,0,425
20211,A,골목상권,3110942,염곡동 구룡사(포이동성당),8496,4226,4270,1148,1322,1749,1412,1266,1599,588,701,901,730,594,712,560,621,848,682,672,887,3987,0,3987
20211,A,골목상권,3110943,법제교육센터(버들어린이공원),1580,778,802,226,237,296,287,240,294,114,113,158,144,116,133,112,124,138,143,124,161,756,0,756
20211,A,골목상권,3110944,서울나래학교(염곡어린이공원),633,317,316,69,62,74,89,114,225,34,30,44,45,49,115,35,32,30,44,65,110,318,0,318
20211,A,골목상권,3110945,본마을노인복지센터(서초구립내곡도서관),297,153,144,26,30,38,44,43,116,13,12,22,23,21,62,13,18,16,21,22,54,146,0,146
20211,A,골목상권,3110946,청계산원터골,100,51,49,6,6,13,15,14,46,5,3,5,9,6,23,1,3,8,6,8,23,44,0,44
20211,A,골목상권,3110947,청계산입구역 2번(내곡동주민센터),357,182,175,30,33,55,46,47,146,21,18,27,25,18,73,9,15,28,21,29,73,181,0,181
20211,A,골목상권,3110948,헌인가구단지,154,112,42,32,31,10,7,23,51,30,29,7,4,15,27,2,2,3,3,8,24,54,0,54
20211,A,골목상권,3110949,한남IC,564,275,289,72,98,124,101,74,95,40,40,58,51,37,49,32,58,66,50,37,46,281,0,281
20211,A,골목상권,3110950,논현역 7번,839,382,457,104,109,121,156,126,223,47,52,52,63,58,110,57,57,69,93,68,113,338,0,338
20211,A,골목상권,3110951,신사은행나무공원,929,419,510,100,185,213,146,95,190,56,86,90,61,40,86,44,99,123,85,55,104,557,0,557
20211,A,골목상권,3110952,논현목련공원,868,389,479,57,211,243,125,78,154,33,88,115,56,31,66,24,123,128,69,47,88,571,0,571
20211,A,골목상권,3110953,학동근린공원,907,399,508,105,131,201,123,136,211,41,63,81,60,60,94,64,68,120,63,76,117,442,0,442
20211,A,골목상권,3110954,국기원,448,232,216,35,115,146,63,34,55,19,59,82,28,15,29,16,56,64,35,19,26,303,0,303
20211,A,골목상권,3110955,논현초등학교,7026,3311,3715,449,1586,1921,1170,750,1150,210,704,928,582,361,526,239,882,993,588,389,624,4495,0,4495
20211,A,골목상권,3110956,언주역 8번,588,290,298,44,132,164,80,56,112,15,61,93,43,29,49,29,71,71,37,27,63,384,0,384
20211,A,골목상권,3110957,언북중학교,1761,797,964,137,300,454,311,214,345,77,127,195,167,98,133,60,173,259,144,116,212,1088,0,1088
20211,A,골목상권,3110958,역삼역 4번,821,434,387,54,152,248,121,111,135,32,82,130,63,64,63,22,70,118,58,47,72,512,0,512
20211,A,골목상권,3110959,신구중학교,361,168,193,54,55,51,81,44,76,30,24,22,41,22,29,24,31,29,40,22,47,170,0,170
20211,A,골목상권,3110960,은광여고,807,400,407,79,187,225,99,92,125,40,84,117,51,48,60,39,103,108,48,44,65,476,0,476
20211,A,골목상권,3110961,언주역 3번,2120,980,1140,176,422,563,364,255,340,78,180,263,182,124,153,98,242,300,182,131,187,1314,0,1314
20211,A,골목상권,3110962,도산공원북측,30,13,17,2,5,11,4,2,6,2,2,5,2,0,2,0,3,6,2,2,4,16,0,16
20211,A,골목상권,3110963,역삼월드메르디앙아파트,1722,801,921,221,291,374,308,221,307,113,130,176,146,97,139,108,161,198,162,124,168,873,0,873
20211,A,골목상권,3110964,싸리고개근린공원,866,401,465,136,96,116,141,128,249,56,49,53,66,63,114,80,47,63,75,65,135,370,0,370
20211,A,골목상권,3110965,언주역 6번,2245,1052,1193,160,455,691,392,234,313,76,196,330,184,136,130,84,259,361,208,98,183,1500,0,1500
20211,A,골목상권,3110966,논현2동주민센터,2811,1217,1594,293,532,612,495,360,519,149,208,266,223,163,208,144,324,346,272,197,311,1558,0,1558
20211,A,골목상권,3110967,역삼역 8번,1279,615,664,99,234,354,249,158,185,48,108,169,119,86,85,51,126,185,130,72,100,864,0,864
20211,A,골목상권,3110968,강남구청역 2번,549,253,296,50,99,136,99,64,101,29,48,63,40,29,44,21,51,73,59,35,57,314,0,314
20211,A,골목상권,3110969,베르사이유1아파트,1202,609,593,99,227,329,215,161,171,44,108,166,118,94,79,55,119,163,97,67,92,754,0,754
20211,A,골목상권,3110970,학동초등학교,1015,469,546,113,175,279,149,139,160,60,83,120,69,67,70,53,92,159,80,72,90,540,0,540
20211,A,골목상권,3110971,선정릉역 4번,3870,1781,2089,228,782,1162,697,451,550,109,307,536,353,239,237,119,475,626,344,212,313,2549,0,2549
20211,A,골목상권,3110972,강남세브란스병원미래의학연구센터,1921,869,1052,226,324,438,302,247,384,114,136,201,138,106,174,112,188,237,164,141,210,1003,0,1003
20211,A,골목상권,3110973,강남구청역 4번,2295,1070,1225,438,328,391,457,301,380,240,146,165,207,143,169,198,182,226,250,158,211,952,0,952
20211,A,골목상권,3110974,언주중학교,1463,654,809,224,266,309,282,189,193,124,110,119,131,91,79,100,156,190,151,98,114,765,0,765
20211,A,골목상권,3110975,매봉역 1번,890,417,473,121,142,116,109,159,243,58,76,52,44,70,117,63,66,64,65,89,126,353,0,353
20211,A,골목상권,3110976,언북초등학교,2022,876,1146,270,397,432,328,248,347,126,150,182,158,121,139,144,247,250,170,127,208,1080,0,1080
20211,A,골목상권,3110977,논현로18길,691,336,355,81,99,148,96,117,150,38,55,76,52,49,66,43,44,72,44,68,84,340,0,340
20211,A,골목상권,3110978,도곡2동주민센터(대치중학교),356,154,202,31,19,45,75,61,125,17,8,18,31,29,51,14,11,27,44,32,74,255,0,255
20211,A,골목상권,3110979,청담초등학교,1131,525,606,232,133,123,184,180,279,112,71,43,82,85,132,120,62,80,102,95,147,397,0,397
20211,A,골목상권,3110980,개포지구대옆,2629,1270,1359,393,371,387,445,447,586,209,177,201,202,217,264,184,194,186,243,230,322,1125,0,1125
20211,A,골목상권,3110981,국악고교사거리,2118,1057,1061,303,333,373,344,391,374,162,185,183,168,189,170,141,148,190,176,202,204,907,0,907
20211,A,골목상권,3110982,강남구보훈회관,827,387,440,135,131,161,156,93,151,71,62,74,62,51,67,64,69,87,94,42,84,406,0,406
20211,A,골목상권,3110983,국립국악고등학교,2703,1266,1437,409,408,315,518,496,557,194,194,146,234,251,247,215,214,169,284,245,310,1231,0,1231
20211,A,골목상권,3110984,포이초등학교(개포목련어린이공원),4267,2104,2163,618,656,716,703,725,849,313,346,379,328,366,372,305,310,337,375,359,477,1912,0,1912
20211,A,골목상권,3110985,청담근린공원,956,448,508,110,162,187,153,141,203,65,73,98,58,65,89,45,89,89,95,76,114,480,0,480
20211,A,골목상권,3110986,삼성중앙역 7번,724,321,403,92,119,168,144,85,116,47,47,70,70,38,49,45,72,98,74,47,67,396,0,396
20211,A,골목상권,3110987,영동대교남단,491,229,262,78,77,79,72,81,104,41,31,37,31,36,53,37,46,42,41,45,51,199,0,199
20211,A,골목상권,3110988,청담역 3번,1318,663,655,224,162,136,198,206,392,142,88,63,89,103,178,82,74,73,109,103,214,474,0,474
20211,A,골목상권,3110989,대치동아우편취급국,1588,750,838,205,269,360,344,211,199,95,137,166,156,107,89,110,132,194,188,104,110,904,0,904
20211,A,골목상권,3110990,청담역 12번,158,73,85,12,33,26,16,23,48,5,20,10,7,13,18,7,13,16,9,10,30,77,0,77
20211,A,골목상권,3110991,삼성중앙역 5번,330,154,176,41,35,54,50,52,98,20,20,19,21,27,47,21,15,35,29,25,51,154,0,154
20211,A,골목상권,3110992,도곡초등학교,7894,3676,4218,1431,1250,1132,1562,1292,1227,754,628,517,630,619,528,677,622,615,932,673,699,3681,0,3681
20211,A,골목상권,3110993,개포지하차도 북측,234,121,113,27,36,39,33,42,57,14,24,25,14,21,23,13,12,14,19,21,34,119,0,119
20211,A,골목상권,3110994,개포고등학교,1777,891,886,275,226,239,263,285,489,152,132,126,122,134,225,123,94,113,141,151,264,797,0,797
20211,A,골목상권,3110995,봉은사역 4번,2802,1348,1454,474,414,417,431,456,610,249,214,200,199,204,282,225,200,217,232,252,328,1097,0,1097
20211,A,골목상권,3110996,대치2동주민센터,1368,679,689,242,147,119,295,226,339,149,81,51,137,110,151,93,66,68,158,116,188,664,0,664
20211,A,골목상권,3110997,대청초등학교,7187,3566,3621,1042,1264,1174,1052,1114,1541,566,637,592,515,547,709,476,627,582,537,567,832,3441,0,3441
20211,A,골목상권,3110998,은곡마을(은곡마을공원),609,294,315,98,81,172,114,73,71,47,43,81,57,34,32,51,38,91,57,39,39,312,0,312
20211,A,골목상권,3110999,윗방죽마을공원,3223,1492,1731,168,715,1000,472,304,564,95,257,458,252,181,249,73,458,542,220,123,315,2418,0,2418
20211,A,골목상권,3111000,대왕초등학교(세곡동사거리서남측),435,209,226,58,37,69,54,59,158,26,22,31,31,26,73,32,15,38,23,33,85,196,0,196
20211,A,골목상권,3111001,아래방죽마을공원(율현초등학교),1639,807,832,292,220,402,281,190,254,154,101,194,151,94,113,138,119,208,130,96,141,777,0,777
20211,A,골목상권,3111003,삼전역 4번,10844,5106,5738,1380,1881,2343,1717,1544,1979,676,845,1162,819,715,889,704,1036,1181,898,829,1090,5373,0,5373
20211,A,골목상권,3111004,삼전역 1번,9985,4642,5343,977,1835,2173,1620,1450,1930,503,800,1025,756,682,876,474,1035,1148,864,768,1054,5691,0,5691
20211,A,골목상권,3111005,삼전역 3번,8660,4131,4529,1040,1475,1740,1393,1294,1718,536,686,857,693,594,765,504,789,883,700,700,953,4280,0,4280
20211,A,골목상권,3111006,석촌고분역 1번,8763,4032,4731,957,1561,1870,1467,1221,1687,480,670,917,677,555,733,477,891,953,790,666,954,4597,0,4597
20211,A,골목상권,3111007,석촌고분역 4번,8268,3903,4365,1118,1321,1801,1398,1094,1536,584,600,894,650,506,669,534,721,907,748,588,867,4119,0,4119
20211,A,골목상권,3111008,석촌고분역 3번,4837,2348,2489,583,782,981,765,670,1056,314,383,481,374,329,467,269,399,500,391,341,589,2338,0,2338
20211,A,골목상권,3111009,송파책박물관,1111,571,540,110,197,182,152,206,264,67,100,98,83,93,130,43,97,84,69,113,134,523,0,523
20211,A,골목상권,3111010,석촌역 7번,8953,4188,4765,894,1672,2230,1348,1164,1645,431,714,1091,670,543,739,463,958,1139,678,621,906,4884,0,4884
20211,A,골목상권,3111011,잠실나루역,301,150,151,68,32,40,71,32,58,39,16,18,35,15,27,29,16,22,36,17,31,102,0,102
20211,A,골목상권,3111012,석촌역 6번,6266,3006,3260,727,965,1218,991,938,1427,373,437,590,477,479,650,354,528,628,514,459,777,3287,0,3287
20211,A,골목상권,3111013,송파나루역 1번(송리단길),8690,4043,4647,840,1636,2026,1225,1201,1762,401,735,1010,558,531,808,439,901,1016,667,670,954,4484,0,4484
20211,A,골목상권,3111014,송파나루역 2번,3154,1520,1634,273,577,631,475,488,710,135,282,308,256,224,315,138,295,323,219,264,395,1683,0,1683
20211,A,골목상권,3111015,석촌역 3번,10401,4877,5524,1135,1972,2356,1506,1460,1972,575,863,1138,716,689,896,560,1109,1218,790,771,1076,5279,0,5279
20211,A,골목상권,3111016,송파역 2번,3349,1563,1786,469,547,472,480,536,845,240,252,224,225,258,364,229,295,248,255,278,481,1498,0,1498
20211,A,골목상권,3111017,송파나루역 3번,967,448,519,83,164,223,138,140,219,50,68,113,59,65,93,33,96,110,79,75,126,504,0,504
20211,A,골목상권,3111018,풍납초등학교(풍납백제문화공원),773,402,371,111,90,118,129,135,190,59,57,66,71,67,82,52,33,52,58,68,108,331,0,331
20211,A,골목상권,3111019,한성백제역 3번,8679,4205,4474,1122,1342,1604,1228,1369,2014,629,644,816,588,609,919,493,698,788,640,760,1095,3835,0,3835
20211,A,골목상권,3111020,방이동고분군(방산고등학교),685,337,348,116,120,103,122,109,115,65,55,49,56,56,56,51,65,54,66,53,59,276,0,276
20211,A,골목상권,3111021,방이역 4번,9969,4785,5184,1654,1564,1553,1720,1575,1903,822,804,746,817,734,862,832,760,807,903,841,1041,4179,0,4179
20211,A,골목상권,3111022,석촌중학교(방이육교),2794,1345,1449,379,467,505,402,441,600,182,236,250,189,201,287,197,231,255,213,240,313,1218,0,1218
20211,A,골목상권,3111023,문정역 1번,2005,997,1008,189,412,414,271,306,413,87,210,228,141,141,190,102,202,186,130,165,223,1026,0,1026
20211,A,골목상권,3111024,경찰병원역 4번(건너말공원),1531,784,747,189,277,269,242,238,316,108,136,151,126,119,144,81,141,118,116,119,172,738,0,738
20211,A,골목상권,3111025,경찰병원역 3번,3043,1505,1538,304,592,669,407,462,609,173,285,330,215,218,284,131,307,339,192,244,325,1468,0,1468
20211,A,골목상권,3111026,문정역 2번,4545,2275,2270,643,707,949,723,695,828,331,365,495,366,330,388,312,342,454,357,365,440,1963,0,1963
20211,A,골목상권,3111027,문정초등학교,5416,2676,2740,684,939,1121,773,871,1028,361,459,594,399,390,473,323,480,527,374,481,555,2489,0,2489
20211,A,골목상권,3111028,문현중학교(장지역 1번),1839,936,903,227,359,380,260,265,348,118,182,209,128,142,157,109,177,171,132,123,191,915,0,915
20211,A,골목상권,3111029,오금역 4번,1287,639,648,147,197,201,190,225,327,77,104,97,97,110,154,70,93,104,93,115,173,664,0,664
20211,A,골목상권,3111030,방이역 2번,1884,923,961,275,303,265,281,348,412,149,152,126,132,174,190,126,151,139,149,174,222,803,0,803
20211,A,골목상권,3111031,장지동주민센터(한림연예예술고교),3628,1765,1863,576,517,591,612,562,770,284,246,314,303,278,340,292,271,277,309,284,430,1605,0,1605
20211,A,골목상권,3111032,방이역 1번,1705,818,887,275,234,237,222,271,466,131,121,117,105,128,216,144,113,120,117,143,250,636,0,636
20211,A,골목상권,3111033,문정동성당,674,327,347,92,106,106,106,109,155,38,53,58,53,50,75,54,53,48,53,59,80,325,0,325
20211,A,골목상권,3111034,오동나무공원(송파레미니스1단지),5033,2437,2596,819,710,795,820,866,1023,434,363,408,394,384,454,385,347,387,426,482,569,2058,0,2058
20211,A,골목상권,3111035,오금공원(오주중학교),3928,1946,1982,520,619,569,612,747,861,267,336,295,293,367,388,253,283,274,319,380,473,1672,0,1672
20211,A,골목상권,3111036,투구봉어린이공원,1369,701,668,202,240,207,219,247,254,100,128,118,113,127,115,102,112,89,106,120,139,570,0,570
20211,A,골목상권,3111037,Sh수협은행 오금동금융센터(아랫말어린이공원),537,282,255,57,88,77,73,114,128,28,52,38,42,56,66,29,36,39,31,58,62,245,0,245
20211,A,골목상권,3111038,보인중학교,2407,1201,1206,336,351,309,378,444,589,183,182,165,190,213,268,153,169,144,188,231,321,1006,0,1006
20211,A,골목상권,3111039,벌말어린이공원,2044,1026,1018,255,280,315,367,342,485,130,146,171,199,164,216,125,134,144,168,178,269,960,0,960
20211,A,골목상권,3111040,거여초등학교,2343,1123,1220,282,372,303,323,452,611,153,207,154,145,192,272,129,165,149,178,260,339,961,0,961
20211,A,골목상권,3111041,거여역 8번,1757,892,865,232,256,198,227,353,491,146,121,106,103,171,245,86,135,92,124,182,246,666,0,666
20211,A,골목상권,3111042,거여역 1번(거여공원),5657,2877,2780,686,778,821,855,1011,1506,361,407,438,446,527,698,325,371,383,409,484,808,2667,0,2667
20211,A,골목상권,3111043,마천공원,3084,1589,1495,363,407,370,432,624,888,209,219,207,218,302,434,154,188,163,214,322,454,1302,0,1302
20211,A,골목상권,3111044,남천초등학교,5036,2514,2522,607,600,590,754,942,1543,280,336,332,393,480,693,327,264,258,361,462,850,2445,0,2445
20211,A,골목상권,3111045,개미어린이공원,2117,1093,1024,247,290,260,285,412,623,132,166,150,143,221,281,115,124,110,142,191,342,1020,0,1020
20211,A,골목상권,3111046,마천역(마천초등학교),8877,4550,4327,1003,1011,1098,1298,1557,2910,505,538,621,684,848,1354,498,473,477,614,709,1556,4437,0,4437
20211,A,골목상권,3111047,마천1치안센터,2487,1328,1159,207,319,299,321,492,849,115,168,179,172,285,409,92,151,120,149,207,440,1315,0,1315
20211,A,골목상권,3111048,천호역 1번(천호문구완구거리),2340,1182,1158,164,332,384,290,430,740,79,176,212,156,219,340,85,156,172,134,211,400,1328,0,1328
20211,A,골목상권,3111049,천호지구대(천호동자전거거리),4059,2023,2036,389,599,930,570,642,929,197,254,497,331,298,446,192,345,433,239,344,483,2053,0,2053
20211,A,골목상권,3111050,강동구청(강동구청역 2번),1004,473,531,169,144,177,142,153,219,76,72,89,69,71,96,93,72,88,73,82,123,412,0,412
20211,A,골목상권,3111051,천호역 6번,6783,3247,3536,541,1208,1188,919,1064,1863,278,501,628,468,522,850,263,707,560,451,542,1013,3895,0,3895
20211,A,골목상권,3111052,암사역 3번(천호동자전거거리),6010,2944,3066,965,791,1212,927,882,1233,472,372,611,503,417,569,493,419,601,424,465,664,2679,0,2679
20211,A,골목상권,3111053,성내천어린이공원(하니사랑길),4507,2189,2318,766,598,680,770,689,1004,409,320,323,366,323,448,357,278,357,404,366,556,1768,0,1768
20211,A,골목상권,3111054,암사역 4번(삼성광나루아파트),441,216,225,50,81,67,70,53,120,25,48,33,34,23,53,25,33,34,36,30,67,234,0,234
20211,A,골목상권,3111055,선사초등학교,105,54,51,14,11,32,17,12,19,10,7,17,7,6,7,4,4,15,10,6,12,60,0,60
20211,A,골목상권,3111056,천호태영아파트,802,306,496,19,330,233,105,60,55,7,85,106,51,27,30,12,245,127,54,33,25,681,0,681
20211,A,골목상권,3111057,천호공원(해공체육문화센터),4221,2130,2091,467,532,639,565,725,1293,243,284,348,292,367,596,224,248,291,273,358,697,2178,0,2178
20211,A,골목상권,3111058,성내중학교,1575,787,788,201,257,266,238,269,344,107,123,138,125,132,162,94,134,128,113,137,182,702,0,702
20211,A,골목상권,3111059,강동역 4번(강풀만화거리),11270,5620,5650,1123,1864,1890,1629,1818,2946,584,888,1015,841,901,1391,539,976,875,788,917,1555,5801,0,5801
20211,A,골목상권,3111060,암사역 2번(서울강동초등학교),9867,4868,4999,1148,1442,1639,1525,1611,2502,591,734,860,766,787,1130,557,708,779,759,824,1372,4684,0,4684
20211,A,골목상권,3111061,암사역 1번,9641,4730,4911,1102,1334,1495,1497,1639,2574,550,677,781,791,793,1138,552,657,714,706,846,1436,4713,0,4713
20211,A,골목상권,3111062,둔촌동역 3번(성내3동주민센터),3532,1774,1758,589,502,430,599,599,813,346,293,214,265,297,359,243,209,216,334,302,454,1406,0,1406
20211,A,골목상권,3111063,강동구립 천호도서관,6177,3062,3115,460,1076,1230,765,913,1733,248,460,652,418,501,783,212,616,578,347,412,950,3706,0,3706
20211,A,골목상권,3111064,둔촌동역 4번,2762,1357,1405,363,460,376,415,498,650,197,249,203,201,231,276,166,211,173,214,267,374,1196,0,1196
20211,A,골목상권,3111065,천일초등학교,2837,1466,1371,292,413,353,394,564,821,151,206,201,224,311,373,141,207,152,170,253,448,1431,0,1431
20211,A,골목상권,3111066,암사동성당(효정하나플러스아파트),5430,2691,2739,577,767,806,808,1016,1456,277,418,414,418,491,673,300,349,392,390,525,783,2600,0,2600
20211,A,골목상권,3111067,강동구립성내도서관,9441,4559,4882,1099,1526,1648,1404,1527,2237,583,763,817,711,697,988,516,763,831,693,830,1249,4459,0,4459
20211,A,골목상권,3111068,강동성심병원,351,165,186,38,58,89,59,48,59,20,25,39,30,22,29,18,33,50,29,26,30,171,0,171
20211,A,골목상권,3111069,천호1동주민센터,5329,2685,2644,552,743,815,820,931,1468,286,384,444,444,454,673,266,359,371,376,477,795,2810,0,2810
20211,A,골목상권,3111070,천호초등학교,2665,1291,1374,363,363,440,430,421,648,172,176,212,236,222,273,191,187,228,194,199,375,1283,0,1283
20211,A,골목상권,3111071,천동초등학교,1313,666,647,177,161,218,193,199,365,91,83,130,102,91,169,86,78,88,91,108,196,531,0,531
20211,A,골목상권,3111072,굽은다리역 1번(십자성마을),7359,3629,3730,932,1030,1148,1132,1177,1940,479,516,620,596,521,897,453,514,528,536,656,1043,3168,0,3168
20211,A,골목상권,3111073,둔촌동역 1번(한산중학교),7108,3505,3603,932,1051,1036,1052,1247,1790,484,504,563,508,627,819,448,547,473,544,620,971,3295,0,3295
20211,A,골목상권,3111074,명일역 1번,2331,1133,1198,364,294,317,437,373,546,190,152,168,213,180,230,174,142,149,224,193,316,964,0,964
20211,A,골목상권,3111075,굽은다리역 2번,4283,2146,2137,472,624,571,569,746,1301,235,322,310,316,367,596,237,302,261,253,379,705,2011,0,2011
20211,A,골목상권,3111076,둔촌2동주민센터,2077,1038,1039,277,315,303,287,369,526,153,158,156,145,183,243,124,157,147,142,186,283,1011,0,1011
20211,A,골목상권,3111077,길동주민센터(강동도서관),11736,5803,5933,1469,1555,1691,1812,2019,3190,784,780,890,934,958,1457,685,775,801,878,1061,1733,5387,0,5387
20211,A,골목상권,3111078,굽은다리역 4번,9399,4627,4772,1035,1454,1414,1392,1591,2513,548,715,728,725,753,1158,487,739,686,667,838,1355,4316,0,4316
20211,A,골목상권,3111079,둔촌고등학교(둔촌중학교),1950,965,985,242,322,252,264,371,499,124,159,139,134,179,230,118,163,113,130,192,269,910,0,910
20211,A,골목상권,3111080,굽은다리역 3번,2995,1448,1547,460,395,414,431,495,800,236,198,228,210,221,355,224,197,186,221,274,445,1228,0,1228
20211,A,골목상권,3111081,둔촌푸르지오아파트,259,113,146,26,50,31,32,50,70,10,25,18,13,19,28,16,25,13,19,31,42,114,0,114
20211,A,골목상권,3111082,중앙보훈병원,1122,539,583,136,186,151,143,204,302,73,90,82,75,82,137,63,96,69,68,122,165,480,0,480
20211,A,골목상권,3111083,GS강동자이아파트,3217,1578,1639,463,469,443,479,581,782,254,241,224,234,280,345,209,228,219,245,301,437,1379,0,1379
20211,A,골목상권,3111084,길동신동아아파트,1001,483,518,163,151,149,150,169,219,93,78,69,68,76,99,70,73,80,82,93,120,354,0,354
20211,A,골목상권,3111085,묘곡초등학교(고덕아이파크아파트),4222,2214,2008,519,593,476,585,813,1236,277,326,286,305,420,600,242,267,190,280,393,636,1980,0,1980
20211,A,골목상권,3111086,한영중고,2403,1173,1230,452,314,279,407,393,558,228,165,150,198,198,234,224,149,129,209,195,324,1056,0,1056
20211,A,골목상권,3111087,고덕중학교(고덕2동주민센터),2415,1285,1130,302,308,290,337,454,724,169,170,171,182,231,362,133,138,119,155,223,362,1224,0,1224
20211,A,골목상권,3111088,고덕동성당,1940,1001,939,202,254,198,245,400,641,104,146,107,135,217,292,98,108,91,110,183,349,967,0,967
20211,A,골목상권,3111089,상일여고(상일초등학교),3621,1856,1765,415,548,429,463,753,1013,209,302,241,251,371,482,206,246,188,212,382,531,1702,0,1702
20211,A,골목상권,3111090,강일동주민센터,1002,537,465,45,271,232,169,134,151,23,122,132,101,78,81,22,149,100,68,56,70,826,0,826
20211,D,발달상권,3120001,서대문역,708,441,267,49,98,92,80,157,232,26,48,54,53,113,147,23,50,38,27,44,85,513,0,513
20211,D,발달상권,3120002,서촌(경복궁역),1589,739,850,192,208,231,235,238,485,104,106,107,113,104,205,88,102,124,122,134,280,798,0,798
20211,D,발달상권,3120003,광화문역,3003,1304,1699,391,388,570,478,433,743,189,153,229,194,196,343,202,235,341,284,237,400,1571,0,1571
20211,D,발달상권,3120004,종로구청,456,231,225,49,45,76,75,80,131,29,18,36,32,47,69,20,27,40,43,33,62,276,0,276
20211,D,발달상권,3120005,삼청동,1166,561,605,123,128,185,171,175,384,66,65,86,86,88,170,57,63,99,85,87,214,582,0,582
20211,D,발달상권,3120006,종각역,431,279,152,11,71,88,67,70,124,6,43,57,42,47,84,5,28,31,25,23,40,356,0,356
20211,D,발달상권,3120007,북촌(안국역),1599,713,886,178,171,174,255,267,554,91,78,79,123,111,231,87,93,95,132,156,323,817,0,817
20211,D,발달상권,3120008,인사동,397,219,178,17,28,75,55,67,155,12,14,36,24,43,90,5,14,39,31,24,65,308,0,308
20211,D,발달상권,3120009,종로3가역,3706,2479,1227,96,369,340,463,780,1658,52,216,223,323,609,1056,44,153,117,140,171,602,3116,0,3116
20211,D,발달상권,3120010,원남동사거리,810,414,396,45,243,128,80,106,208,21,92,70,50,75,106,24,151,58,30,31,102,589,0,589
20211,D,발달상권,3120011,종로4가,937,464,473,137,120,187,130,158,205,65,62,86,69,81,101,72,58,101,61,77,104,368,0,368
20211,D,발달상권,3120012,대학로(혜화역),2009,943,1066,117,671,321,230,275,395,51,274,166,120,148,184,66,397,155,110,127,211,1346,0,1346
20211,D,발달상권,3120013,이화사거리,823,411,412,49,300,169,83,73,149,22,136,84,47,44,78,27,164,85,36,29,71,631,0,631
20211,D,발달상권,3120014,종로5가역,1017,558,459,25,291,171,87,155,288,11,136,104,58,92,157,14,155,67,29,63,131,847,0,847
20211,D,발달상권,3120015,종로6가,145,84,61,9,13,14,13,34,62,3,7,9,7,23,35,6,6,5,6,11,27,101,0,101
20211,D,발달상권,3120016,동대문역,602,418,184,19,42,47,57,134,303,9,27,32,39,102,209,10,15,15,18,32,94,466,0,466
20211,D,발달상권,3120017,동묘앞역(동묘),1020,521,499,67,173,150,146,188,296,30,83,89,72,96,151,37,90,61,74,92,145,703,0,703
20211,D,발달상권,3120018,중림동,1800,1005,795,129,231,370,338,278,454,60,98,180,203,195,269,69,133,190,135,83,185,1266,0,1266
20211,D,발달상권,3120019,경찰청앞교차로,324,143,181,38,40,78,80,41,47,16,11,39,41,15,21,22,29,39,39,26,26,194,0,194
20211,D,발달상권,3120020,시청역_1번,10,5,5,1,2,0,1,5,1,0,2,0,0,2,1,1,0,0,1,3,0,7,0,7
20211,D,발달상권,3120021,시청역_8번,25,16,9,0,2,2,2,4,15,0,2,1,1,2,10,0,0,1,1,2,5,14,0,14
20211,D,발달상권,3120022,북창동(시청역_6번),258,171,87,2,20,39,40,43,114,1,8,30,33,28,71,1,12,9,7,15,43,234,0,234
20211,D,발달상권,3120023,서울시청,19,10,9,1,1,0,4,4,9,0,0,0,3,1,6,1,1,0,1,3,3,14,0,14
20211,D,발달상권,3120024,회현역,1625,814,811,83,119,153,196,230,844,34,45,81,111,119,424,49,74,72,85,111,420,1109,0,1109
20211,D,발달상권,3120026,을지로입구역,66,38,28,4,5,5,6,16,30,2,3,3,2,11,17,2,2,2,4,5,13,48,0,48
20211,D,발달상권,3120027,명동역(명동재미로),1216,577,639,111,130,152,174,204,445,60,51,73,86,97,210,51,79,79,88,107,235,695,0,695
20211,D,발달상권,3120028,명동(명동거리),117,75,42,8,10,14,13,30,42,3,5,10,9,21,27,5,5,4,4,9,15,85,0,85
20211,D,발달상권,3120029,을지로2가,14,9,5,1,1,2,1,3,6,1,1,1,1,2,3,0,0,1,0,1,3,10,0,10
20211,D,발달상권,3120030,중부경찰서(영화인의거리),427,239,188,38,113,96,46,51,83,17,46,62,32,34,48,21,67,34,14,17,35,316,0,316
20211,D,발달상권,3120031,을지로3가역,670,395,275,7,83,114,89,103,274,4,35,62,57,73,164,3,48,52,32,30,110,588,0,588
20211,D,발달상권,3120032,충무로역,2406,1270,1136,144,385,303,297,400,877,78,202,177,174,224,415,66,183,126,123,176,462,1495,0,1495
20211,D,발달상권,3120033,을지로4가역,80,48,32,1,2,12,4,11,50,0,1,9,3,5,30,1,1,3,1,6,20,57,0,57
20211,D,발달상권,3120034,중구청(퇴계로4가),1256,637,619,118,285,292,165,200,196,62,113,168,79,107,108,56,172,124,86,93,88,739,0,739
20211,D,발달상권,3120035,퇴계로5가,389,215,174,11,113,70,43,57,95,6,50,41,28,35,55,5,63,29,15,22,40,288,0,288
20211,D,발달상권,3120036,장충동족발거리(남소영길),310,158,152,34,85,39,38,34,80,19,45,13,23,18,40,15,40,26,15,16,40,208,0,208
20211,D,발달상권,3120037,동대문역사문화공원역,2054,1067,987,106,280,301,238,358,771,52,132,161,127,206,389,54,148,140,111,152,382,1352,0,1352
20211,D,발달상권,3120038,약수역,2176,1022,1154,170,384,277,303,330,712,90,180,129,155,154,314,80,204,148,148,176,398,1252,0,1252
20211,D,발달상권,3120039,신당역,3369,1652,1717,261,748,693,443,553,671,120,328,336,230,291,347,141,420,357,213,262,324,2095,0,2095
20211,D,발달상권,3120040,용산전자상가(용산역),1415,800,615,104,191,347,254,198,321,55,102,193,167,124,159,49,89,154,87,74,162,843,0,843
20211,D,발달상권,3120041,신용산역(용산역),7176,3373,3803,667,1287,1849,993,1170,1210,344,524,865,477,558,605,323,763,984,516,612,605,4109,0,4109
20211,D,발달상권,3120042,"숙대입구역(남영역, 남영동)",316,158,158,9,89,82,49,43,44,5,37,37,28,27,24,4,52,45,21,16,20,261,0,261
20211,D,발달상권,3120043,서울역,878,774,104,6,11,34,100,279,448,2,6,32,86,265,383,4,5,2,14,14,65,836,0,836
20211,D,발달상권,3120044,삼각지역,1708,894,814,141,284,357,207,266,453,74,160,198,113,134,215,67,124,159,94,132,238,1029,0,1029
20211,D,발달상권,3120045,남영동 먹자골목,634,408,226,22,69,89,108,141,205,11,39,53,84,102,119,11,30,36,24,39,86,487,0,487
20211,D,발달상권,3120046,이태원(이태원역),2689,1360,1329,190,475,595,399,385,645,100,235,340,205,191,289,90,240,255,194,194,356,1705,0,1705
20211,D,발달상권,3120047,한남오거리,1746,794,952,142,229,405,334,234,402,64,113,178,152,110,177,78,116,227,182,124,225,1075,0,1075
20211,D,발달상권,3120048,금호역,1469,733,736,113,224,187,213,259,473,64,125,98,107,132,207,49,99,89,106,127,266,787,0,787
20211,D,발달상권,3120049,왕십리역(왕십리),2400,1136,1264,151,1070,392,196,218,373,73,465,215,95,104,184,78,605,177,101,114,189,1765,0,1765
20211,D,발달상권,3120050,서울숲역,884,435,449,88,188,194,116,136,162,44,90,103,55,70,73,44,98,91,61,66,89,491,0,491
20211,D,발달상권,3120051,뚝섬역,2209,1100,1109,231,362,394,341,361,520,116,159,194,174,208,249,115,203,200,167,153,271,1248,0,1248
20211,D,발달상권,3120052,성수역,1062,596,466,70,216,201,151,191,233,38,94,117,89,127,131,32,122,84,62,64,102,722,0,722
20211,D,발달상권,3120053,건대입구역(건대),4276,1997,2279,191,1304,696,442,444,1199,91,566,366,223,229,522,100,738,330,219,215,677,2966,0,2966
20211,D,발달상권,3120054,어린이대공원역,4222,1933,2289,344,1424,876,484,462,632,166,533,437,250,248,299,178,891,439,234,214,333,2832,0,2832
20211,D,발달상권,3120055,군자역,6446,2864,3582,429,1755,1456,744,836,1226,215,608,632,382,426,601,214,1147,824,362,410,625,4160,0,4160
20211,D,발달상권,3120056,구의역,4390,1983,2407,252,1399,1089,565,459,626,137,523,505,291,234,293,115,876,584,274,225,333,3114,0,3114
20211,D,발달상권,3120057,아차산역,3492,1639,1853,390,574,641,471,592,824,211,235,305,243,273,372,179,339,336,228,319,452,1831,0,1831
20211,D,발달상권,3120058,구의사거리,1867,938,929,245,298,318,284,271,451,131,159,157,144,141,206,114,139,161,140,130,245,925,0,925
20211,D,발달상권,3120059,구삼강변맛길,4389,2089,2300,686,714,605,774,740,870,323,324,281,360,387,414,363,390,324,414,353,456,1946,0,1946
20211,D,발달상권,3120060,강변역(테크노마트),5,4,1,0,0,1,0,1,3,0,0,1,0,0,3,0,0,0,0,1,0,5,0,5
20211,D,발달상권,3120061,올림픽대교북단,234,99,135,16,48,59,32,35,44,3,20,26,14,17,19,13,28,33,18,18,25,156,0,156
20211,D,발달상권,3120062,신설동역,3593,1835,1758,117,1175,721,424,483,673,62,396,369,273,335,400,55,779,352,151,148,273,2999,0,2999
20211,D,발달상권,3120063,청량리역(청량리),1404,821,583,60,259,190,159,266,470,25,112,94,108,174,308,35,147,96,51,92,162,1025,0,1025
20211,D,발달상권,3120064,경희대학교(경희대),691,331,360,66,246,90,78,81,130,25,105,54,36,46,65,41,141,36,42,35,65,481,0,481
20211,D,발달상권,3120065,회기역,2091,940,1151,186,832,359,222,171,321,88,316,188,108,86,154,98,516,171,114,85,167,1486,0,1486
20211,D,발달상권,3120066,장한평역(장한평),4543,2353,2190,276,1157,1067,622,625,796,137,465,579,364,365,443,139,692,488,258,260,353,3035,0,3035
20211,D,발달상권,3120067,장안동사거리,6314,3185,3129,764,1118,1377,1043,888,1124,407,473,721,560,478,546,357,645,656,483,410,578,3467,0,3467
20211,D,발달상권,3120068,사가정역,706,362,344,20,68,121,114,128,255,11,30,68,63,73,117,9,38,53,51,55,138,530,0,530
20211,D,발달상권,3120069,상봉역,6439,2955,3484,699,1444,1203,920,959,1214,344,527,563,447,485,589,355,917,640,473,474,625,3444,0,3444
20211,D,발달상권,3120070,한성대입구역,1072,508,564,91,223,155,155,153,295,48,87,75,87,80,131,43,136,80,68,73,164,701,0,701
20211,D,발달상권,3120071,성북구청,1059,457,602,66,344,219,128,131,171,34,119,93,66,72,73,32,225,126,62,59,98,746,0,746
20211,D,발달상권,3120072,성신여대,3093,1168,1925,171,1239,563,320,312,488,77,304,245,150,171,221,94,935,318,170,141,267,2335,0,2335
20211,D,발달상권,3120073,미아사거리,982,465,517,51,188,120,124,179,320,23,71,59,67,97,148,28,117,61,57,82,172,685,0,685
20211,D,발달상권,3120074,안암역,420,187,233,26,224,46,22,35,67,10,99,24,9,19,26,16,125,22,13,16,41,333,0,333
20211,D,발달상권,3120075,월곡역,2247,1023,1224,246,584,329,295,340,453,118,206,171,135,179,214,128,378,158,160,161,239,1269,0,1269
20211,D,발달상권,3120076,수유역,5624,2866,2758,280,1332,1013,892,892,1215,144,501,564,511,518,628,136,831,449,381,374,587,4009,0,4009
20211,D,발달상권,3120077,미아역,1777,907,870,153,325,208,251,332,508,83,141,116,137,180,250,70,184,92,114,152,258,1077,0,1077
20211,D,발달상권,3120078,미아사거리역,527,257,270,34,74,72,66,95,186,21,32,36,31,45,92,13,42,36,35,50,94,322,0,322
20211,D,발달상권,3120079,창동역,515,316,199,17,136,85,89,101,87,13,58,52,55,73,65,4,78,33,34,28,22,450,0,450
20211,D,발달상권,3120080,마들역,3,2,1,0,0,0,0,0,3,0,0,0,0,0,2,0,0,0,0,0,1,3,0,3
20211,D,발달상권,3120081,노원역,1060,611,449,48,260,180,152,194,226,20,104,112,96,134,145,28,156,68,56,60,81,855,0,855
20211,D,발달상권,3120082,상계백병원,80,31,49,11,19,14,13,11,12,6,6,5,6,5,3,5,13,9,7,6,9,47,0,47
20211,D,발달상권,3120083,등나무근린공원,1535,719,816,322,218,217,379,269,130,154,99,105,174,127,60,168,119,112,205,142,70,633,0,633
20211,D,발달상권,3120084,공릉역,1609,813,796,135,340,216,231,269,418,72,175,108,127,138,193,63,165,108,104,131,225,1077,0,1077
20211,D,발달상권,3120085,은행사거리,191,89,102,57,19,19,55,25,16,27,8,8,28,11,7,30,11,11,27,14,9,100,0,100
20211,D,발달상권,3120086,태릉입구역,1636,778,858,166,479,250,223,257,261,89,155,128,119,150,137,77,324,122,104,107,124,934,0,934
20211,D,발달상권,3120087,응암역,2245,1003,1242,194,469,473,349,299,461,102,172,216,166,148,199,92,297,257,183,151,262,1374,0,1374
20211,D,발달상권,3120088,구산역,1660,758,902,257,273,215,297,257,361,102,113,110,127,142,164,155,160,105,170,115,197,772,0,772
20211,D,발달상권,3120089,구파발역,3135,1406,1729,553,538,884,567,301,292,283,178,380,280,155,130,270,360,504,287,146,162,1612,0,1612
20211,D,발달상권,3120090,연신내역,2993,1366,1627,138,1003,626,339,331,556,70,383,305,172,171,265,68,620,321,167,160,291,2194,0,2194
20211,D,발달상권,3120091,본서부병원,3435,1517,1918,390,743,609,553,465,675,206,257,273,276,223,282,184,486,336,277,242,393,1936,0,1936
20211,D,발달상권,3120092,불광역,1284,614,670,74,324,249,140,198,299,35,127,129,74,99,150,39,197,120,66,99,149,845,0,845
20211,D,발달상권,3120093,연희동,1107,520,587,104,335,226,121,127,194,45,171,114,48,54,88,59,164,112,73,73,106,700,0,700
20211,D,발달상권,3120094,"신촌역(신촌역, 신촌로터리)",3725,1858,1867,134,1612,770,365,313,531,70,742,405,205,190,246,64,870,365,160,123,285,2990,0,2990
20211,D,발달상권,3120095,홍제역,1480,694,786,102,236,175,203,271,493,58,90,96,97,144,209,44,146,79,106,127,284,940,0,940
20211,D,발달상권,3120096,"이화여대(이대역, 이대)",2851,987,1864,128,1239,499,282,270,433,56,288,212,134,130,167,72,951,287,148,140,266,2265,0,2265
20211,D,발달상권,3120097,충정로역,873,324,549,30,363,293,90,43,54,11,119,107,44,19,24,19,244,186,46,24,30,718,0,718
20211,D,발달상권,3120098,DMC(디지털미디어시티),1285,501,784,95,474,308,232,111,65,46,125,130,101,68,31,49,349,178,131,43,34,981,0,981
20211,D,발달상권,3120100,망원역,1147,542,605,114,218,237,183,136,259,60,105,105,94,65,113,54,113,132,89,71,146,633,0,633
20211,D,발달상권,3120101,합정역,6959,3247,3712,1045,1428,1187,946,1060,1293,546,628,525,446,515,587,499,800,662,500,545,706,3485,0,3485
20211,D,발달상권,3120102,서교동(홍대),3224,1523,1701,264,677,664,516,427,676,131,300,315,264,208,305,133,377,349,252,219,371,1861,0,1861
20211,D,발달상권,3120103,홍대입구역(홍대),4693,2085,2608,276,1684,1067,544,426,696,143,649,513,271,206,303,133,1035,554,273,220,393,3238,0,3238
20211,D,발달상권,3120104,연남동(홍대),7337,3503,3834,606,1706,1637,1041,854,1493,319,802,805,521,403,653,287,904,832,520,451,840,4471,0,4471
20211,D,발달상권,3120105,상수역(홍대),1351,591,760,66,487,303,161,105,229,36,199,139,79,44,94,30,288,164,82,61,135,991,0,991
20211,D,발달상권,3120106,마포역,3616,1626,1990,446,472,919,737,512,530,206,186,418,303,264,249,240,286,501,434,248,281,2059,0,2059
20211,D,발달상권,3120107,공덕역(공덕오거리),2488,1106,1382,292,463,505,424,421,383,151,177,207,187,206,178,141,286,298,237,215,205,1269,0,1269
20211,D,발달상권,3120108,신정네거리역,3392,1673,1719,310,597,622,515,523,825,161,247,329,257,284,395,149,350,293,258,239,430,1994,0,1994
20211,D,발달상권,3120109,서울남부지방법원,2189,1095,1094,348,275,274,343,373,576,183,125,135,177,199,276,165,150,139,166,174,300,1055,0,1055
20211,D,발달상권,3120110,목동역 8번출구,2200,1164,1036,229,380,341,342,387,521,113,193,180,194,210,274,116,187,161,148,177,247,1182,0,1182
20211,D,발달상권,3120111,목동사거리,2454,1234,1220,236,385,478,391,379,585,132,186,245,208,188,275,104,199,233,183,191,310,1306,0,1306
20211,D,발달상권,3120112,등촌역,4543,2031,2512,351,1138,1185,606,521,742,174,401,539,311,265,341,177,737,646,295,256,401,2850,0,2850
20211,D,발달상권,3120113,오목교역,3323,1589,1734,758,405,360,658,520,622,380,192,167,311,260,279,378,213,193,347,260,343,1227,0,1227
20211,D,발달상권,3120114,목동신시가지,10522,5044,5478,2819,1102,1205,2483,1418,1495,1490,499,466,1106,785,698,1329,603,739,1377,633,797,3858,0,3858
20211,D,발달상권,3120116,송정역,861,436,425,39,253,187,97,112,173,21,116,97,54,59,89,18,137,90,43,53,84,628,0,628
20211,D,발달상권,3120117,강서농산물도매시장,48,26,22,7,15,4,4,7,11,3,6,3,3,3,8,4,9,1,1,4,3,41,0,41
20211,D,발달상권,3120118,마곡역(마곡),1725,735,990,18,696,691,205,76,39,9,182,346,130,48,20,9,514,345,75,28,19,1583,0,1583
20211,D,발달상권,3120119,발산역(마곡),2329,974,1355,56,1033,707,288,160,85,29,262,352,162,112,57,27,771,355,126,48,28,2112,0,2112
20211,D,발달상권,3120120,화곡역,2784,1304,1480,202,657,733,363,359,470,101,272,357,177,178,219,101,385,376,186,181,251,1729,0,1729
20211,D,발달상권,3120121,까치산역,3505,1591,1914,233,884,954,467,334,633,126,327,481,225,149,283,107,557,473,242,185,350,2142,0,2142
20211,D,발달상권,3120122,강서구청,6478,2907,3571,458,2103,1700,816,629,772,232,706,833,443,333,360,226,1397,867,373,296,412,4582,0,4582
20211,D,발달상권,3120123,오류동역,5234,2395,2839,314,1587,1723,620,352,638,162,565,860,330,203,275,152,1022,863,290,149,363,3946,0,3946
20211,D,발달상권,3120124,개봉동 현대아파트,3727,1824,1903,422,431,518,556,641,1159,220,210,281,302,299,512,202,221,237,254,342,647,1831,0,1831
20211,D,발달상권,3120125,구로역,2187,1133,1054,239,380,459,376,343,390,129,189,223,206,191,195,110,191,236,170,152,195,1144,0,1144
20211,D,발달상권,3120126,디지털단지오거리,599,352,247,13,105,76,75,126,204,8,61,49,49,78,107,5,44,27,26,48,97,446,0,446
20211,D,발달상권,3120127,구로구청,5087,2303,2784,368,1573,1317,755,558,516,194,509,646,388,332,234,174,1064,671,367,226,282,3664,0,3664
20211,D,발달상권,3120128,신도림역,3192,1531,1661,370,568,830,535,478,411,184,229,408,263,234,213,186,339,422,272,244,198,1605,0,1605
20211,D,발달상권,3120129,구로디지털단지,1525,795,730,84,450,461,208,141,181,44,217,252,126,81,75,40,233,209,82,60,106,1148,0,1148
20211,D,발달상권,3120130,구로디지털단지역,2067,1156,911,59,615,611,311,260,211,30,276,342,207,175,126,29,339,269,104,85,85,1747,0,1747
20211,D,발달상권,3120131,가산디지털단지,4705,2495,2210,99,2104,1369,509,293,331,40,855,872,353,201,174,59,1249,497,156,92,157,4135,0,4135
20211,D,발달상권,3120132,독산동,6630,3819,2811,479,1483,1727,954,893,1094,236,789,1115,593,530,556,243,694,612,361,363,538,4547,0,4547
20211,D,발달상권,3120133,서울시흥동우체국(홈플러스시흥점),559,280,279,39,119,99,67,88,147,23,52,52,35,46,72,16,67,47,32,42,75,337,0,337
20211,D,발달상권,3120134,구로전화국,3479,1767,1712,239,665,733,457,557,828,115,303,415,240,293,401,124,362,318,217,264,427,2172,0,2172
20211,D,발달상권,3120135,양평역,511,246,265,49,88,127,89,49,109,28,39,58,49,28,44,21,49,69,40,21,65,321,0,321
20211,D,발달상권,3120136,영등포구청역,2992,1544,1448,181,660,639,380,415,717,83,317,348,214,233,349,98,343,291,166,182,368,2043,0,2043
20211,D,발달상권,3120138,당산2동(영등포우체국),1775,843,932,169,352,309,221,233,491,85,172,153,107,118,208,84,180,156,114,115,283,1119,0,1119
20211,D,발달상권,3120139,대림3동사거리,2313,1207,1106,243,323,248,364,490,645,118,173,131,186,274,325,125,150,117,178,216,320,1232,0,1232
20211,D,발달상권,3120140,문래동주민센터,1164,578,586,171,105,144,201,203,340,84,60,59,97,113,165,87,45,85,104,90,175,597,0,597
20211,D,발달상권,3120141,영등포청과시장교차로,1335,649,686,81,301,299,156,194,304,30,128,157,90,99,145,51,173,142,66,95,159,843,0,843
20211,D,발달상권,3120142,대림역,1534,844,690,93,242,231,229,294,445,45,137,152,136,151,223,48,105,79,93,143,222,1022,0,1022
20211,D,발달상권,3120143,당산역,2879,1189,1690,79,1085,1022,261,184,248,39,308,489,138,94,121,40,777,533,123,90,127,2355,0,2355
20211,D,발달상권,3120144,영중로,1597,676,921,46,590,519,173,101,168,25,170,237,94,61,89,21,420,282,79,40,79,1356,0,1356
20211,D,발달상권,3120145,영등포역(영등포),4753,2992,1761,80,1212,1072,624,758,1007,37,536,650,455,609,705,43,676,422,169,149,302,4219,0,4219
20211,D,발달상권,3120146,한강성심병원,2442,1212,1230,60,989,909,203,134,147,29,375,530,128,77,73,31,614,379,75,57,74,2068,0,2068
20211,D,발달상권,3120147,보라매역,1093,515,578,107,259,247,155,113,212,54,101,120,73,53,114,53,158,127,82,60,98,645,0,645
20211,D,발달상권,3120148,국회의사당역(국회의사당),2445,1145,1300,223,456,800,399,264,303,113,174,381,187,138,152,110,282,419,212,126,151,1658,0,1658
20211,D,발달상권,3120149,여의도역(여의도),2805,1333,1472,470,304,336,470,516,709,223,151,131,230,253,345,247,153,205,240,263,364,1075,0,1075
20211,D,발달상권,3120150,63빌딩,637,282,355,100,61,73,101,97,205,42,27,26,50,47,90,58,34,47,51,50,115,263,0,263
20211,D,발달상권,3120151,보라매공원,5056,2353,2703,799,677,718,809,648,1405,382,309,332,383,305,642,417,368,386,426,343,763,2091,0,2091
20211,D,발달상권,3120152,신대방삼거리역,2793,1245,1548,295,658,662,372,324,482,146,226,282,191,164,236,149,432,380,181,160,246,1709,0,1709
20211,D,발달상권,3120153,노량진역(노량진),2159,1092,1067,63,1012,529,172,156,227,32,430,329,107,88,106,31,582,200,65,68,121,1856,0,1856
20211,D,발달상권,3120154,장승배기역,1002,447,555,66,271,191,120,112,242,31,110,90,59,57,100,35,161,101,61,55,142,648,0,648
20211,D,발달상권,3120155,총신대학교,2123,1020,1103,300,304,318,360,301,540,149,148,153,182,148,240,151,156,165,178,153,300,996,0,996
20211,D,발달상권,3120156,"총신대입구역(이수, 총신대)",4405,2034,2371,488,851,694,659,664,1049,237,336,323,327,335,476,251,515,371,332,329,573,2369,0,2369
20211,D,발달상권,3120157,신림역(신림),8448,4409,4039,285,3376,2264,878,671,974,148,1575,1323,504,368,491,137,1801,941,374,303,483,6728,0,6728
20211,D,발달상권,3120158,녹두거리(대학동),2123,1220,903,90,748,460,301,216,308,50,389,296,202,144,139,40,359,164,99,72,169,1747,0,1747
20211,D,발달상권,3120159,서울대입구역,8567,3745,4822,255,4457,2012,671,496,676,103,1645,1007,364,272,354,152,2812,1005,307,224,322,7285,0,7285
20211,D,발달상권,3120160,사당역(사당),3973,1867,2106,395,989,915,535,451,688,185,407,467,269,209,330,210,582,448,266,242,358,2376,0,2376
20211,D,발달상권,3120161,방배동가구거리(사당동가구거리),1317,610,707,241,195,180,261,204,236,120,98,91,115,97,89,121,97,89,146,107,147,542,0,542
20211,D,발달상권,3120162,방배동카페골목,2276,1065,1211,375,335,391,440,342,393,186,147,185,197,170,180,189,188,206,243,172,213,1096,0,1096
20211,D,발달상권,3120163,사당역 11번(사당역먹자골목),3524,1648,1876,467,506,550,549,533,919,235,243,255,266,243,406,232,263,295,283,290,513,1661,0,1661
20211,D,발달상권,3120164,내방역,2972,1379,1593,389,404,515,505,423,736,178,180,229,246,216,330,211,224,286,259,207,406,1480,0,1480
20211,D,발달상권,3120165,서래마을카페거리(서래마을),1604,745,859,336,194,208,312,234,320,178,88,87,139,117,136,158,106,121,173,117,184,618,0,618
20211,D,발달상권,3120166,방배역,3076,1493,1583,348,421,511,541,488,767,197,197,243,266,243,347,151,224,268,275,245,420,1703,0,1703
20211,D,발달상권,3120167,고속터미널(고속터미널역),304,147,157,92,27,31,70,41,43,46,16,12,30,24,19,46,11,19,40,17,24,96,0,96
20211,D,발달상권,3120168,서울고교교차로,375,190,185,62,41,94,68,44,66,38,23,46,34,18,31,24,18,48,34,26,35,149,0,149
20211,D,발달상권,3120169,서초역,2053,971,1082,269,326,374,285,338,461,140,150,172,135,163,211,129,176,202,150,175,250,917,0,917
20211,D,발달상권,3120170,삼호가든사거리,614,292,322,130,59,132,102,82,109,69,30,58,49,42,44,61,29,74,53,40,65,259,0,259
20211,D,발달상권,3120171,서초3동사거리,3163,1528,1635,359,616,583,514,482,609,187,252,285,259,245,300,172,364,298,255,237,309,1771,0,1771
20211,D,발달상권,3120172,교대입구교차로,3843,1921,1922,390,671,985,703,533,561,221,298,489,354,277,282,169,373,496,349,256,279,2327,0,2327
20211,D,발달상권,3120173,교대역(법원.검찰청),5359,2576,2783,685,929,1060,885,796,1004,345,432,505,421,404,469,340,497,555,464,392,535,2857,0,2857
20211,D,발달상권,3120174,논현역 5번,1387,653,734,173,263,259,216,189,287,90,104,122,113,87,137,83,159,137,103,102,150,717,0,717
20211,D,발달상권,3120175,남부터미널역,4099,1851,2248,450,724,1012,677,569,667,229,291,428,311,265,327,221,433,584,366,304,340,2394,0,2394
20211,D,발달상권,3120176,논현역 4번,4902,2315,2587,329,1008,1239,853,611,862,171,443,593,445,295,368,158,565,646,408,316,494,3227,0,3227
20211,D,발달상권,3120177,신논현역 1번,4597,2309,2288,238,1080,1226,739,550,764,125,498,619,410,299,358,113,582,607,329,251,406,3223,0,3223
20211,D,발달상권,3120178,신사역,3757,1859,1898,282,780,890,561,498,746,133,347,448,299,278,354,149,433,442,262,220,392,2447,0,2447
20211,D,발달상권,3120179,양재역,5125,2413,2712,574,922,1235,815,736,843,270,402,613,372,372,384,304,520,622,443,364,459,2769,0,2769
20211,D,발달상권,3120180,양재화물트럭터미널앞,1346,657,689,397,115,143,308,156,227,223,51,53,154,80,96,174,64,90,154,76,131,392,0,392
20211,D,발달상권,3120181,교육개발원입구사거리,1000,480,520,78,151,232,152,138,249,40,72,118,71,67,112,38,79,114,81,71,137,578,0,578
20211,D,발달상권,3120182,"양재시민의숲역(양재동꽃시장, aT센터)",1907,996,911,235,265,335,304,322,446,123,138,181,160,174,220,112,127,154,144,148,226,1043,0,1043
20211,D,발달상권,3120183,양재천카페거리,1202,611,591,107,173,245,247,183,247,59,90,135,128,90,109,48,83,110,119,93,138,700,0,700
20211,D,발달상권,3120184,포이사거리(삼호물산),5782,2984,2798,603,1025,1282,920,903,1049,330,488,687,476,475,528,273,537,595,444,428,521,3235,0,3235
20211,D,발달상권,3120185,논현역,3722,1809,1913,240,702,857,630,551,742,117,333,425,316,291,327,123,369,432,314,260,415,2397,0,2397
20211,D,발달상권,3120186,가로수길,3152,1382,1770,378,495,607,589,437,646,180,198,257,261,227,259,198,297,350,328,210,387,1777,0,1777
20211,D,발달상권,3120187,신논현역,5512,2640,2872,281,1241,1410,895,649,1036,134,504,686,488,347,481,147,737,724,407,302,555,3959,0,3959
20211,D,발달상권,3120188,압구정역,1129,540,589,157,157,213,198,140,264,83,79,97,92,68,121,74,78,116,106,72,143,598,0,598
20211,D,발달상권,3120189,강남역,6332,2979,3353,634,1313,1697,1025,783,880,313,537,818,493,399,419,321,776,879,532,384,461,4029,0,4029
20211,D,발달상권,3120190,강남을지병원,2366,1063,1303,254,457,495,423,288,449,129,182,233,182,142,195,125,275,262,241,146,254,1367,0,1367
20211,D,발달상권,3120191,학동역,4438,2087,2351,275,755,1109,868,578,853,139,339,539,401,301,368,136,416,570,467,277,485,2983,0,2983
20211,D,발달상권,3120192,뱅뱅사거리,6623,3041,3582,509,1616,2037,1095,647,719,250,618,966,536,332,339,259,998,1071,559,315,380,4718,0,4718
20211,D,발달상권,3120193,도산공원교차로,1184,561,623,125,177,217,210,160,295,58,97,101,110,70,125,67,80,116,100,90,170,596,0,596
20211,D,발달상권,3120194,언주역(차병원),2599,1282,1317,142,483,760,435,329,450,76,222,375,218,175,216,66,261,385,217,154,234,1764,0,1764
20211,D,발달상권,3120195,성수대교남단,444,233,211,59,65,73,87,60,100,36,32,36,44,35,50,23,33,37,43,25,50,224,0,224
20211,D,발달상권,3120196,서울세관,1453,699,754,109,189,275,280,232,368,51,87,140,139,123,159,58,102,135,141,109,209,940,0,940
20211,D,발달상권,3120197,역삼역,6083,3079,3004,523,1507,1800,856,603,794,324,602,907,475,361,410,199,905,893,381,242,384,4337,0,4337
20211,D,발달상권,3120198,구역삼세무서,7376,3813,3563,479,1410,1908,1355,980,1244,248,673,1017,733,547,595,231,737,891,622,433,649,5072,0,5072
20211,D,발달상권,3120199,경복아파트교차로,862,407,455,80,148,260,192,91,91,38,61,113,108,51,36,42,87,147,84,40,55,598,0,598
20211,D,발달상권,3120200,학동사거리,976,427,549,88,166,208,160,125,229,48,59,79,77,62,102,40,107,129,83,63,127,565,0,565
20211,D,발달상권,3120201,도곡1동,1880,867,1013,176,361,462,299,254,328,90,135,218,146,126,152,86,226,244,153,128,176,1108,0,1108
20211,D,발달상권,3120202,압구정로데오역(압구정로데오),1843,860,983,267,240,256,318,276,486,127,94,118,151,144,226,140,146,138,167,132,260,793,0,793
20211,D,발달상권,3120203,강남구청역,1522,713,809,147,292,382,251,204,246,66,136,170,111,112,118,81,156,212,140,92,128,920,0,920
20211,D,발달상권,3120204,르네상스호텔사거리,1595,712,883,107,316,509,318,182,163,53,116,235,151,81,76,54,200,274,167,101,87,1127,0,1127
20211,D,발달상권,3120205,매봉역,1116,543,573,131,209,180,176,172,248,78,88,83,96,73,125,53,121,97,80,99,123,592,0,592
20211,D,발달상권,3120206,개나리아파트,4115,1932,2183,687,712,622,766,564,764,366,326,266,355,290,329,321,386,356,411,274,435,2106,0,2106
20211,D,발달상권,3120207,선정릉역,6714,2997,3717,804,1098,1452,1288,894,1178,423,464,615,576,418,501,381,634,837,712,476,677,3816,0,3816
20211,D,발달상권,3120208,청담사거리(청담동명품거리),3501,1584,1917,373,504,586,624,510,904,184,208,269,296,228,399,189,296,317,328,282,505,1999,0,1999
20211,D,발달상권,3120209,"강남구청(청담역_8번, 강남세무서)",1374,624,750,205,242,240,225,210,252,113,100,92,99,97,123,92,142,148,126,113,129,671,0,671
20211,D,발달상권,3120210,선릉역,4780,2264,2516,332,934,1309,900,630,675,155,372,615,448,336,338,177,562,694,452,294,337,3339,0,3339
20211,D,발달상권,3120211,도성초등학교,1638,780,858,338,246,204,340,267,243,182,124,90,139,131,114,156,122,114,201,136,129,726,0,726
20211,D,발달상권,3120212,한티역,1483,713,770,271,240,150,288,289,245,141,110,71,126,152,113,130,130,79,162,137,132,683,0,683
20211,D,발달상권,3120213,삼성중앙역,4143,2023,2120,429,753,864,708,594,795,245,360,405,359,293,361,184,393,459,349,301,434,2324,0,2324
20211,D,발달상권,3120214,영동대교남단교차로,706,345,361,125,96,123,130,115,117,66,44,53,66,57,59,59,52,70,64,58,58,303,0,303
20211,D,발달상권,3120215,포스코사거리,3639,1706,1933,398,635,916,760,470,460,222,258,384,368,254,220,176,377,532,392,216,240,2275,0,2275
20211,D,발달상권,3120216,경기고교사거리(경기고교앞사거리),218,98,120,12,38,61,44,28,35,6,16,23,20,19,14,6,22,38,24,9,21,151,0,151
20211,D,발달상권,3120217,대치사거리,3838,1911,1927,633,717,676,724,551,537,377,346,337,327,278,246,256,371,339,397,273,291,2031,0,2031
20211,D,발달상권,3120218,코엑스,28,15,13,2,4,2,4,8,8,0,2,1,2,4,6,2,2,1,2,4,2,17,0,17
20211,D,발달상권,3120219,은마아파트,1101,557,544,225,169,92,250,189,176,137,90,41,111,99,79,88,79,51,139,90,97,436,0,436
20211,D,발달상권,3120220,대치역,1297,634,663,375,145,80,315,207,175,191,69,35,139,111,89,184,76,45,176,96,86,391,0,391
20211,D,발달상권,3120221,봉은사역,711,359,352,60,85,148,142,106,170,32,51,76,70,58,72,28,34,72,72,48,98,493,0,493
20211,D,발달상권,3120222,삼성역,746,381,365,62,176,173,115,116,104,38,78,78,55,75,57,24,98,95,60,41,47,508,0,508
20211,D,발달상권,3120223,휘문고교사거리,309,158,151,62,42,27,58,59,61,38,23,12,26,30,29,24,19,15,32,29,32,111,0,111
20211,D,발달상권,3120224,수서역,594,284,310,26,106,144,96,113,109,8,38,65,49,68,56,18,68,79,47,45,53,437,0,437
20211,D,발달상권,3120225,잠실새내역(신천),4074,1922,2152,274,765,912,639,554,930,142,316,443,324,276,421,132,449,469,315,278,509,2702,0,2702
20211,D,발달상권,3120226,석촌고분역,1955,922,1033,189,340,436,282,302,406,101,159,203,142,136,181,88,181,233,140,166,225,1092,0,1092
20211,D,발달상권,3120227,잠실역,5684,2620,3064,972,674,928,874,881,1355,472,310,411,397,397,633,500,364,517,477,484,722,2183,0,2183
20211,D,발달상권,3120228,석촌역(석촌호수),4223,1985,2238,388,828,906,601,605,895,201,377,420,283,291,413,187,451,486,318,314,482,2293,0,2293
20211,D,발달상권,3120229,방이동먹자골목,2889,1401,1488,137,643,708,418,422,561,68,284,351,209,220,269,69,359,357,209,202,292,2005,0,2005
20211,D,발달상권,3120230,송파사거리(송파역),1644,834,810,172,221,473,206,201,371,87,99,241,115,115,177,85,122,232,91,86,194,906,0,906
20211,D,발달상권,3120232,송파나루역,875,426,449,93,167,178,124,131,182,46,79,91,59,68,83,47,88,87,65,63,99,462,0,462
20211,D,발달상권,3120233,몽촌토성역,3436,1375,2061,98,1266,1298,364,204,206,48,379,564,164,108,112,50,887,734,200,96,94,2871,0,2871
20211,D,발달상권,3120234,가락시장역,2694,1460,1234,235,419,436,425,577,602,117,217,248,230,324,324,118,202,188,195,253,278,1472,0,1472
20211,D,발달상권,3120235,문정역,4514,1904,2610,245,1378,1658,589,357,287,122,429,725,299,207,122,123,949,933,290,150,165,3480,0,3480
20211,D,발달상권,3120236,장지역(가든파이브),167,92,75,30,28,35,24,28,22,12,18,22,15,15,10,18,10,13,9,13,12,89,0,89
20211,D,발달상권,3120237,경찰병원역,3823,1982,1841,340,617,755,620,671,820,175,298,394,320,372,423,165,319,361,300,299,397,2305,0,2305
20211,D,발달상권,3120238,방이역,501,258,243,62,69,69,88,84,129,32,35,39,41,47,64,30,34,30,47,37,65,251,0,251
20211,D,발달상권,3120239,오금역,4150,2026,2124,491,680,725,619,688,947,264,314,359,305,330,454,227,366,366,314,358,493,2024,0,2024
20211,D,발달상권,3120240,개롱역,3595,1737,1858,608,526,511,680,556,714,320,250,254,320,274,319,288,276,257,360,282,395,1478,0,1478
20211,D,발달상권,3120241,거여역,1814,931,883,200,277,225,276,347,489,106,143,124,144,177,237,94,134,101,132,170,252,883,0,883
20211,D,발달상권,3120242,강동구청역,3677,1758,1919,506,543,653,626,521,828,268,254,299,302,260,375,238,289,354,324,261,453,1741,0,1741
20211,D,발달상권,3120243,천호역,4206,2016,2190,254,807,977,658,653,857,127,313,475,341,354,406,127,494,502,317,299,451,2801,0,2801
20211,D,발달상권,3120244,암사역,2164,1092,1072,191,361,437,353,313,509,95,160,234,186,174,243,96,201,203,167,139,266,1394,0,1394
20211,D,발달상권,3120245,둔촌역,2797,1426,1371,391,370,413,443,533,647,228,185,218,223,282,290,163,185,195,220,251,357,1358,0,1358
20211,D,발달상권,3120246,길동역,6298,3044,3254,408,1703,1430,840,843,1074,199,642,736,449,457,561,209,1061,694,391,386,513,4215,0,4215
20211,D,발달상권,3120247,굽은다리역,1819,832,987,195,307,325,257,282,453,87,141,150,130,127,197,108,166,175,127,155,256,888,0,888
20211,D,발달상권,3120248,명일역,2253,1121,1132,292,294,282,412,370,603,141,147,146,200,188,299,151,147,136,212,182,304,1153,0,1153
20211,D,발달상권,3120249,고덕역,1201,545,656,191,279,239,191,159,142,114,107,104,80,73,67,77,172,135,111,86,75,627,0,627
20211,R,전통시장,3130001,통인시장,690,297,393,73,84,89,102,119,223,34,36,35,48,53,91,39,48,54,54,66,132,344,0,344
20211,R,전통시장,3130002,세종마을음식문화거리(금천교시장),571,278,293,57,79,85,79,95,176,26,48,39,40,48,77,31,31,46,39,47,99,318,0,318
20211,R,전통시장,3130004,낙원시장(낙원지하시장(대일상가)),315,145,170,36,31,33,55,40,120,21,18,14,34,14,44,15,13,19,21,26,76,144,0,144
20211,R,전통시장,3130005,세운상가가동,27,21,6,0,2,4,4,10,7,0,2,3,3,7,6,0,0,1,1,3,1,22,0,22
20211,R,전통시장,3130007,광장시장(광장전통시장),91,41,50,3,10,8,9,15,46,1,8,4,4,8,16,2,2,4,5,7,30,66,0,66
20211,R,전통시장,3130009,마전교지하쇼핑센터(구 한일상가),1,1,0,0,0,0,0,0,1,0,0,0,0,0,1,0,0,0,0,0,0,1,0,1
20211,R,전통시장,3130010,종로신진시장,112,83,29,0,4,5,16,35,52,0,1,5,14,24,39,0,3,0,2,11,13,102,0,102
20211,R,전통시장,3130011,충신시장,191,102,89,15,26,13,27,43,67,7,11,10,15,24,35,8,15,3,12,19,32,98,0,98
20211,R,전통시장,3130012,"동대문종합시장(동대문종합시장 신관, 동대문종합시장D동상가)",2,2,0,0,0,0,0,2,0,0,0,0,0,2,0,0,0,0,0,0,0,2,0,2
20211,R,전통시장,3130013,동대문상가A동,40,18,22,0,3,2,3,5,27,0,3,1,1,3,10,0,0,1,2,2,17,27,0,27
20211,R,전통시장,3130014,동문시장,128,87,41,0,13,13,10,39,53,0,8,11,5,28,35,0,5,2,5,11,18,100,0,100
20211,R,전통시장,3130015,창신골목시장,733,388,345,42,64,55,96,161,315,23,36,36,49,99,145,19,28,19,47,62,170,502,0,502
20211,R,전통시장,3130016,동대문상가B동,51,29,22,2,8,9,4,11,17,0,7,6,1,5,10,2,1,3,3,6,7,28,0,28
20211,R,전통시장,3130017,동대문상가C동,81,51,30,4,9,5,10,13,40,3,8,5,10,7,18,1,1,0,0,6,22,55,0,55
20211,R,전통시장,3130018,동대문문구완구거리(동대문문구완구시장),132,75,57,8,11,19,8,24,62,6,6,10,7,11,35,2,5,9,1,13,27,87,0,87
20211,R,전통시장,3130019,동대문상가D동,50,27,23,2,2,7,11,7,21,1,2,4,6,3,11,1,0,3,5,4,10,33,0,33
20211,R,전통시장,3130020,동묘시장(동묘벼룩시장),413,206,207,5,142,69,42,56,99,1,51,38,25,37,54,4,91,31,17,19,45,349,0,349
20211,R,전통시장,3130021,신설종합시장,8,8,0,0,0,2,0,4,2,0,0,2,0,4,2,0,0,0,0,0,0,7,0,7
20211,R,전통시장,3130024,남대문시장(자유상가),62,37,25,1,4,5,7,15,30,0,3,4,5,11,14,1,1,1,2,4,16,49,0,49
20211,R,전통시장,3130031,청계천공구상가,40,27,13,0,0,3,5,8,24,0,0,3,4,8,12,0,0,0,1,0,12,33,0,33
20211,R,전통시장,3130032,인현시장,161,96,65,9,14,18,18,35,67,6,6,9,13,25,37,3,8,9,5,10,30,94,0,94
20211,R,전통시장,3130033,대림상가(청계상가),131,83,48,2,9,19,10,34,57,1,5,10,7,24,36,1,4,9,3,10,21,87,0,87
20211,R,전통시장,3130034,필동 골목형상점가,7,4,3,0,1,1,1,2,2,0,1,1,0,2,0,0,0,0,1,0,2,6,0,6
20211,R,전통시장,3130035,방산종합시장(방산시장),316,223,93,5,37,41,32,62,139,1,26,28,22,46,100,4,11,13,10,16,39,253,0,253
20211,R,전통시장,3130036,중부시장(신중부시장),378,219,159,9,89,57,41,61,121,6,25,32,30,48,78,3,64,25,11,13,43,326,0,326
20211,R,전통시장,3130038,"평화시장(통일상가, 동화상가)",12,9,3,2,0,3,1,2,4,0,0,3,1,1,4,2,0,0,0,1,0,8,0,8
20211,R,전통시장,3130042,약수시장,477,231,246,51,66,65,59,88,148,24,28,30,28,56,65,27,38,35,31,32,83,256,0,256
20211,R,전통시장,3130046,team204(팀204),1,1,0,0,0,0,0,0,1,0,0,0,0,0,1,0,0,0,0,0,0,1,0,1
20211,R,전통시장,3130047,테크노상가(엘리시움),8,7,1,2,0,1,1,3,1,2,0,0,1,3,1,0,0,1,0,0,0,6,0,6
20211,R,전통시장,3130048,동평화시장,55,26,29,2,8,8,4,12,21,2,5,2,2,5,10,0,3,6,2,7,11,37,0,37
20211,R,전통시장,3130049,신당 미래유산 먹거리 골목형상점가,152,97,55,6,17,20,18,40,51,2,10,12,15,29,29,4,7,8,3,11,22,121,0,121
20211,R,전통시장,3130050,청평화시장,3,2,1,0,0,1,0,1,1,0,0,1,0,1,0,0,0,0,0,0,1,3,0,3
20211,R,전통시장,3130051,동화동 골목형상점가,1456,710,746,184,200,204,222,261,385,85,100,97,119,145,164,99,100,107,103,116,221,683,0,683
20211,R,전통시장,3130052,서울중앙시장(신중앙시장),1317,716,601,82,154,146,142,243,550,48,81,91,80,145,271,34,73,55,62,98,279,787,0,787
20211,R,전통시장,3130053,백학시장,1018,530,488,82,110,99,143,230,354,41,68,60,81,126,154,41,42,39,62,104,200,540,0,540
20211,R,전통시장,3130054,황학동주방가구거리상점가,1199,607,592,74,251,294,132,174,274,31,120,165,71,86,134,43,131,129,61,88,140,771,0,771
20211,R,전통시장,3130055,"황학시장(서울중앙시장, 신중앙시장)",1462,761,701,90,189,224,208,247,504,53,94,112,119,142,241,37,95,112,89,105,263,909,0,909
20211,R,전통시장,3130056,용산용문시장,671,331,340,64,107,98,82,91,229,30,50,57,46,52,96,34,57,41,36,39,133,394,0,394
20211,R,전통시장,3130057,만리시장,31,18,13,2,3,1,2,8,15,1,2,1,1,4,9,1,1,0,1,4,6,17,0,17
20211,R,전통시장,3130058,이촌종합시장,112,59,53,12,15,14,16,24,31,5,9,10,7,11,17,7,6,4,9,13,14,60,0,60
20211,R,전통시장,3130059,후암시장,708,358,350,84,88,92,93,138,213,46,49,52,48,75,88,38,39,40,45,63,125,371,0,371
20211,R,전통시장,3130060,신흥시장,81,41,40,6,9,12,12,12,30,0,7,7,7,8,12,6,2,5,5,4,18,48,0,48
20211,R,전통시장,3130061,이태원시장,67,31,36,6,8,9,6,16,22,4,2,3,4,10,8,2,6,6,2,6,14,34,0,34
20211,R,전통시장,3130062,보광시장,100,48,52,9,11,12,15,14,39,5,7,7,6,8,15,4,4,5,9,6,24,58,0,58
20211,R,전통시장,3130063,신금호역 골목형상점가,422,205,217,43,66,50,72,75,116,19,31,22,35,43,55,24,35,28,37,32,61,240,0,240
20211,R,전통시장,3130064,금남시장,198,102,96,6,18,17,23,43,91,2,11,11,15,24,39,4,7,6,8,19,52,128,0,128
20211,R,전통시장,3130065,무학봉상점가,2688,1354,1334,235,451,334,382,483,803,121,220,197,199,246,371,114,231,137,183,237,432,1592,0,1592
20211,R,전통시장,3130066,행당시장상점가,1912,932,980,136,523,322,220,298,413,72,222,165,121,157,195,64,301,157,99,141,218,1241,0,1241
20211,R,전통시장,3130067,왕십리도선동상점가,3520,1694,1826,313,863,616,447,561,720,167,375,308,242,275,327,146,488,308,205,286,393,2024,0,2024
20211,R,전통시장,3130068,마장축산물시장,1800,920,880,205,258,233,249,326,529,110,125,129,140,171,245,95,133,104,109,155,284,923,0,923
20211,R,전통시장,3130069,"한양대앞상점가(한양시장, 왕십리맛골목)",540,269,271,29,320,84,23,26,58,9,165,46,13,13,23,20,155,38,10,13,35,451,0,451
20211,R,전통시장,3130070,뚝섬역상점가,1411,732,679,92,353,303,187,190,286,41,175,168,95,109,144,51,178,135,92,81,142,920,0,920
20211,R,전통시장,3130071,성수역 골목형상점가,7,5,2,1,0,0,3,3,0,1,0,0,2,2,0,0,0,0,1,1,0,5,0,5
20211,R,전통시장,3130072,성동용답상가시장,4259,2142,2117,442,629,501,631,806,1250,223,318,273,316,425,587,219,311,228,315,381,663,2147,0,2147
20211,R,전통시장,3130073,뚝도시장,519,277,242,37,74,60,70,111,167,20,42,36,42,55,82,17,32,24,28,56,85,300,0,300
20211,R,전통시장,3130074,영동교골목시장,457,234,223,34,51,44,62,103,163,19,21,28,39,53,74,15,30,16,23,50,89,275,0,275
20211,R,전통시장,3130075,노룬산시장(노룬산골목시장),95,40,55,8,10,13,10,15,39,4,4,5,6,9,12,4,6,8,4,6,27,62,0,62
20211,R,전통시장,3130076,능동로골목시장,773,381,392,44,108,98,96,135,292,19,51,53,50,75,133,25,57,45,46,60,159,448,0,448
20211,R,전통시장,3130077,조양시장,76,42,34,3,25,13,10,7,18,3,14,7,4,7,7,0,11,6,6,0,11,54,0,54
20211,R,전통시장,3130078,화양제일골목시장,898,433,465,35,350,198,93,86,136,15,150,109,56,44,59,20,200,89,37,42,77,683,0,683
20211,R,전통시장,3130079,한아름시장,346,139,207,13,166,69,26,34,38,5,57,32,13,15,17,8,109,37,13,19,21,264,0,264
20211,R,전통시장,3130080,자양종합시장(기능상실),58,28,30,13,7,8,12,8,10,5,2,4,8,3,6,8,5,4,4,5,4,19,0,19
20211,R,전통시장,3130081,자양골목전통시장(자양골목시장),1945,925,1020,217,321,322,296,321,468,111,163,167,149,140,195,106,158,155,147,181,273,982,0,982
20211,R,전통시장,3130082,면곡골목시장,228,118,110,16,38,45,15,49,65,5,22,24,7,24,36,11,16,21,8,25,29,118,0,118
20211,R,전통시장,3130083,"중곡제일시장(중곡제일골목시장, 광성시장)",826,421,405,92,126,131,116,156,205,42,67,84,56,74,98,50,59,47,60,82,107,392,0,392
20211,R,전통시장,3130084,신성시장(신성골목시장),210,99,111,16,33,34,32,38,57,11,15,18,14,17,24,5,18,16,18,21,33,111,0,111
20211,R,전통시장,3130085,용두시장,25,16,9,1,1,1,7,5,10,0,1,0,5,4,6,1,0,1,2,1,4,18,0,18
20211,R,전통시장,3130086,서울약령시장,2184,1194,990,115,285,278,298,342,866,64,145,181,174,194,436,51,140,97,124,148,430,1493,0,1493
20211,R,전통시장,3130087,경동광성상가(경동시장),73,32,41,3,7,4,7,7,45,2,5,2,4,4,15,1,2,2,3,3,30,50,0,50
20211,R,전통시장,3130088,경동시장,4,3,1,0,0,0,1,0,3,0,0,0,1,0,2,0,0,0,0,0,1,3,0,3
20211,R,전통시장,3130089,청량리수산시장,358,190,168,24,30,35,55,49,165,11,19,19,33,26,82,13,11,16,22,23,83,222,0,222
20211,R,전통시장,3130090,청량리종합시장,105,63,42,1,8,13,7,20,56,1,5,7,5,15,30,0,3,6,2,5,26,61,0,61
20211,R,전통시장,3130091,청량종합도매시장,688,339,349,35,114,94,69,103,273,14,66,50,32,63,114,21,48,44,37,40,159,412,0,412
20211,R,전통시장,3130092,청량리농수산물시장,398,219,179,32,41,38,33,67,187,24,21,22,21,35,96,8,20,16,12,32,91,229,0,229
20211,R,전통시장,3130093,동서시장,3,3,0,0,0,0,0,2,1,0,0,0,0,2,1,0,0,0,0,0,0,3,0,3
20211,R,전통시장,3130094,청량리청과물시장,65,45,20,4,4,7,7,15,28,2,1,5,6,11,20,2,3,2,1,4,8,48,0,48
20211,R,전통시장,3130095,청량리전통시장,416,274,142,4,25,30,43,83,231,3,15,16,31,67,142,1,10,14,12,16,89,348,0,348
20211,R,전통시장,3130097,답십리 건축자재시장,1527,763,764,140,224,169,192,289,513,69,125,93,94,142,240,71,99,76,98,147,273,816,0,816
20211,R,전통시장,3130098,회기시장,1239,541,698,67,561,186,112,92,221,30,221,97,60,39,94,37,340,89,52,53,127,958,0,958
20211,R,전통시장,3130099,전농로터리시장,86,52,34,4,7,6,15,21,33,2,5,5,10,13,17,2,2,1,5,8,16,54,0,54
20211,R,전통시장,3130100,답십리시장,430,213,217,47,60,58,73,64,128,17,33,33,37,34,59,30,27,25,36,30,69,210,0,210
20211,R,전통시장,3130101,답십리현대시장,272,141,131,19,36,32,33,51,101,10,19,19,20,26,47,9,17,13,13,25,54,164,0,164
20211,R,전통시장,3130102,이문제일시장,76,32,44,9,16,5,10,19,17,2,6,2,4,11,7,7,10,3,6,8,10,34,0,34
20211,R,전통시장,3130103,이경시장,236,133,103,15,26,19,31,43,102,9,17,12,18,27,50,6,9,7,13,16,52,135,0,135
20211,R,전통시장,3130104,전곡시장,595,300,295,69,64,61,103,103,195,37,34,35,56,54,84,32,30,26,47,49,111,312,0,312
20211,R,전통시장,3130105,장미제일시장(중화동제일시장),1097,544,553,107,190,145,152,213,290,60,96,78,79,108,123,47,94,67,73,105,167,570,0,570
20211,R,전통시장,3130106,중랑동부시장,1323,696,627,115,247,198,201,244,318,60,120,107,111,141,157,55,127,91,90,103,161,812,0,812
20211,R,전통시장,3130107,중랑동부시장(중랑교종합상가),175,87,88,5,29,47,31,19,44,3,13,28,16,6,21,2,16,19,15,13,23,117,0,117
20211,R,전통시장,3130108,태능엔터피아(태릉시장),316,162,154,44,40,44,41,56,91,22,26,24,18,29,43,22,14,20,23,27,48,118,0,118
20211,R,전통시장,3130109,묵1동도깨비시장,852,432,420,102,135,120,135,135,225,52,75,57,74,66,108,50,60,63,61,69,117,383,0,383
20211,R,전통시장,3130110,면목골목시장(면목시장),1569,823,746,165,223,213,249,278,441,90,116,109,143,153,212,75,107,104,106,125,229,865,0,865
20211,R,전통시장,3130111,"동원전통종합시장(동원시장, 동원전통시장 상점가)",1962,976,986,184,247,254,260,380,637,86,126,139,135,198,292,98,121,115,125,182,345,1035,0,1035
20211,R,전통시장,3130112,사가정시장,2061,1003,1058,140,330,314,261,376,640,69,159,177,134,173,291,71,171,137,127,203,349,1132,0,1132
20211,R,전통시장,3130113,신아타운,163,81,82,21,18,24,26,42,32,11,7,10,10,27,16,10,11,14,16,15,16,119,0,119
20211,R,전통시장,3130114,유영시장,105,55,50,14,13,10,19,23,26,7,7,6,10,12,13,7,6,4,9,11,13,45,0,45
20211,R,전통시장,3130115,우림골목시장,2222,1131,1091,167,354,345,272,384,700,82,167,194,162,198,328,85,187,151,110,186,372,1274,0,1274
20211,R,전통시장,3130116,동성타워프라자,249,124,125,31,34,37,22,49,76,16,17,25,12,19,35,15,17,12,10,30,41,98,0,98
20211,R,전통시장,3130117,정릉시장,945,458,487,96,180,111,106,129,323,50,82,62,61,61,142,46,98,49,45,68,181,516,0,516
20211,R,전통시장,3130118,정릉골 골목형상점가,605,304,301,76,107,75,94,98,155,40,47,37,59,51,70,36,60,38,35,47,85,274,0,274
20211,R,전통시장,3130119,정릉아리랑시장,480,214,266,42,71,66,58,79,164,16,30,39,30,33,66,26,41,27,28,46,98,229,0,229
20211,R,전통시장,3130120,돈암시장(돈암제일시장),219,83,136,15,27,43,16,21,97,6,6,21,6,10,34,9,21,22,10,11,63,130,0,130
20211,R,전통시장,3130121,길음시장,31,26,5,1,2,3,4,11,10,0,2,2,4,9,9,1,0,1,0,2,1,29,0,29
20211,R,전통시장,3130122,밤나무골시장,229,108,121,25,17,29,33,41,84,14,6,19,15,19,35,11,11,10,18,22,49,120,0,120
20211,R,전통시장,3130123,꿈의숲 장곡 골목형상점가,331,161,170,47,36,36,51,62,99,24,21,16,20,37,43,23,15,20,31,25,56,142,0,142
20211,R,전통시장,3130124,번동시장,16,8,8,5,0,1,3,1,6,3,0,0,1,0,4,2,0,1,2,1,2,8,0,8
20211,R,전통시장,3130125,장위전통시장,839,407,432,87,95,93,116,146,302,42,53,45,69,69,129,45,42,48,47,77,173,397,0,397
20211,R,전통시장,3130126,새석관시장,55,27,28,1,10,4,6,12,22,1,4,2,5,7,8,0,6,2,1,5,14,34,0,34
20211,R,전통시장,3130127,석관시장,150,82,68,10,24,12,16,35,53,8,14,7,10,21,22,2,10,5,6,14,31,87,0,87
20211,R,전통시장,3130128,돌곶이시장(석관황금시장),1776,918,858,162,221,198,256,325,614,76,122,115,140,180,285,86,99,83,116,145,329,924,0,924
20211,R,전통시장,3130129,장미원골목시장,1471,728,743,200,207,230,201,243,390,103,103,129,108,120,165,97,104,101,93,123,225,662,0,662
20211,R,전통시장,3130130,수유북부골목시장,54,29,25,0,9,2,5,9,29,0,7,0,3,6,13,0,2,2,2,3,16,30,0,30
20211,R,전통시장,3130131,동북프라자,25,15,10,1,1,3,2,3,15,1,1,3,1,2,7,0,0,0,1,1,8,16,0,16
20211,R,전통시장,3130132,삼양골목시장(삼양시장),633,315,318,58,83,69,76,121,226,29,35,40,41,60,110,29,48,29,35,61,116,351,0,351
20211,R,전통시장,3130133,우이골목시장(우이시장),1598,794,804,209,219,162,246,295,467,108,118,93,124,145,206,101,101,69,122,150,261,734,0,734
20211,R,전통시장,3130134,"솔샘시장(미아6,7동골목시장)",137,67,70,11,11,18,16,20,61,3,6,13,8,8,29,8,5,5,8,12,32,78,0,78
20211,R,전통시장,3130135,수유중앙골목시장(수유중앙시장),921,464,457,94,123,116,125,191,272,48,60,59,71,96,130,46,63,57,54,95,142,457,0,457
20211,R,전통시장,3130136,수유재래시장,543,277,266,59,93,92,60,79,160,33,44,52,38,38,72,26,49,40,22,41,88,220,0,220
20211,R,전통시장,3130137,"수유전통시장(수유시장, 수유골목시장)",529,269,260,40,85,51,68,108,177,24,50,28,37,50,80,16,35,23,31,58,97,299,0,299
20211,R,전통시장,3130138,수유프라자,210,97,113,20,26,24,19,46,75,8,13,12,9,20,35,12,13,12,10,26,40,87,0,87
20211,R,전통시장,3130139,강북종합전통시장(강북종합골목시장),2207,1123,1084,146,453,329,289,376,614,76,219,199,160,183,286,70,234,130,129,193,328,1343,0,1343
20211,R,전통시장,3130140,숭인시장,227,119,108,12,34,26,35,50,70,4,17,10,20,34,34,8,17,16,15,16,36,140,0,140
20211,R,전통시장,3130141,강북북부골목시장,1076,537,539,124,182,157,201,148,264,68,84,87,108,80,110,56,98,70,93,68,154,526,0,526
20211,R,전통시장,3130143,방천골목시장,592,294,298,40,109,78,77,102,186,26,51,43,41,50,83,14,58,35,36,52,103,389,0,389
20211,R,전통시장,3130144,백운시장,453,219,234,46,65,56,69,66,151,25,26,30,32,35,71,21,39,26,37,31,80,210,0,210
20211,R,전통시장,3130145,쌍문역둘리상점가,933,450,483,95,199,174,125,134,206,51,89,91,63,60,96,44,110,83,62,74,110,473,0,473
20211,R,전통시장,3130146,쌍문시장(쌍문역골목시장),3436,1690,1746,256,626,475,519,581,979,123,302,249,275,285,456,133,324,226,244,296,523,1953,0,1953
20211,R,전통시장,3130147,쌍문역동측상점가,825,395,430,73,129,131,113,118,261,36,59,67,55,62,116,37,70,64,58,56,145,473,0,473
20211,R,전통시장,3130148,방학동도깨비시장,1109,569,540,116,156,111,143,215,368,64,93,69,72,107,164,52,63,42,71,108,204,528,0,528
20211,R,전통시장,3130149,창동신창시장,2299,1126,1173,286,339,298,344,446,586,142,176,143,191,210,264,144,163,155,153,236,322,987,0,987
20211,R,전통시장,3130150,창동골목시장,1210,591,619,128,138,138,177,214,415,69,70,73,89,106,184,59,68,65,88,108,231,632,0,632
20211,R,전통시장,3130151,신도봉시장,162,79,83,7,24,18,22,30,61,2,11,12,11,17,26,5,13,6,11,13,35,80,0,80
20211,R,전통시장,3130152,오!도봉거리 상점가,734,404,330,68,84,98,108,127,249,36,42,54,68,72,132,32,42,44,40,55,117,411,0,411
20211,R,전통시장,3130153,창동역상점가,174,141,33,5,28,22,30,45,44,2,14,20,26,41,38,3,14,2,4,4,6,159,0,159
20211,R,전통시장,3130154,상계주공1단지(가)상가,68,34,34,8,12,7,6,15,20,5,7,2,4,6,10,3,5,5,2,9,10,24,0,24
20211,R,전통시장,3130155,시영B상가(중계 그린아파트 B 상가),1,1,0,0,0,0,0,1,0,0,0,0,0,1,0,0,0,0,0,0,0,1,0,1
20211,R,전통시장,3130156,시영2단지 무지개종합상가(중계 무지개2단지아파트상가),413,181,232,56,52,89,69,48,99,29,28,39,31,19,35,27,24,50,38,29,64,209,0,209
20211,R,전통시장,3130157,상계중앙시장,1751,893,858,160,240,181,265,340,565,92,118,111,147,171,254,68,122,70,118,169,311,945,0,945
20211,R,전통시장,3130158,상계역전종합상가,1007,420,587,127,135,161,168,146,270,57,60,76,76,62,89,70,75,85,92,84,181,469,0,469
20211,R,전통시장,3130159,공릉동 도깨비시장,1767,893,874,182,342,294,211,274,464,86,165,154,120,135,233,96,177,140,91,139,231,916,0,916
20211,R,전통시장,3130160,수일시장,97,46,51,4,8,9,6,13,57,2,3,8,3,6,24,2,5,1,3,7,33,61,0,61
20211,R,전통시장,3130161,증산종합시장,148,59,89,21,18,19,21,21,48,12,4,8,11,7,17,9,14,11,10,14,31,71,0,71
20211,R,전통시장,3130162,증산골목시장,140,84,56,10,11,12,19,31,57,6,7,10,10,23,28,4,4,2,9,8,29,96,0,96
20211,R,전통시장,3130163,응암오거리상점가,1526,724,802,131,256,237,225,251,426,63,117,113,110,125,196,68,139,124,115,126,230,846,0,846
20211,R,전통시장,3130164,역촌중앙시장,84,39,45,1,14,11,14,16,28,0,6,5,9,8,11,1,8,6,5,8,17,56,0,56
20211,R,전통시장,3130165,"대림골목시장(대림시장, 양지시장)",489,243,246,58,54,50,65,96,166,30,32,30,34,53,64,28,22,20,31,43,102,257,0,257
20211,R,전통시장,3130166,응암시장(신응암시장),201,99,102,35,21,25,35,27,58,16,12,13,17,15,26,19,9,12,18,12,32,81,0,81
20211,R,전통시장,3130167,연신내상점가(연빛거리),1504,739,765,125,326,242,202,227,382,57,152,112,110,124,184,68,174,130,92,103,198,923,0,923
20211,R,전통시장,3130168,연서시장,306,158,148,22,30,28,31,64,131,12,11,15,15,35,70,10,19,13,16,29,61,167,0,167
20211,R,전통시장,3130169,대조시장,1849,850,999,124,314,298,281,243,589,56,144,154,139,121,236,68,170,144,142,122,353,1100,0,1100
20211,R,전통시장,3130170,제일시장,83,41,42,6,9,18,15,12,23,3,4,8,8,6,12,3,5,10,7,6,11,45,0,45
20211,R,전통시장,3130171,불광먹자골목 골목형상점가,1194,527,667,66,310,267,162,153,236,28,130,124,80,71,94,38,180,143,82,82,142,809,0,809
20211,R,전통시장,3130172,모래내시장(서중시장),81,54,27,1,2,9,11,18,40,1,1,8,8,14,22,0,1,1,3,4,18,59,0,59
20211,R,전통시장,3130173,백련시장,137,60,77,6,16,20,16,24,55,3,7,9,7,10,24,3,9,11,9,14,31,71,0,71
20211,R,전통시장,3130175,신촌 상인회(신촌상점가),3,1,2,0,3,0,0,0,0,0,1,0,0,0,0,0,2,0,0,0,0,3,0,3
20211,R,전통시장,3130176,유진상가,286,132,154,28,41,32,28,53,104,12,18,20,14,21,47,16,23,12,14,32,57,107,0,107
20211,R,전통시장,3130177,인왕시장(홍제골목형상점가),262,126,136,18,33,25,33,61,92,11,14,13,17,34,37,7,19,12,16,27,55,152,0,152
20211,R,전통시장,3130178,이대 앞 스타트업 상점가,48,15,33,2,18,5,7,4,12,1,2,3,2,2,5,1,16,2,5,2,7,35,0,35
20211,R,전통시장,3130179,"이화여대 3,5,7길 상점가",1402,317,1085,48,958,181,61,72,82,14,165,53,23,32,30,34,793,128,38,40,52,1238,0,1238
20211,R,전통시장,3130180,포방터시장,593,295,298,62,69,78,70,100,214,33,35,45,34,53,95,29,34,33,36,47,119,310,0,310
20211,R,전통시장,3130181,아현가구거리상점가,647,357,290,36,97,82,86,146,200,23,54,52,50,86,92,13,43,30,36,60,108,399,0,399
20211,R,전통시장,3130182,영천시장,446,233,213,28,64,53,56,80,165,16,34,33,38,46,66,12,30,20,18,34,99,294,0,294
20211,R,전통시장,3130183,상암동상점가,2863,1430,1433,294,611,569,416,361,612,146,287,304,219,200,274,148,324,265,197,161,338,1679,0,1679
20211,R,전통시장,3130185,망원월드컵시장,874,381,493,114,170,137,132,116,205,55,60,68,63,57,78,59,110,69,69,59,127,452,0,452
20211,R,전통시장,3130186,망원시장,1943,900,1043,191,282,329,315,288,538,99,133,158,146,140,224,92,149,171,169,148,314,1068,0,1068
20211,R,전통시장,3130187,영진시장,271,119,152,34,37,52,40,42,66,18,14,18,22,22,25,16,23,34,18,20,41,134,0,134
20211,R,전통시장,3130188,합정시장,71,30,41,3,17,18,9,6,18,1,8,8,5,2,6,2,9,10,4,4,12,37,0,37
20211,R,전통시장,3130189,서교시장,23,15,8,1,3,9,1,1,8,1,3,5,1,1,4,0,0,4,0,0,4,21,0,21
20211,R,전통시장,3130190,홍대소상공인상점가,339,183,156,15,137,58,41,30,58,9,75,35,24,17,23,6,62,23,17,13,35,258,0,258
20211,R,전통시장,3130191,홍대 걷고싶은 거리,497,240,257,30,127,104,51,53,132,13,57,59,29,26,56,17,70,45,22,27,76,328,0,328
20211,R,전통시장,3130192,동진시장,35,18,17,2,9,7,3,3,11,1,6,2,2,2,5,1,3,5,1,1,6,18,0,18
20211,R,전통시장,3130193,신수시장,64,27,37,5,8,17,8,7,19,2,4,6,4,5,6,3,4,11,4,2,13,40,0,40
20211,R,전통시장,3130194,용강동 상점가,756,389,367,144,91,112,171,102,136,67,53,58,89,55,67,77,38,54,82,47,69,358,0,358
20211,R,전통시장,3130195,도화동 상점가,2517,1170,1347,231,442,469,349,375,651,128,186,220,179,187,270,103,256,249,170,188,381,1475,0,1475
20211,R,전통시장,3130196,공덕시장,12,7,5,0,1,3,1,2,5,0,1,1,1,1,3,0,0,2,0,1,2,5,0,5
20211,R,전통시장,3130197,마포시장,61,52,9,0,1,5,4,27,24,0,0,5,4,24,19,0,1,0,0,3,5,59,0,59
20211,R,전통시장,3130198,아현시장,675,320,355,58,111,85,99,88,234,35,49,47,55,43,91,23,62,38,44,45,143,404,0,404
20211,R,전통시장,3130199,신월3동 골목시장,828,466,362,73,78,72,108,181,316,36,40,45,65,112,168,37,38,27,43,69,148,497,0,497
20211,R,전통시장,3130200,"신월7동 골목시장(약수시장, 우성상가)",264,130,134,32,39,24,40,50,79,14,18,12,25,25,36,18,21,12,15,25,43,110,0,110
20211,R,전통시장,3130201,월정로시장,1426,754,672,141,166,179,202,275,463,79,89,98,110,148,230,62,77,81,92,127,233,756,0,756
20211,R,전통시장,3130202,신영시장,1178,576,602,147,155,121,197,204,354,64,85,69,92,110,156,83,70,52,105,94,198,582,0,582
20211,R,전통시장,3130203,서서울 골목형상점가,565,277,288,47,53,70,82,117,196,25,28,40,40,60,84,22,25,30,42,57,112,345,0,345
20211,R,전통시장,3130204,경창시장,815,396,419,141,80,104,138,129,223,68,43,52,70,67,96,73,37,52,68,62,127,322,0,322
20211,R,전통시장,3130205,신곡종합시장(신월6동 골목시장),129,72,57,11,14,9,22,23,50,8,8,8,10,15,23,3,6,1,12,8,27,72,0,72
20211,R,전통시장,3130206,신정3동 골목시장,47,27,20,3,3,8,4,12,17,3,1,4,2,7,10,0,2,4,2,5,7,30,0,30
20211,R,전통시장,3130207,신정1동 골목시장(신정제일시장),191,95,96,27,15,32,20,27,70,12,6,16,11,15,35,15,9,16,9,12,35,106,0,106
20211,R,전통시장,3130208,목동깨비시장(목3동시장),1237,608,629,147,197,259,185,169,280,75,87,130,98,85,133,72,110,129,87,84,147,643,0,643
20211,R,전통시장,3130209,목사랑시장(목4동시장),1630,815,815,254,265,170,240,303,398,150,146,85,110,137,187,104,119,85,130,166,211,645,0,645
20211,R,전통시장,3130210,목2동시장,1293,593,700,80,247,273,141,182,370,34,85,138,67,103,166,46,162,135,74,79,204,841,0,841
20211,R,전통시장,3130211,신정2동 골목시장(오목교중앙시장),786,397,389,86,104,89,123,151,233,46,63,53,65,73,97,40,41,36,58,78,136,369,0,369
20211,R,전통시장,3130212,공항시장,375,188,187,10,117,109,33,37,69,7,36,68,19,22,36,3,81,41,14,15,33,307,0,307
20211,R,전통시장,3130213,방신전통시장,455,225,230,62,62,57,62,75,137,34,32,30,35,33,61,28,30,27,27,42,76,194,0,194
20211,R,전통시장,3130214,송화벽화시장(송화골목시장),657,320,337,108,111,111,108,102,117,50,52,61,47,53,57,58,59,50,61,49,60,320,0,320
20211,R,전통시장,3130216,화곡중앙시장,969,471,498,130,129,188,148,146,228,55,58,102,73,69,114,75,71,86,75,77,114,455,0,455
20211,R,전통시장,3130217,화곡본동시장,340,151,189,36,58,60,53,39,94,16,23,28,28,17,39,20,35,32,25,22,55,179,0,179
20211,R,전통시장,3130218,신월중앙시장,76,43,33,9,14,13,16,10,14,5,7,10,8,7,6,4,7,3,8,3,8,45,0,45
20211,R,전통시장,3130219,까치산시장,963,447,516,95,150,167,156,134,261,46,62,81,79,64,115,49,88,86,77,70,146,512,0,512
20211,R,전통시장,3130220,등마루시장,590,223,367,16,33,22,20,46,453,10,12,11,7,20,163,6,21,11,13,26,290,393,0,393
20211,R,전통시장,3130221,"남부골목시장(남부화곡시장, 남부시장)",2003,957,1046,210,254,286,300,331,622,112,138,139,150,158,260,98,116,147,150,173,362,951,0,951
20211,R,전통시장,3130222,오류시장,167,85,82,9,24,13,22,34,65,5,11,7,16,22,24,4,13,6,6,12,41,109,0,109
20211,R,전통시장,3130223,고척근린시장,559,272,287,50,83,57,80,95,194,24,36,32,46,43,91,26,47,25,34,52,103,313,0,313
20211,R,전통시장,3130224,개봉프라자(고척근린시장),145,70,75,24,8,25,23,19,46,12,5,14,12,9,18,12,3,11,11,10,28,61,0,61
20211,R,전통시장,3130225,개봉중앙시장,3033,1478,1555,300,462,403,443,540,885,166,235,215,236,249,377,134,227,188,207,291,508,1332,0,1332
20211,R,전통시장,3130226,고척프라자,26,13,13,0,2,2,2,5,15,0,1,2,1,1,8,0,1,0,1,4,7,19,0,19
20211,R,전통시장,3130227,고척골목시장상점가(그라운드 고척),271,135,136,13,43,32,30,44,109,4,28,19,15,26,43,9,15,13,15,18,66,160,0,160
20211,R,전통시장,3130228,구로시장,233,121,112,17,25,12,27,56,96,7,14,5,15,34,46,10,11,7,12,22,50,135,0,135
20211,R,전통시장,3130229,남구로시장,636,375,261,60,37,72,92,145,230,29,19,47,56,102,122,31,18,25,36,43,108,402,0,402
20211,R,전통시장,3130230,가리봉시장,152,80,72,10,20,16,13,34,59,5,10,10,2,23,30,5,10,6,11,11,29,103,0,103
20211,R,전통시장,3130231,독산동 우시장,1549,806,743,204,301,540,191,164,149,107,123,307,110,85,74,97,178,233,81,79,75,881,0,881
20211,R,전통시장,3130232,독산동 맛나는거리상점가(독산동 맛나는거리),818,428,390,68,120,105,95,160,270,36,62,57,49,91,133,32,58,48,46,69,137,470,0,470
20211,R,전통시장,3130233,남문시장,1479,736,743,147,190,139,191,339,473,82,92,72,91,167,232,65,98,67,100,172,241,781,0,781
20211,R,전통시장,3130234,푸른터시장(기능상실),228,117,111,22,30,52,32,43,49,14,13,27,16,25,22,8,17,25,16,18,27,127,0,127
20211,R,전통시장,3130235,대명여울빛거리시장(대명시장),1058,544,514,23,144,167,156,174,394,13,69,93,87,94,188,10,75,74,69,80,206,843,0,843
20211,R,전통시장,3130236,비단길현대시장(현대시장),2057,1005,1052,167,304,218,257,393,718,78,159,119,138,192,319,89,145,99,119,201,399,1174,0,1174
20211,R,전통시장,3130237,박미시장(기능상실),282,144,138,15,28,30,52,49,108,10,18,11,26,27,52,5,10,19,26,22,56,174,0,174
20211,R,전통시장,3130238,은행나무시장,1183,579,604,130,174,160,188,189,342,57,85,88,100,105,144,73,89,72,88,84,198,592,0,592
20211,R,전통시장,3130240,영등포유통상가,50,40,10,0,1,5,8,13,23,0,1,4,6,12,17,0,0,1,2,1,6,47,0,47
20211,R,전통시장,3130241,선유도역 골목형상점가,1456,749,707,163,209,322,216,212,334,91,100,169,119,116,154,72,109,153,97,96,180,777,0,777
20211,R,전통시장,3130242,대림중앙 골목형상점가,432,202,230,30,46,36,53,90,177,15,24,16,26,43,78,15,22,20,27,47,99,228,0,228
20211,R,전통시장,3130243,도림시장,74,36,38,7,18,23,5,6,15,4,8,13,3,3,5,3,10,10,2,3,10,52,0,52
20211,R,전통시장,3130244,대림중앙시장,982,475,507,82,110,94,131,186,379,46,64,51,70,85,159,36,46,43,61,101,220,533,0,533
20211,R,전통시장,3130245,영일시장,178,121,57,2,10,17,20,45,84,1,4,15,14,38,49,1,6,2,6,7,35,138,0,138
20211,R,전통시장,3130246,영등포청과시장(조광시장),1705,934,771,83,333,407,199,252,431,41,161,241,119,156,216,42,172,166,80,96,215,1118,0,1118
20211,R,전통시장,3130247,우리시장,368,189,179,38,51,42,49,62,126,22,30,25,22,30,60,16,21,17,27,32,66,182,0,182
20211,R,전통시장,3130248,영등포역지하도상점가,46,28,18,4,3,6,5,9,19,2,3,4,0,8,11,2,0,2,5,1,8,33,0,33
20211,R,전통시장,3130249,동남상가,150,73,77,15,9,11,26,28,61,10,4,8,14,14,23,5,5,3,12,14,38,69,0,69
20211,R,전통시장,3130250,삼구시장(로타리상가),8,6,2,0,0,0,0,2,6,0,0,0,0,1,5,0,0,0,0,1,1,7,0,7
20211,R,전통시장,3130253,영신상가(제일상가),45,39,6,0,3,1,4,10,27,0,1,1,4,9,24,0,2,0,0,1,3,42,0,42
20211,R,전통시장,3130254,남서울상가,2,2,0,0,0,0,0,0,2,0,0,0,0,0,2,0,0,0,0,0,0,2,0,2
20211,R,전통시장,3130255,영등포전통시장,1053,661,392,41,135,142,115,207,413,27,73,97,78,157,229,14,62,45,37,50,184,757,0,757
20211,R,전통시장,3130256,신동시장,44,20,24,4,2,3,7,11,17,3,2,2,1,6,6,1,0,1,6,5,11,25,0,25
20211,R,전통시장,3130257,영등포시장기계공구상가,591,339,252,26,189,148,58,69,101,8,87,90,43,49,62,18,102,58,15,20,39,473,0,473
20211,R,전통시장,3130258,영진시장A동,101,47,54,11,16,10,11,24,29,4,9,4,5,10,15,7,7,6,6,14,14,47,0,47
20211,R,전통시장,3130259,대신시장,213,98,115,23,25,22,30,37,76,10,13,9,12,20,34,13,12,13,18,17,42,82,0,82
20211,R,전통시장,3130260,신대방1동골목상권,505,245,260,44,74,54,69,83,181,25,30,28,32,39,91,19,44,26,37,44,90,303,0,303
20211,R,전통시장,3130261,성대전통시장(성대시장),1954,903,1051,165,343,328,283,297,538,75,137,160,138,153,240,90,206,168,145,144,298,1222,0,1222
20211,R,전통시장,3130262,상도도깨비 골목형상점가,888,440,448,83,130,146,139,138,252,51,62,82,71,69,105,32,68,64,68,69,147,488,0,488
20211,R,전통시장,3130263,신노량진시장(기능상실),228,118,110,15,31,29,33,39,81,7,15,21,19,20,36,8,16,8,14,19,45,132,0,132
20211,R,전통시장,3130264,상도약수골목형상점가,522,244,278,60,106,99,69,82,106,29,48,45,36,38,48,31,58,54,33,44,58,260,0,260
20211,R,전통시장,3130265,노량진중앙시장,115,60,55,3,47,32,7,6,20,1,25,20,1,4,9,2,22,12,6,2,11,97,0,97
20211,R,전통시장,3130266,만양로상점가,66,44,22,3,18,19,8,7,11,1,11,14,8,6,4,2,7,5,0,1,7,53,0,53
20211,R,전통시장,3130267,본동인정시장(기능상실),280,157,123,9,43,41,40,55,92,3,30,23,30,30,41,6,13,18,10,25,51,184,0,184
20211,R,전통시장,3130268,상도전통시장,1587,765,822,119,342,214,205,222,485,65,172,120,98,116,194,54,170,94,107,106,291,975,0,975
20211,R,전통시장,3130269,강남시장(동작구 강남시장),97,42,55,7,14,16,8,18,34,5,3,8,5,6,15,2,11,8,3,12,19,57,0,57
20211,R,전통시장,3130270,흑석시장,50,22,28,5,6,7,7,6,19,3,2,5,6,2,4,2,4,2,1,4,15,32,0,32
20211,R,전통시장,3130271,남성역골목시장,550,241,309,33,114,83,73,66,181,15,43,45,34,30,74,18,71,38,39,36,107,325,0,325
20211,R,전통시장,3130272,사당시장,10,7,3,0,2,1,1,3,3,0,2,1,1,1,2,0,0,0,0,2,1,5,0,5
20211,R,전통시장,3130273,남성사계시장(남성시장),721,365,356,36,138,118,113,100,216,27,62,58,64,55,99,9,76,60,49,45,117,463,0,463
20211,R,전통시장,3130274,사당1동먹자골목상점가(사당1동먹자골목),774,374,400,32,213,160,82,96,191,12,92,84,47,50,89,20,121,76,35,46,102,544,0,544
20211,R,전통시장,3130275,강남골목시장,387,188,199,30,84,72,42,57,102,9,41,38,23,30,47,21,43,34,19,27,55,247,0,247
20211,R,전통시장,3130276,신림중앙시장(조원동 펭귄시장),66,42,24,5,22,13,7,9,10,2,10,11,5,8,6,3,12,2,2,1,4,56,0,56
20211,R,전통시장,3130277,조원동 펭귄시장(신림중앙시장),1363,701,662,123,325,264,178,176,297,60,159,156,103,90,133,63,166,108,75,86,164,832,0,832
20211,R,전통시장,3130278,미성동 도깨비시장 골목형상점가,777,361,416,63,117,79,104,135,279,34,53,37,58,61,118,29,64,42,46,74,161,407,0,407
20211,R,전통시장,3130279,관악신사시장,2181,1078,1103,158,486,347,292,349,549,88,219,194,153,177,247,70,267,153,139,172,302,1355,0,1355
20211,R,전통시장,3130280,신림종합시장,250,138,112,13,86,54,25,29,43,9,47,36,16,11,19,4,39,18,9,18,24,191,0,191
20211,R,전통시장,3130281,우림시장,83,37,46,15,4,18,15,9,22,4,3,8,8,5,9,11,1,10,7,4,13,35,0,35
20211,R,전통시장,3130282,난곡 골목형상점가,336,165,171,42,41,64,35,44,110,19,23,35,21,22,45,23,18,29,14,22,65,166,0,166
20211,R,전통시장,3130283,신원시장,439,254,185,18,109,75,39,80,118,12,53,51,27,49,62,6,56,24,12,31,56,300,0,300
20211,R,전통시장,3130284,관악종합시장(신원시장),13,10,3,0,1,3,2,3,4,0,1,2,2,2,3,0,0,1,0,1,1,11,0,11
20211,R,전통시장,3130285,서원동상점가,865,400,465,16,418,242,71,64,54,9,158,132,40,30,31,7,260,110,31,34,23,751,0,751
20211,R,전통시장,3130286,신신림시장(삼성동시장),30,15,15,0,2,1,2,9,16,0,1,0,2,7,5,0,1,1,0,2,11,21,0,21
20211,R,전통시장,3130287,삼성동 시장(삼성동시장),162,101,61,8,18,18,17,21,80,5,14,13,11,11,47,3,4,5,6,10,33,117,0,117
20211,R,전통시장,3130288,신림현대종합상가,19,7,12,2,3,4,1,4,5,0,1,1,0,2,3,2,2,3,1,2,2,10,0,10
20211,R,전통시장,3130290,영림시장,2084,929,1155,122,670,307,198,248,539,58,247,162,102,137,223,64,423,145,96,111,316,1468,0,1468
20211,R,전통시장,3130291,봉천제일종합시장,168,83,85,1,65,20,11,34,37,0,21,14,4,23,21,1,44,6,7,11,16,151,0,151
20211,R,전통시장,3130292,봉천현대시장,11,4,7,0,4,0,1,3,3,0,2,0,0,2,0,0,2,0,1,1,3,5,0,5
20211,R,전통시장,3130293,봉천중앙시장,421,212,209,14,186,121,30,38,32,6,83,68,16,22,17,8,103,53,14,16,15,322,0,322
20211,R,전통시장,3130294,관악중부시장,588,280,308,32,155,132,78,48,143,14,65,72,41,25,63,18,90,60,37,23,80,409,0,409
20211,R,전통시장,3130295,인헌시장(원당종합시장),1385,693,692,76,308,292,172,178,359,41,149,145,83,112,163,35,159,147,89,66,196,951,0,951
20211,R,전통시장,3130296,남부종합시장,197,93,104,42,20,26,39,26,44,20,12,11,16,14,20,22,8,15,23,12,24,79,0,79
20211,R,전통시장,3130301,양재시장,201,100,101,11,49,55,22,29,35,6,25,30,9,15,15,5,24,25,13,14,20,132,0,132
20211,R,전통시장,3130302,강남시장(강남구 강남시장),272,117,155,37,24,54,52,28,77,19,11,22,23,12,30,18,13,32,29,16,47,109,0,109
20211,R,전통시장,3130303,영동전통시장,1142,546,596,78,215,277,196,161,215,35,99,131,95,88,98,43,116,146,101,73,117,728,0,728
20211,R,전통시장,3130305,논현종합시장,84,38,46,7,7,13,20,6,31,3,2,4,11,4,14,4,5,9,9,2,17,47,0,47
20211,R,전통시장,3130306,강남언주로,408,199,209,19,91,110,69,49,70,6,44,60,38,23,28,13,47,50,31,26,42,274,0,274
20211,R,전통시장,3130307,도곡시장,35,20,15,8,1,4,7,7,8,6,0,2,4,3,5,2,1,2,3,4,3,12,0,12
20211,R,전통시장,3130308,청담삼익시장,6,3,3,0,0,2,1,0,3,0,0,1,0,0,2,0,0,1,1,0,1,4,0,4
20211,R,전통시장,3130309,은마종합상점가,574,289,285,136,90,44,93,135,76,64,54,20,38,72,41,72,36,24,55,63,35,171,0,171
20211,R,전통시장,3130310,강남개포시장,112,63,49,16,15,22,22,16,21,8,6,12,14,9,14,8,9,10,8,7,7,83,0,83
20211,R,전통시장,3130311,새마을시장,2340,1157,1183,182,379,515,320,329,615,87,175,272,178,161,284,95,204,243,142,168,331,1367,0,1367
20211,R,전통시장,3130312,석촌시장,913,446,467,92,130,174,129,150,238,40,61,81,69,80,115,52,69,93,60,70,123,524,0,524
20211,R,전통시장,3130313,방이시장,5350,2547,2803,608,943,1116,758,762,1163,318,429,567,368,346,519,290,514,549,390,416,644,2702,0,2702
20211,R,전통시장,3130314,풍납시장,3970,1962,2008,346,473,483,585,721,1362,178,252,261,293,378,600,168,221,222,292,343,762,2071,0,2071
20211,R,전통시장,3130315,문정동 로데오거리 상점가(문정동 로데오거리),1222,617,605,121,197,180,209,213,302,64,87,104,101,113,148,57,110,76,108,100,154,687,0,687
20211,R,전통시장,3130316,마천시장,97,50,47,7,11,14,11,17,37,4,5,9,8,7,17,3,6,5,3,10,20,58,0,58
20211,R,전통시장,3130317,마천중앙시장,1061,566,495,139,86,132,152,189,363,56,49,82,86,115,178,83,37,50,66,74,185,536,0,536
20211,R,전통시장,3130318,로데오거리상점가,773,343,430,11,242,255,116,92,57,4,73,116,55,63,32,7,169,139,61,29,25,670,0,670
20211,R,전통시장,3130319,성내전통시장,1314,673,641,130,169,197,218,215,385,57,83,106,116,124,187,73,86,91,102,91,198,715,0,715
20211,R,전통시장,3130320,암사종합시장,989,508,481,85,168,197,157,144,238,38,82,105,94,74,115,47,86,92,63,70,123,556,0,556
20211,R,전통시장,3130321,장신구 특화거리 상점가,1443,722,721,239,225,312,234,195,238,116,126,154,120,88,118,123,99,158,114,107,120,664,0,664
20211,R,전통시장,3130322,고분다리전통시장,771,400,371,58,106,85,110,135,277,29,56,48,62,74,131,29,50,37,48,61,146,437,0,437
20211,R,전통시장,3130323,둔촌역전통시장,1515,782,733,152,213,221,231,273,425,93,123,122,122,134,188,59,90,99,109,139,237,718,0,718
20211,R,전통시장,3130324,길동복조리시장,1129,555,574,118,158,129,170,175,379,66,77,73,94,79,166,52,81,56,76,96,213,489,0,489
20211,R,전통시장,3130325,명일전통시장,1895,942,953,341,243,255,312,288,456,170,124,137,142,161,208,171,119,118,170,127,248,697,0,697
20211,R,전통시장,3130326,고덕 골목형상점가,1281,639,642,255,155,407,224,117,123,145,73,204,108,60,49,110,82,203,116,57,74,579,0,579
20211,R,전통시장,3130327,"평화시장(남평화시장, 제일평화시장, 신평화패션타운)",3,0,3,0,1,1,1,0,0,0,0,0,0,0,0,0,1,1,1,0,0,3,0,3
20211,U,관광특구,3001491,이태원 관광특구,5083,2410,2673,326,721,912,761,790,1573,173,346,497,384,376,634,153,375,415,377,414,939,3300,0,3300
20211,U,관광특구,3001492,명동 남대문 북창동 다동 무교동 관광특구,1089,403,686,17,50,107,175,233,507,7,25,56,66,90,159,10,25,51,109,143,348,494,0,494
20211,U,관광특구,3001493,동대문패션타운 관광특구,2636,1264,1372,188,611,611,360,380,486,87,250,290,185,197,255,101,361,321,175,183,231,1704,0,1704
20211,U,관광특구,3001494,종로?청계 관광특구,1795,1196,599,37,199,203,202,394,760,21,121,142,143,285,484,16,78,61,59,109,276,1475,0,1475
20213,A,골목상권,3110764,문래역 3번,83,43,40,2,35,23,7,11,5,1,16,15,2,7,2,1,19,8,5,4,3,68,0,68
20213,A,골목상권,3110765,문래동사거리,116,61,55,7,7,14,18,14,56,2,5,8,14,9,23,5,2,6,4,5,33,58,0,58
20213,A,골목상권,3110766,대림역 5번,2307,1143,1164,204,295,259,326,472,751,114,151,139,180,237,322,90,144,120,146,235,429,1295,0,1295
20213,A,골목상권,3110767,도림동주민센터,891,462,429,51,103,131,127,169,310,28,55,72,78,85,144,23,48,59,49,84,166,623,0,623
20213,A,골목상권,3110768,도림2동유수지내체육시설,1300,638,662,68,316,381,192,149,194,41,120,196,100,83,98,27,196,185,92,66,96,873,0,873
20213,A,골목상권,3110769,대림차이나타운(대림역 12번),673,328,345,63,59,73,100,110,268,35,39,37,44,64,109,28,20,36,56,46,159,397,0,397
20213,A,골목상권,3110770,영등포구청역 6번,1935,974,961,126,417,375,228,292,497,58,198,213,119,168,218,68,219,162,109,124,279,1223,0,1223
20213,A,골목상권,3110771,대림역 11번,693,339,354,42,60,61,116,133,281,20,35,30,60,75,119,22,25,31,56,58,162,476,0,476
20213,A,골목상권,3110772,신우어린이공원,1225,627,598,156,166,160,204,219,320,82,86,93,99,116,151,74,80,67,105,103,169,568,0,568
20213,A,골목상권,3110773,당산역 13번,151,80,71,11,36,35,27,20,22,3,23,18,15,12,9,8,13,17,12,8,13,111,0,111
20213,A,골목상권,3110774,당산반도유보라팰리스아파트,1317,623,694,91,414,376,154,118,164,43,165,202,78,58,77,48,249,174,76,60,87,935,0,935
20213,A,골목상권,3110775,대동초등학교,768,384,384,69,92,70,89,174,274,40,49,44,47,84,120,29,43,26,42,90,154,402,0,402
20213,A,골목상권,3110776,도신초등학교,3337,1712,1625,383,495,347,452,681,979,191,271,197,226,359,468,192,224,150,226,322,511,1527,0,1527
20213,A,골목상권,3110777,구로세무서,124,92,32,1,4,6,14,29,70,1,3,3,14,25,46,0,1,3,0,4,24,110,0,110
20213,A,골목상권,3110778,구로디지털단지역 4번,4030,2009,2021,316,668,458,487,731,1370,157,364,265,252,354,617,159,304,193,235,377,753,2361,0,2361
20213,A,골목상권,3110779,대림갑을명가아파트,293,149,144,17,44,33,41,50,108,8,25,17,22,28,49,9,19,16,19,22,59,171,0,171
20213,A,골목상권,3110780,신길대성유니드아파트,3240,1649,1591,403,396,345,533,589,974,228,206,199,277,303,436,175,190,146,256,286,538,1539,0,1539
20213,A,골목상권,3110781,대림한신아파트,3339,1643,1696,325,506,334,432,646,1096,163,255,194,219,321,491,162,251,140,213,325,605,1609,0,1609
20213,A,골목상권,3110782,영등포시장역 4번,763,381,382,37,242,222,79,75,108,22,98,125,45,42,49,15,144,97,34,33,59,565,0,565
20213,A,골목상권,3110783,영등포시장역 1번,772,414,358,92,115,99,98,127,241,48,52,56,57,73,128,44,63,43,41,54,113,430,0,430
20213,A,골목상권,3110784,신대림초등학교,998,493,505,93,155,109,136,159,346,51,77,56,80,78,151,42,78,53,56,81,195,558,0,558
20213,A,골목상권,3110785,영등포푸르지오아파트,3399,1751,1648,341,447,414,508,636,1053,188,245,228,265,341,484,153,202,186,243,295,569,1778,0,1778
20213,A,골목상권,3110786,당산역 8번,2158,1090,1068,135,543,529,242,285,424,62,261,291,124,152,200,73,282,238,118,133,224,1368,0,1368
20213,A,골목상권,3110787,신길3동주민센터,3238,1630,1608,289,424,353,421,667,1084,148,218,206,230,353,475,141,206,147,191,314,609,1757,0,1757
20213,A,골목상권,3110788,영등포시장역 3번,345,191,154,40,27,58,44,52,124,25,18,36,29,33,50,15,9,22,15,19,74,170,0,170
20213,A,골목상권,3110789,대림성모병원,1685,820,865,154,274,223,236,276,522,83,121,126,112,146,232,71,153,97,124,130,290,977,0,977
20213,A,골목상권,3110790,대림1동주민센터,3364,1678,1686,249,504,389,443,633,1146,138,265,232,237,312,494,111,239,157,206,321,652,1933,0,1933
20213,A,골목상권,3110791,신풍역 3번,223,108,115,40,20,46,33,30,54,20,11,21,16,15,25,20,9,25,17,15,29,95,0,95
20213,A,골목상권,3110792,영등포역 2번,3798,1928,1870,307,555,544,480,684,1228,155,297,297,254,345,580,152,258,247,226,339,648,2228,0,2228
20213,A,골목상권,3110793,대림썬프라자,1,1,0,0,0,0,0,0,1,0,0,0,0,0,1,0,0,0,0,0,0,1,0,1
20213,A,골목상권,3110794,영동초등학교,3386,1545,1841,160,1324,1125,333,193,251,91,484,551,177,112,130,69,840,574,156,81,121,2698,0,2698
20213,A,골목상권,3110795,도림초등학교,1916,960,956,201,276,272,252,295,620,108,143,151,139,147,272,93,133,121,113,148,348,1053,0,1053
20213,A,골목상권,3110796,한림대학교한강성심병원,1264,681,583,69,352,460,142,105,136,34,163,258,78,68,80,35,189,202,64,37,56,945,0,945
20213,A,골목상권,3110797,KT대방빌딩,193,95,98,10,19,27,24,24,89,3,13,14,10,17,38,7,6,13,14,7,51,110,0,110
20213,A,골목상권,3110798,신풍역 2번,567,295,272,63,86,86,72,89,171,38,50,46,33,45,83,25,36,40,39,44,88,265,0,265
20213,A,골목상권,3110799,영등포본동주민센터,633,322,311,34,121,103,69,123,183,17,70,64,34,53,84,17,51,39,35,70,99,348,0,348
20213,A,골목상권,3110800,영등포동성당,838,509,329,19,273,316,80,58,92,6,151,214,57,34,47,13,122,102,23,24,45,680,0,680
20213,A,골목상권,3110801,신풍역 6번(신길6동공영주차장),208,107,101,23,21,21,26,39,78,13,11,10,17,21,35,10,10,11,9,18,43,108,0,108
20213,A,골목상권,3110802,신길동홍어거리,1327,672,655,123,215,181,155,252,401,65,124,108,78,123,174,58,91,73,77,129,227,742,0,742
20213,A,골목상권,3110803,신길2동우편취급국,2760,1429,1331,239,301,349,379,489,1003,129,165,184,213,267,471,110,136,165,166,222,532,1531,0,1531
20213,A,골목상권,3110804,신풍역 1번,2297,1079,1218,158,376,307,315,387,754,73,165,167,151,198,325,85,211,140,164,189,429,1383,0,1383
20213,A,골목상권,3110805,신길새마을금고신길4동지점,768,385,383,42,184,148,107,89,198,19,82,81,61,51,91,23,102,67,46,38,107,494,0,494
20213,A,골목상권,3110806,서울시립영등포장애인복지관,48,48,0,0,1,6,14,22,5,0,1,6,14,22,5,0,0,0,0,0,0,48,0,48
20213,A,골목상권,3110807,신길역 3번,2234,1178,1056,39,1104,717,191,97,86,25,489,433,126,63,42,14,615,284,65,34,44,1993,0,1993
20213,A,골목상권,3110808,신길역 1번,624,335,289,36,115,124,87,102,160,17,68,71,50,53,76,19,47,53,37,49,84,395,0,395
20213,A,골목상권,3110809,장훈고등학교,711,353,358,72,107,85,101,131,215,32,52,52,49,69,99,40,55,33,52,62,116,379,0,379
20213,A,골목상권,3110810,영신초등학교,3407,1680,1727,309,549,481,456,538,1074,157,267,277,243,261,475,152,282,204,213,277,599,1892,0,1892
20213,A,골목상권,3110811,보라매역 4번,1664,815,849,138,347,296,228,222,433,77,160,140,126,117,195,61,187,156,102,105,238,971,0,971
20213,A,골목상권,3110812,신길6동주민센터,1434,666,768,89,353,271,186,206,329,48,154,128,94,94,148,41,199,143,92,112,181,932,0,932
20213,A,골목상권,3110813,보라매역 6번,2594,1281,1313,317,551,454,347,362,563,171,236,229,189,188,268,146,315,225,158,174,295,1397,0,1397
20213,A,골목상권,3110814,서울지방병무청,3440,1751,1689,348,617,510,515,559,891,185,332,270,287,277,400,163,285,240,228,282,491,1846,0,1846
20213,A,골목상권,3110815,공군호텔,4944,2547,2397,327,1192,910,655,701,1159,160,562,531,371,395,528,167,630,379,284,306,631,3342,0,3342
20213,A,골목상권,3110816,대방역 6번,1790,932,858,107,321,335,258,274,495,52,167,202,137,153,221,55,154,133,121,121,274,1108,0,1108
20213,A,골목상권,3110817,대방역 4번,880,495,385,28,340,222,79,79,132,14,176,141,50,46,68,14,164,81,29,33,64,704,0,704
20213,A,골목상권,3110818,신대방역 3번,813,426,387,52,200,159,102,106,194,22,92,101,59,55,97,30,108,58,43,51,97,551,0,551
20213,A,골목상권,3110819,신대방역 4번,5265,2541,2724,522,940,795,741,878,1389,265,459,400,355,461,601,257,481,395,386,417,788,3065,0,3065
20213,A,골목상권,3110820,성남고등학교,4096,2066,2030,710,768,663,746,571,638,385,393,335,384,297,272,325,375,328,362,274,366,1995,0,1995
20213,A,골목상권,3110821,보라매역 2번,6050,2935,3115,714,1093,1048,937,902,1356,378,537,535,461,429,595,336,556,513,476,473,761,3036,0,3036
20213,A,골목상권,3110822,신대방삼거리역 4번(대림초등학교),5038,2417,2621,725,1036,795,801,747,934,380,506,374,389,362,406,345,530,421,412,385,528,2442,0,2442
20213,A,골목상권,3110823,신대방삼거리역 3번,3577,1670,1907,337,938,663,473,454,712,185,355,341,241,218,330,152,583,322,232,236,382,2045,0,2045
20213,A,골목상권,3110824,대방역 3번,631,306,325,84,159,123,113,71,81,39,73,66,56,35,37,45,86,57,57,36,44,391,0,391
20213,A,골목상권,3110825,신대방삼거리역 1번,9016,4292,4724,969,1841,1716,1217,1189,2084,494,816,880,617,576,909,475,1025,836,600,613,1175,4854,0,4854
20213,A,골목상권,3110826,장승배기역 4번,4283,2053,2230,311,1009,904,532,569,958,142,451,486,288,271,415,169,558,418,244,298,543,2612,0,2612
20213,A,골목상권,3110827,NH농협은행 상도동지점,2391,1140,1251,188,503,419,317,362,602,90,226,211,166,185,262,98,277,208,151,177,340,1436,0,1436
20213,A,골목상권,3110828,노량진역 6번,7081,3628,3453,470,1331,1082,886,1215,2097,244,702,634,497,628,923,226,629,448,389,587,1174,4212,0,4212
20213,A,골목상권,3110829,장승배기역 5번,3007,1526,1481,234,414,394,371,588,1006,123,230,231,191,299,452,111,184,163,180,289,554,1658,0,1658
20213,A,골목상권,3110830,상도초등학교,4133,2032,2101,484,594,651,609,629,1166,256,289,358,324,292,513,228,305,293,285,337,653,2109,0,2109
20213,A,골목상권,3110831,상도4동주민센터,2692,1297,1395,359,466,538,403,374,552,202,209,268,201,183,234,157,257,270,202,191,318,1294,0,1294
20213,A,골목상권,3110832,노량진초등학교,3280,1690,1590,228,657,493,421,475,1006,119,365,290,234,248,434,109,292,203,187,227,572,2081,0,2081
20213,A,골목상권,3110833,상도역 2번,2327,1123,1204,370,431,426,367,291,442,192,207,207,187,141,189,178,224,219,180,150,253,1121,0,1121
20213,A,골목상권,3110834,동작구자원봉사센터,1155,629,526,93,320,240,127,144,231,51,166,162,73,69,108,42,154,78,54,75,123,705,0,705
20213,A,골목상권,3110835,상도역 1번,1194,550,644,107,321,225,124,134,283,51,144,108,59,64,124,56,177,117,65,70,159,697,0,697
20213,A,골목상권,3110836,상도역 5번,9098,4469,4629,999,3070,1232,1073,983,1741,479,1604,655,535,440,756,520,1466,577,538,543,985,5244,0,5244
20213,A,골목상권,3110837,숭실대입구역 1번,4197,2006,2191,384,1330,665,459,511,848,198,631,337,224,237,379,186,699,328,235,274,469,2434,0,2434
20213,A,골목상권,3110838,상도1동주민센터앞,117,65,52,5,33,20,11,15,33,3,18,11,8,8,17,2,15,9,3,7,16,74,0,74
20213,A,골목상권,3110839,숭실대입구역 4번,1914,981,933,147,695,277,188,227,380,84,365,158,93,102,179,63,330,119,95,125,201,1183,0,1183
20213,A,골목상권,3110840,중앙대학교,2244,1118,1126,189,795,278,248,264,470,92,412,168,121,118,207,97,383,110,127,146,263,1415,0,1415
20213,A,골목상권,3110841,중대부중,2042,993,1049,160,310,239,309,355,669,84,167,126,171,177,268,76,143,113,138,178,401,1081,0,1081
20213,A,골목상권,3110842,흑리단길,511,237,274,50,85,59,60,91,166,26,37,28,30,49,67,24,48,31,30,42,99,287,0,287
20213,A,골목상권,3110843,사당5동주민센터,1683,792,891,185,302,295,278,223,400,106,136,137,142,103,168,79,166,158,136,120,232,966,0,966
20213,A,골목상권,3110844,흑석2치안센터,833,408,425,69,119,101,104,161,279,39,66,55,55,75,118,30,53,46,49,86,161,410,0,410
20213,A,골목상권,3110845,사당종합체육관,1643,802,841,214,238,223,257,273,438,123,119,119,131,131,179,91,119,104,126,142,259,722,0,722
20213,A,골목상권,3110846,남성역 1번,8998,4253,4745,823,1752,1569,1283,1244,2327,423,778,796,662,591,1003,400,974,773,621,653,1324,4850,0,4850
20213,A,골목상권,3110847,예술인마을,4610,2187,2423,408,824,920,611,709,1138,210,386,478,283,305,525,198,438,442,328,404,613,2213,0,2213
20213,A,골목상권,3110848,양지어린이공원,4871,2347,2524,425,997,925,679,684,1161,203,454,498,359,318,515,222,543,427,320,366,646,2701,0,2701
20213,A,골목상권,3110849,이수역 10번,3100,1528,1572,242,622,546,412,478,800,128,268,279,228,248,377,114,354,267,184,230,423,1849,0,1849
20213,A,골목상권,3110850,사당역 10번,8232,3880,4352,524,2114,1722,1007,989,1876,283,883,897,534,438,845,241,1231,825,473,551,1031,5113,0,5113
20213,A,골목상권,3110851,경문고등학교(동작동성당),3582,1731,1851,336,514,514,490,597,1131,193,262,278,231,286,481,143,252,236,259,311,650,1778,0,1778
20213,A,골목상권,3110852,이수역 9번,1902,903,999,130,385,352,258,268,509,75,165,170,137,126,230,55,220,182,121,142,279,1198,0,1198
20213,A,골목상권,3110853,KT구로지사,2369,1254,1115,135,629,593,269,285,458,64,283,378,151,151,227,71,346,215,118,134,231,1645,0,1645
20213,A,골목상권,3110854,조원동주민센터,2185,1104,1081,212,427,344,317,339,546,119,205,192,148,175,265,93,222,152,169,164,281,1233,0,1233
20213,A,골목상권,3110855,신대방역 2번,4616,2270,2346,326,1380,988,556,525,841,161,592,510,309,289,409,165,788,478,247,236,432,3109,0,3109
20213,A,골목상권,3110856,미성초등학교,4246,2043,2203,469,770,795,606,629,977,226,342,413,344,297,421,243,428,382,262,332,556,2252,0,2252
20213,A,골목상권,3110857,미성동주민센터,5006,2462,2544,646,721,629,778,878,1354,333,359,331,375,437,627,313,362,298,403,441,727,2338,0,2338
20213,A,골목상권,3110858,신대방역 1번,844,420,424,55,260,168,100,90,171,27,120,89,51,49,84,28,140,79,49,41,87,586,0,586
20213,A,골목상권,3110859,난향초등학교,2852,1497,1355,329,364,314,452,474,919,157,207,186,249,263,435,172,157,128,203,211,484,1407,0,1407
20213,A,골목상권,3110860,호림박물관(성보고등학교),2357,1146,1211,190,682,425,312,327,421,97,307,233,161,162,186,93,375,192,151,165,235,1478,0,1478
20213,A,골목상권,3110861,관악구신사동주민센터,7107,3587,3520,631,1750,1213,961,1118,1434,341,869,682,488,548,659,290,881,531,473,570,775,4152,0,4152
20213,A,골목상권,3110862,난곡초등학교(난곡동벽화마을),2335,1157,1178,239,374,347,311,404,660,101,201,200,160,196,299,138,173,147,151,208,361,1181,0,1181
20213,A,골목상권,3110863,난우초등학교,4002,1985,2017,532,594,479,616,689,1092,261,310,247,319,342,506,271,284,232,297,347,586,1873,0,1873
20213,A,골목상권,3110864,신림우방아파트,5054,2528,2526,465,1324,862,677,667,1059,250,610,503,343,332,490,215,714,359,334,335,569,3022,0,3022
20213,A,골목상권,3110865,남강고등학교(남강중학교),8794,4369,4425,1073,1331,1158,1295,1627,2310,580,664,623,668,791,1043,493,667,535,627,836,1267,4205,0,4205
20213,A,골목상권,3110866,난우중학교,5033,2551,2482,528,735,669,732,866,1503,272,388,375,401,421,694,256,347,294,331,445,809,2473,0,2473
20213,A,골목상권,3110867,국제신학대학원대학교(남서울중학교),3553,1786,1767,229,1040,701,395,419,769,103,507,408,214,213,341,126,533,293,181,206,428,2280,0,2280
20213,A,골목상권,3110868,남부초등학교,3126,1560,1566,257,772,550,399,464,684,138,367,307,208,226,314,119,405,243,191,238,370,1864,0,1864
20213,A,골목상권,3110869,"신림역 5번(신림동주민센터, 신림동별빛거리)",11244,5800,5444,441,4403,2831,1283,889,1397,215,2161,1635,706,471,612,226,2242,1196,577,418,785,8805,0,8805
20213,A,골목상권,3110870,신림주공2단지(광신고등학교),2041,1013,1028,183,206,201,315,369,767,100,113,119,170,181,330,83,93,82,145,188,437,934,0,934
20213,A,골목상권,3110871,신원동주민센터,2357,1169,1188,161,550,391,276,320,659,86,275,213,151,160,284,75,275,178,125,160,375,1512,0,1512
20213,A,골목상권,3110872,신림초등학교,2608,1298,1310,247,597,425,380,358,601,124,318,239,192,174,251,123,279,186,188,184,350,1495,0,1495
20213,A,골목상권,3110873,당곡중학교,4600,2271,2329,475,920,682,656,622,1245,256,436,377,318,310,574,219,484,305,338,312,671,2473,0,2473
20213,A,골목상권,3110874,원신초등학교(구세군관악영문교회),2944,1477,1467,176,305,314,374,522,1253,100,155,186,222,283,531,76,150,128,152,239,722,1765,0,1765
20213,A,골목상권,3110875,보라매동주민센터(당곡고등학교),3122,1530,1592,295,659,575,457,413,723,140,330,318,237,188,317,155,329,257,220,225,406,1751,0,1751
20213,A,골목상권,3110876,서원동주민센터(신관중학교),2715,1460,1255,147,835,563,372,290,508,78,450,341,210,153,228,69,385,222,162,137,280,1925,0,1925
20213,A,골목상권,3110877,신림역 8번,3562,1881,1681,107,1367,945,377,288,478,60,660,543,220,169,229,47,707,402,157,119,249,2898,0,2898
20213,A,골목상권,3110878,미림여고,1788,931,857,218,234,239,267,296,534,116,140,137,140,137,261,102,94,102,127,159,273,790,0,790
20213,A,골목상권,3110879,신림현대아파트,1624,860,764,86,258,227,235,276,542,40,138,142,149,144,247,46,120,85,86,132,295,1092,0,1092
20213,A,골목상권,3110880,신림역 1번,1373,662,711,61,540,257,138,148,229,35,241,150,74,63,99,26,299,107,64,85,130,959,0,959
20213,A,골목상권,3110881,구립대학경로당(관악산샘말공원),10081,6426,3655,510,3011,2264,1553,1244,1499,272,1825,1577,1154,857,741,238,1186,687,399,387,758,7777,0,7777
20213,A,골목상권,3110882,신성초등학교,5190,3006,2184,375,1446,1101,725,637,906,188,799,718,486,379,436,187,647,383,239,258,470,3577,0,3577
20213,A,골목상권,3110883,은천초등학교(은천교앞),4677,2331,2346,410,1008,836,606,595,1222,213,475,480,335,292,536,197,533,356,271,303,686,2668,0,2668
20213,A,골목상권,3110884,봉천역 4번(봉천110안전센터),1287,648,639,93,389,221,151,157,276,51,183,117,90,79,128,42,206,104,61,78,148,827,0,827
20213,A,골목상권,3110885,영락고등학교,7472,3898,3574,647,1691,1430,1046,1016,1642,329,877,839,582,517,754,318,814,591,464,499,888,4361,0,4361
20213,A,골목상권,3110886,관악해태어린이공원,3465,2216,1249,156,1264,885,471,301,388,82,779,617,349,193,196,74,485,268,122,108,192,2813,0,2813
20213,A,골목상권,3110887,서울산업정보학교(서울삼성초등학교),1891,1198,693,125,691,390,247,160,278,59,472,287,161,97,122,66,219,103,86,63,156,1392,0,1392
20213,A,골목상권,3110888,청룡동주민센터,1490,742,748,88,337,230,196,212,427,56,157,119,103,118,189,32,180,111,93,94,238,1027,0,1027
20213,A,골목상권,3110889,봉천역 6번,2307,1143,1164,210,610,444,301,236,506,124,261,245,162,115,236,86,349,199,139,121,270,1347,0,1347
20213,A,골목상권,3110890,봉천역 1번(관악초등학교),3213,1514,1699,167,1225,697,308,312,504,83,513,379,152,153,234,84,712,318,156,159,270,2373,0,2373
20213,A,골목상권,3110891,구암초등학교,733,351,382,106,91,94,113,107,222,49,38,53,58,55,98,57,53,41,55,52,124,336,0,336
20213,A,골목상권,3110892,관악구 중앙길,11824,5740,6084,838,3138,2210,1383,1509,2746,430,1349,1228,760,747,1226,408,1789,982,623,762,1520,7180,0,7180
20213,A,골목상권,3110893,관악소방서(문영여고),268,134,134,27,87,41,32,36,45,12,45,21,14,17,25,15,42,20,18,19,20,164,0,164
20213,A,골목상권,3110894,관악동부센트레빌아파트(은천로35라길),1733,826,907,224,306,289,280,228,406,114,131,162,144,108,167,110,175,127,136,120,239,820,0,820
20213,A,골목상권,3110895,샤로수길,8549,4308,4241,730,2762,1672,1004,843,1538,378,1327,959,523,433,688,352,1435,713,481,410,850,5577,0,5577
20213,A,골목상권,3110896,관악우성아파트,270,138,132,27,46,34,34,44,85,16,28,19,21,17,37,11,18,15,13,27,48,152,0,152
20213,A,골목상권,3110897,서울대입구역 8번,5412,2682,2730,338,1514,1060,604,624,1272,170,710,571,329,327,575,168,804,489,275,297,697,3553,0,3553
20213,A,골목상권,3110898,청림동주민센터(상도중학교),2329,1168,1161,335,309,300,329,410,646,160,180,168,164,200,296,175,129,132,165,210,350,992,0,992
20213,A,골목상권,3110899,낙성대역 5번(관악중학교),3090,1481,1609,152,1047,810,338,259,484,80,453,447,171,119,211,72,594,363,167,140,273,2234,0,2234
20213,A,골목상권,3110900,낙성대역 1번(관악구민 종합체육센터),6186,3134,3052,486,1842,1363,783,640,1072,249,913,733,433,326,480,237,929,630,350,314,592,3992,0,3992
20213,A,골목상권,3110901,인헌고등학교(인헌중학교),4807,2265,2542,471,999,858,648,687,1144,232,445,437,321,327,503,239,554,421,327,360,641,2485,0,2485
20213,A,골목상권,3110902,사당역 4번,9756,4618,5138,766,2281,2056,1122,1322,2209,374,999,1074,589,595,987,392,1282,982,533,727,1222,5442,0,5442
20213,A,골목상권,3110903,방배아이파크아파트,4114,1903,2211,726,611,501,728,717,831,351,279,242,317,349,365,375,332,259,411,368,466,1661,0,1661
20213,A,골목상권,3110904,이수역 5번,1017,456,561,126,161,190,168,150,222,59,69,87,74,67,100,67,92,103,94,83,122,486,0,486
20213,A,골목상권,3110905,방배노인종합복지관(이수중학교),3801,1752,2049,560,561,609,579,590,902,282,273,295,249,271,382,278,288,314,330,319,520,1635,0,1635
20213,A,골목상권,3110906,서문여고,1203,516,687,215,166,165,231,190,236,80,76,68,105,90,97,135,90,97,126,100,139,501,0,501
20213,A,골목상권,3110907,방배초등학교,3518,1614,1904,699,482,482,693,489,673,311,207,238,304,245,309,388,275,244,389,244,364,1441,0,1441
20213,A,골목상권,3110908,구반포역,216,107,109,36,32,14,45,43,46,21,15,6,16,23,26,15,17,8,29,20,20,81,0,81
20213,A,골목상권,3110909,남태령역(서울전자고등학교),778,382,396,88,99,99,110,135,247,48,59,50,57,63,105,40,40,49,53,72,142,362,0,362
20213,A,골목상권,3110910,내방역 5번,2365,1058,1307,383,346,519,430,270,417,193,144,246,184,120,171,190,202,273,246,150,246,1168,0,1168
20213,A,골목상권,3110911,방배배수지체육공원,126,69,57,16,4,16,15,17,58,9,2,9,12,8,29,7,2,7,3,9,29,72,0,72
20213,A,골목상권,3110912,방배동사이길,317,145,172,51,44,49,49,48,76,24,22,22,25,24,28,27,22,27,24,24,48,146,0,146
20213,A,골목상권,3110913,방현초등학교(방배119안전센터),3887,1879,2008,503,569,578,590,636,1011,240,306,303,287,290,453,263,263,275,303,346,558,1749,0,1749
20213,A,골목상권,3110914,내방역 6번,359,170,189,57,42,71,54,42,93,26,21,32,30,18,43,31,21,39,24,24,50,150,0,150
20213,A,골목상권,3110915,서래초등학교,1499,705,794,335,189,162,269,242,302,172,93,70,121,112,137,163,96,92,148,130,165,542,0,542
20213,A,골목상권,3110916,내방역 4번,3971,1824,2147,542,630,770,660,534,835,283,290,344,308,236,363,259,340,426,352,298,472,1829,0,1829
20213,A,골목상권,3110917,서초소방서,930,430,500,168,121,148,170,137,186,85,60,60,76,69,80,83,61,88,94,68,106,370,0,370
20213,A,골목상권,3110918,방배역 3번,3012,1396,1616,431,472,559,491,427,632,225,220,264,222,186,279,206,252,295,269,241,353,1298,0,1298
20213,A,골목상권,3110919,내방역 8번,3127,1475,1652,537,469,442,544,523,612,292,227,180,232,256,288,245,242,262,312,267,324,1195,0,1195
20213,A,골목상권,3110920,방배역 2번(백석예술대학교),130,67,63,23,24,22,17,26,18,14,12,11,9,12,9,9,12,11,8,14,9,53,0,53
20213,A,골목상권,3110921,서울프랑스학교,1150,526,624,226,135,145,223,173,248,112,67,61,96,76,114,114,68,84,127,97,134,443,0,443
20213,A,골목상권,3110922,내방역 1번,2738,1257,1481,421,417,548,441,340,571,225,193,242,199,148,250,196,224,306,242,192,321,1261,0,1261
20213,A,골목상권,3110923,방배역 1번,463,205,258,57,69,71,75,60,131,29,29,31,35,28,53,28,40,40,40,32,78,189,0,189
20213,A,골목상권,3110924,반포4동주민센터(몽마르뜨공원),2470,1144,1326,427,320,363,465,332,563,227,149,157,218,148,245,200,171,206,247,184,318,1118,0,1118
20213,A,골목상권,3110925,서초중학교,3056,1502,1554,469,511,447,527,475,627,275,275,208,247,221,276,194,236,239,280,254,351,1263,0,1263
20213,A,골목상권,3110926,신중초등학교,3766,1799,1967,646,608,588,627,563,734,354,272,279,295,275,324,292,336,309,332,288,410,1596,0,1596
20213,A,골목상권,3110927,잠원역,273,126,147,29,20,44,40,48,92,16,8,22,19,21,40,13,12,22,21,27,52,152,0,152
20213,A,골목상권,3110928,서초우방유쉘아파트,435,220,215,57,85,93,61,42,97,29,43,46,37,22,43,28,42,47,24,20,54,234,0,234
20213,A,골목상권,3110929,남부터미널역 1번,4258,2079,2179,761,539,675,789,586,908,398,265,331,385,277,423,363,274,344,404,309,485,1776,0,1776
20213,A,골목상권,3110930,서초동성당,1972,950,1022,361,265,327,356,298,365,180,139,136,174,150,171,181,126,191,182,148,194,825,0,825
20213,A,골목상권,3110931,삼성전자서울R&D(서울우면초등학교),160,79,81,29,16,17,30,22,46,17,4,10,16,9,23,12,12,7,14,13,23,66,0,66
20213,A,골목상권,3110932,서울시인재개발원,652,301,351,136,95,104,138,95,84,63,44,45,68,49,32,73,51,59,70,46,52,281,0,281
20213,A,골목상권,3110933,한국상담대학원대학교,450,234,216,101,46,76,76,71,80,60,25,30,41,36,42,41,21,46,35,35,38,163,0,163
20213,A,골목상권,3110934,우면주공아파트,2801,1402,1399,358,376,469,429,385,784,214,202,248,237,178,323,144,174,221,192,207,461,1300,0,1300
20213,A,골목상권,3110935,한전아트센터,1076,532,544,161,165,169,183,178,220,91,90,78,87,84,102,70,75,91,96,94,118,461,0,461
20213,A,골목상권,3110936,더케이호텔(양재리본타워2단지아파트),885,431,454,99,143,167,125,148,203,55,71,84,56,70,95,44,72,83,69,78,108,425,0,425
20213,A,골목상권,3110937,방아다리근린공원(횃불트리니티신학대학원대학교),482,234,248,60,59,81,55,58,169,28,29,43,21,28,85,32,30,38,34,30,84,191,0,191
20213,A,골목상권,3110938,바우뫼공원,754,360,394,91,117,165,115,112,154,45,57,82,51,51,74,46,60,83,64,61,80,385,0,385
20213,A,골목상권,3110939,양재역 8번(양재동우체국),6198,2936,3262,652,996,1343,900,882,1425,338,460,691,423,403,621,314,536,652,477,479,804,3102,0,3102
20213,A,골목상권,3110940,양재근린공원(양재2동주민센터),1099,533,566,148,168,251,166,150,216,66,84,138,75,78,92,82,84,113,91,72,124,531,0,531
20213,A,골목상권,3110941,언남고등학교,854,439,415,98,134,180,131,135,176,52,61,100,67,72,87,46,73,80,64,63,89,425,0,425
20213,A,골목상권,3110942,염곡동 구룡사(포이동성당),8496,4226,4270,1148,1322,1749,1412,1266,1599,588,701,901,730,594,712,560,621,848,682,672,887,3987,0,3987
20213,A,골목상권,3110943,법제교육센터(버들어린이공원),1580,778,802,226,237,296,287,240,294,114,113,158,144,116,133,112,124,138,143,124,161,756,0,756
20213,A,골목상권,3110944,서울나래학교(염곡어린이공원),633,317,316,69,62,74,89,114,225,34,30,44,45,49,115,35,32,30,44,65,110,318,0,318
20213,A,골목상권,3110945,본마을노인복지센터(서초구립내곡도서관),297,153,144,26,30,38,44,43,116,13,12,22,23,21,62,13,18,16,21,22,54,146,0,146
20213,A,골목상권,3110946,청계산원터골,100,51,49,6,6,13,15,14,46,5,3,5,9,6,23,1,3,8,6,8,23,44,0,44
20213,A,골목상권,3110947,청계산입구역 2번(내곡동주민센터),357,182,175,30,33,55,46,47,146,21,18,27,25,18,73,9,15,28,21,29,73,181,0,181
20213,A,골목상권,3110948,헌인가구단지,154,112,42,32,31,10,7,23,51,30,29,7,4,15,27,2,2,3,3,8,24,54,0,54
20213,A,골목상권,3110949,한남IC,564,275,289,72,98,124,101,74,95,40,40,58,51,37,49,32,58,66,50,37,46,281,0,281
20213,A,골목상권,3110950,논현역 7번,839,382,457,104,109,121,156,126,223,47,52,52,63,58,110,57,57,69,93,68,113,338,0,338
20213,A,골목상권,3110951,신사은행나무공원,929,419,510,100,185,213,146,95,190,56,86,90,61,40,86,44,99,123,85,55,104,557,0,557
20213,A,골목상권,3110952,논현목련공원,868,389,479,57,211,243,125,78,154,33,88,115,56,31,66,24,123,128,69,47,88,571,0,571
20213,A,골목상권,3110953,학동근린공원,907,399,508,105,131,201,123,136,211,41,63,81,60,60,94,64,68,120,63,76,117,442,0,442
20213,A,골목상권,3110954,국기원,448,232,216,35,115,146,63,34,55,19,59,82,28,15,29,16,56,64,35,19,26,303,0,303
20213,A,골목상권,3110955,논현초등학교,7026,3311,3715,449,1586,1921,1170,750,1150,210,704,928,582,361,526,239,882,993,588,389,624,4495,0,4495
20213,A,골목상권,3110956,언주역 8번,588,290,298,44,132,164,80,56,112,15,61,93,43,29,49,29,71,71,37,27,63,384,0,384
20213,A,골목상권,3110957,언북중학교,1761,797,964,137,300,454,311,214,345,77,127,195,167,98,133,60,173,259,144,116,212,1088,0,1088
20213,A,골목상권,3110958,역삼역 4번,821,434,387,54,152,248,121,111,135,32,82,130,63,64,63,22,70,118,58,47,72,512,0,512
20213,A,골목상권,3110959,신구중학교,361,168,193,54,55,51,81,44,76,30,24,22,41,22,29,24,31,29,40,22,47,170,0,170
20213,A,골목상권,3110960,은광여고,807,400,407,79,187,225,99,92,125,40,84,117,51,48,60,39,103,108,48,44,65,476,0,476
20213,A,골목상권,3110961,언주역 3번,2120,980,1140,176,422,563,364,255,340,78,180,263,182,124,153,98,242,300,182,131,187,1314,0,1314
20213,A,골목상권,3110962,도산공원북측,30,13,17,2,5,11,4,2,6,2,2,5,2,0,2,0,3,6,2,2,4,16,0,16
20213,A,골목상권,3110963,역삼월드메르디앙아파트,1722,801,921,221,291,374,308,221,307,113,130,176,146,97,139,108,161,198,162,124,168,873,0,873
20213,A,골목상권,3110964,싸리고개근린공원,866,401,465,136,96,116,141,128,249,56,49,53,66,63,114,80,47,63,75,65,135,370,0,370
20213,A,골목상권,3110965,언주역 6번,2245,1052,1193,160,455,691,392,234,313,76,196,330,184,136,130,84,259,361,208,98,183,1500,0,1500
20213,A,골목상권,3110966,논현2동주민센터,2811,1217,1594,293,532,612,495,360,519,149,208,266,223,163,208,144,324,346,272,197,311,1558,0,1558
20213,A,골목상권,3110967,역삼역 8번,1279,615,664,99,234,354,249,158,185,48,108,169,119,86,85,51,126,185,130,72,100,864,0,864
20213,A,골목상권,3110968,강남구청역 2번,549,253,296,50,99,136,99,64,101,29,48,63,40,29,44,21,51,73,59,35,57,314,0,314
20213,A,골목상권,3110969,베르사이유1아파트,1202,609,593,99,227,329,215,161,171,44,108,166,118,94,79,55,119,163,97,67,92,754,0,754
20213,A,골목상권,3110970,학동초등학교,1015,469,546,113,175,279,149,139,160,60,83,120,69,67,70,53,92,159,80,72,90,540,0,540
20213,A,골목상권,3110971,선정릉역 4번,3870,1781,2089,228,782,1162,697,451,550,109,307,536,353,239,237,119,475,626,344,212,313,2549,0,2549
20213,A,골목상권,3110972,강남세브란스병원미래의학연구센터,1921,869,1052,226,324,438,302,247,384,114,136,201,138,106,174,112,188,237,164,141,210,1003,0,1003
20213,A,골목상권,3110973,강남구청역 4번,2295,1070,1225,438,328,391,457,301,380,240,146,165,207,143,169,198,182,226,250,158,211,952,0,952
20213,A,골목상권,3110974,언주중학교,1463,654,809,224,266,309,282,189,193,124,110,119,131,91,79,100,156,190,151,98,114,765,0,765
20213,A,골목상권,3110975,매봉역 1번,890,417,473,121,142,116,109,159,243,58,76,52,44,70,117,63,66,64,65,89,126,353,0,353
20213,A,골목상권,3110976,언북초등학교,2022,876,1146,270,397,432,328,248,347,126,150,182,158,121,139,144,247,250,170,127,208,1080,0,1080
20213,A,골목상권,3110977,논현로18길,691,336,355,81,99,148,96,117,150,38,55,76,52,49,66,43,44,72,44,68,84,340,0,340
20213,A,골목상권,3110978,도곡2동주민센터(대치중학교),356,154,202,31,19,45,75,61,125,17,8,18,31,29,51,14,11,27,44,32,74,255,0,255
20213,A,골목상권,3110979,청담초등학교,1131,525,606,232,133,123,184,180,279,112,71,43,82,85,132,120,62,80,102,95,147,397,0,397
20213,A,골목상권,3110980,개포지구대옆,2629,1270,1359,393,371,387,445,447,586,209,177,201,202,217,264,184,194,186,243,230,322,1125,0,1125
20213,A,골목상권,3110981,국악고교사거리,2118,1057,1061,303,333,373,344,391,374,162,185,183,168,189,170,141,148,190,176,202,204,907,0,907
20213,A,골목상권,3110982,강남구보훈회관,827,387,440,135,131,161,156,93,151,71,62,74,62,51,67,64,69,87,94,42,84,406,0,406
20213,A,골목상권,3110983,국립국악고등학교,2703,1266,1437,409,408,315,518,496,557,194,194,146,234,251,247,215,214,169,284,245,310,1231,0,1231
20213,A,골목상권,3110984,포이초등학교(개포목련어린이공원),4267,2104,2163,618,656,716,703,725,849,313,346,379,328,366,372,305,310,337,375,359,477,1912,0,1912
20213,A,골목상권,3110985,청담근린공원,956,448,508,110,162,187,153,141,203,65,73,98,58,65,89,45,89,89,95,76,114,480,0,480
20213,A,골목상권,3110986,삼성중앙역 7번,724,321,403,92,119,168,144,85,116,47,47,70,70,38,49,45,72,98,74,47,67,396,0,396
20213,A,골목상권,3110987,영동대교남단,491,229,262,78,77,79,72,81,104,41,31,37,31,36,53,37,46,42,41,45,51,199,0,199
20213,A,골목상권,3110988,청담역 3번,1318,663,655,224,162,136,198,206,392,142,88,63,89,103,178,82,74,73,109,103,214,474,0,474
20213,A,골목상권,3110989,대치동아우편취급국,1588,750,838,205,269,360,344,211,199,95,137,166,156,107,89,110,132,194,188,104,110,904,0,904
20211,U,관광특구,3001495,잠실 관광특구,9817,4317,5500,825,2296,2634,1332,1101,1629,429,830,1144,580,542,792,396,1466,1490,752,559,837,6271,0,6271
20211,U,관광특구,3001496,강남 마이스 관광특구,29,16,13,2,4,2,4,9,8,0,2,1,2,5,6,2,2,1,2,4,2,18,0,18
20213,A,골목상권,3110990,청담역 12번,158,73,85,12,33,26,16,23,48,5,20,10,7,13,18,7,13,16,9,10,30,77,0,77
20213,A,골목상권,3110991,삼성중앙역 5번,330,154,176,41,35,54,50,52,98,20,20,19,21,27,47,21,15,35,29,25,51,154,0,154
20213,A,골목상권,3110992,도곡초등학교,7894,3676,4218,1431,1250,1132,1562,1292,1227,754,628,517,630,619,528,677,622,615,932,673,699,3681,0,3681
20213,A,골목상권,3110993,개포지하차도 북측,234,121,113,27,36,39,33,42,57,14,24,25,14,21,23,13,12,14,19,21,34,119,0,119
20213,A,골목상권,3110994,개포고등학교,1777,891,886,275,226,239,263,285,489,152,132,126,122,134,225,123,94,113,141,151,264,797,0,797
20213,A,골목상권,3110995,봉은사역 4번,2802,1348,1454,474,414,417,431,456,610,249,214,200,199,204,282,225,200,217,232,252,328,1097,0,1097
20213,A,골목상권,3110996,대치2동주민센터,1368,679,689,242,147,119,295,226,339,149,81,51,137,110,151,93,66,68,158,116,188,664,0,664
20213,A,골목상권,3110997,대청초등학교,7187,3566,3621,1042,1264,1174,1052,1114,1541,566,637,592,515,547,709,476,627,582,537,567,832,3441,0,3441
20213,A,골목상권,3110998,은곡마을(은곡마을공원),609,294,315,98,81,172,114,73,71,47,43,81,57,34,32,51,38,91,57,39,39,312,0,312
20213,A,골목상권,3110999,윗방죽마을공원,3223,1492,1731,168,715,1000,472,304,564,95,257,458,252,181,249,73,458,542,220,123,315,2418,0,2418
20213,A,골목상권,3111000,대왕초등학교(세곡동사거리서남측),435,209,226,58,37,69,54,59,158,26,22,31,31,26,73,32,15,38,23,33,85,196,0,196
20213,A,골목상권,3111001,아래방죽마을공원(율현초등학교),1639,807,832,292,220,402,281,190,254,154,101,194,151,94,113,138,119,208,130,96,141,777,0,777
20213,A,골목상권,3111003,삼전역 4번,10844,5106,5738,1380,1881,2343,1717,1544,1979,676,845,1162,819,715,889,704,1036,1181,898,829,1090,5373,0,5373
20213,A,골목상권,3111004,삼전역 1번,9985,4642,5343,977,1835,2173,1620,1450,1930,503,800,1025,756,682,876,474,1035,1148,864,768,1054,5691,0,5691
20213,A,골목상권,3111005,삼전역 3번,8660,4131,4529,1040,1475,1740,1393,1294,1718,536,686,857,693,594,765,504,789,883,700,700,953,4280,0,4280
20213,A,골목상권,3111006,석촌고분역 1번,8763,4032,4731,957,1561,1870,1467,1221,1687,480,670,917,677,555,733,477,891,953,790,666,954,4597,0,4597
20213,A,골목상권,3111007,석촌고분역 4번,8268,3903,4365,1118,1321,1801,1398,1094,1536,584,600,894,650,506,669,534,721,907,748,588,867,4119,0,4119
20213,A,골목상권,3111008,석촌고분역 3번,4837,2348,2489,583,782,981,765,670,1056,314,383,481,374,329,467,269,399,500,391,341,589,2338,0,2338
20213,A,골목상권,3111009,송파책박물관,1111,571,540,110,197,182,152,206,264,67,100,98,83,93,130,43,97,84,69,113,134,523,0,523
20213,A,골목상권,3111010,석촌역 7번,8953,4188,4765,894,1672,2230,1348,1164,1645,431,714,1091,670,543,739,463,958,1139,678,621,906,4884,0,4884
20213,A,골목상권,3111011,잠실나루역,301,150,151,68,32,40,71,32,58,39,16,18,35,15,27,29,16,22,36,17,31,102,0,102
20213,A,골목상권,3111012,석촌역 6번,6266,3006,3260,727,965,1218,991,938,1427,373,437,590,477,479,650,354,528,628,514,459,777,3287,0,3287
20213,A,골목상권,3111013,송파나루역 1번(송리단길),8690,4043,4647,840,1636,2026,1225,1201,1762,401,735,1010,558,531,808,439,901,1016,667,670,954,4484,0,4484
20213,A,골목상권,3111014,송파나루역 2번,3154,1520,1634,273,577,631,475,488,710,135,282,308,256,224,315,138,295,323,219,264,395,1683,0,1683
20213,A,골목상권,3111015,석촌역 3번,10401,4877,5524,1135,1972,2356,1506,1460,1972,575,863,1138,716,689,896,560,1109,1218,790,771,1076,5279,0,5279
20213,A,골목상권,3111016,송파역 2번,3349,1563,1786,469,547,472,480,536,845,240,252,224,225,258,364,229,295,248,255,278,481,1498,0,1498
20213,A,골목상권,3111017,송파나루역 3번,967,448,519,83,164,223,138,140,219,50,68,113,59,65,93,33,96,110,79,75,126,504,0,504
20213,A,골목상권,3111018,풍납초등학교(풍납백제문화공원),773,402,371,111,90,118,129,135,190,59,57,66,71,67,82,52,33,52,58,68,108,331,0,331
20213,A,골목상권,3111019,한성백제역 3번,8679,4205,4474,1122,1342,1604,1228,1369,2014,629,644,816,588,609,919,493,698,788,640,760,1095,3835,0,3835
20213,A,골목상권,3111020,방이동고분군(방산고등학교),685,337,348,116,120,103,122,109,115,65,55,49,56,56,56,51,65,54,66,53,59,276,0,276
20213,A,골목상권,3111021,방이역 4번,9969,4785,5184,1654,1564,1553,1720,1575,1903,822,804,746,817,734,862,832,760,807,903,841,1041,4179,0,4179
20213,A,골목상권,3111022,석촌중학교(방이육교),2794,1345,1449,379,467,505,402,441,600,182,236,250,189,201,287,197,231,255,213,240,313,1218,0,1218
20213,A,골목상권,3111023,문정역 1번,2005,997,1008,189,412,414,271,306,413,87,210,228,141,141,190,102,202,186,130,165,223,1026,0,1026
20213,A,골목상권,3111024,경찰병원역 4번(건너말공원),1531,784,747,189,277,269,242,238,316,108,136,151,126,119,144,81,141,118,116,119,172,738,0,738
20213,A,골목상권,3111025,경찰병원역 3번,3043,1505,1538,304,592,669,407,462,609,173,285,330,215,218,284,131,307,339,192,244,325,1468,0,1468
20213,A,골목상권,3111026,문정역 2번,4545,2275,2270,643,707,949,723,695,828,331,365,495,366,330,388,312,342,454,357,365,440,1963,0,1963
20213,A,골목상권,3111027,문정초등학교,5416,2676,2740,684,939,1121,773,871,1028,361,459,594,399,390,473,323,480,527,374,481,555,2489,0,2489
20213,A,골목상권,3111028,문현중학교(장지역 1번),1839,936,903,227,359,380,260,265,348,118,182,209,128,142,157,109,177,171,132,123,191,915,0,915
20213,A,골목상권,3111029,오금역 4번,1287,639,648,147,197,201,190,225,327,77,104,97,97,110,154,70,93,104,93,115,173,664,0,664
20213,A,골목상권,3111030,방이역 2번,1884,923,961,275,303,265,281,348,412,149,152,126,132,174,190,126,151,139,149,174,222,803,0,803
20213,A,골목상권,3111031,장지동주민센터(한림연예예술고교),3628,1765,1863,576,517,591,612,562,770,284,246,314,303,278,340,292,271,277,309,284,430,1605,0,1605
20213,A,골목상권,3111032,방이역 1번,1705,818,887,275,234,237,222,271,466,131,121,117,105,128,216,144,113,120,117,143,250,636,0,636
20213,A,골목상권,3111033,문정동성당,674,327,347,92,106,106,106,109,155,38,53,58,53,50,75,54,53,48,53,59,80,325,0,325
20213,A,골목상권,3111034,오동나무공원(송파레미니스1단지),5033,2437,2596,819,710,795,820,866,1023,434,363,408,394,384,454,385,347,387,426,482,569,2058,0,2058
20213,A,골목상권,3111035,오금공원(오주중학교),3928,1946,1982,520,619,569,612,747,861,267,336,295,293,367,388,253,283,274,319,380,473,1672,0,1672
20213,A,골목상권,3111036,투구봉어린이공원,1369,701,668,202,240,207,219,247,254,100,128,118,113,127,115,102,112,89,106,120,139,570,0,570
20213,A,골목상권,3111037,Sh수협은행 오금동금융센터(아랫말어린이공원),537,282,255,57,88,77,73,114,128,28,52,38,42,56,66,29,36,39,31,58,62,245,0,245
20213,A,골목상권,3111038,보인중학교,2407,1201,1206,336,351,309,378,444,589,183,182,165,190,213,268,153,169,144,188,231,321,1006,0,1006
20213,A,골목상권,3111039,벌말어린이공원,2044,1026,1018,255,280,315,367,342,485,130,146,171,199,164,216,125,134,144,168,178,269,960,0,960
20213,A,골목상권,3111040,거여초등학교,2343,1123,1220,282,372,303,323,452,611,153,207,154,145,192,272,129,165,149,178,260,339,961,0,961
20213,A,골목상권,3111041,거여역 8번,1757,892,865,232,256,198,227,353,491,146,121,106,103,171,245,86,135,92,124,182,246,666,0,666
20213,A,골목상권,3111042,거여역 1번(거여공원),5657,2877,2780,686,778,821,855,1011,1506,361,407,438,446,527,698,325,371,383,409,484,808,2667,0,2667
20213,A,골목상권,3111043,마천공원,3084,1589,1495,363,407,370,432,624,888,209,219,207,218,302,434,154,188,163,214,322,454,1302,0,1302
20213,A,골목상권,3111044,남천초등학교,5036,2514,2522,607,600,590,754,942,1543,280,336,332,393,480,693,327,264,258,361,462,850,2445,0,2445
20213,A,골목상권,3111045,개미어린이공원,2117,1093,1024,247,290,260,285,412,623,132,166,150,143,221,281,115,124,110,142,191,342,1020,0,1020
20213,A,골목상권,3111046,마천역(마천초등학교),8877,4550,4327,1003,1011,1098,1298,1557,2910,505,538,621,684,848,1354,498,473,477,614,709,1556,4437,0,4437
20213,A,골목상권,3111047,마천1치안센터,2487,1328,1159,207,319,299,321,492,849,115,168,179,172,285,409,92,151,120,149,207,440,1315,0,1315
20213,A,골목상권,3111048,천호역 1번(천호문구완구거리),2340,1182,1158,164,332,384,290,430,740,79,176,212,156,219,340,85,156,172,134,211,400,1328,0,1328
20213,A,골목상권,3111049,천호지구대(천호동자전거거리),4059,2023,2036,389,599,930,570,642,929,197,254,497,331,298,446,192,345,433,239,344,483,2053,0,2053
20213,A,골목상권,3111050,강동구청(강동구청역 2번),1004,473,531,169,144,177,142,153,219,76,72,89,69,71,96,93,72,88,73,82,123,412,0,412
20213,A,골목상권,3111051,천호역 6번,6783,3247,3536,541,1208,1188,919,1064,1863,278,501,628,468,522,850,263,707,560,451,542,1013,3895,0,3895
20213,A,골목상권,3111052,암사역 3번(천호동자전거거리),6010,2944,3066,965,791,1212,927,882,1233,472,372,611,503,417,569,493,419,601,424,465,664,2679,0,2679
20213,A,골목상권,3111053,성내천어린이공원(하니사랑길),4507,2189,2318,766,598,680,770,689,1004,409,320,323,366,323,448,357,278,357,404,366,556,1768,0,1768
20213,A,골목상권,3111054,암사역 4번(삼성광나루아파트),441,216,225,50,81,67,70,53,120,25,48,33,34,23,53,25,33,34,36,30,67,234,0,234
20213,A,골목상권,3111055,선사초등학교,105,54,51,14,11,32,17,12,19,10,7,17,7,6,7,4,4,15,10,6,12,60,0,60
20213,A,골목상권,3111056,천호태영아파트,802,306,496,19,330,233,105,60,55,7,85,106,51,27,30,12,245,127,54,33,25,681,0,681
20213,A,골목상권,3111057,천호공원(해공체육문화센터),4221,2130,2091,467,532,639,565,725,1293,243,284,348,292,367,596,224,248,291,273,358,697,2178,0,2178
20213,A,골목상권,3111058,성내중학교,1575,787,788,201,257,266,238,269,344,107,123,138,125,132,162,94,134,128,113,137,182,702,0,702
20213,A,골목상권,3111059,강동역 4번(강풀만화거리),11270,5620,5650,1123,1864,1890,1629,1818,2946,584,888,1015,841,901,1391,539,976,875,788,917,1555,5801,0,5801
20213,A,골목상권,3111060,암사역 2번(서울강동초등학교),9867,4868,4999,1148,1442,1639,1525,1611,2502,591,734,860,766,787,1130,557,708,779,759,824,1372,4684,0,4684
20213,A,골목상권,3111061,암사역 1번,9641,4730,4911,1102,1334,1495,1497,1639,2574,550,677,781,791,793,1138,552,657,714,706,846,1436,4713,0,4713
20213,A,골목상권,3111062,둔촌동역 3번(성내3동주민센터),3532,1774,1758,589,502,430,599,599,813,346,293,214,265,297,359,243,209,216,334,302,454,1406,0,1406
20213,A,골목상권,3111063,강동구립 천호도서관,6177,3062,3115,460,1076,1230,765,913,1733,248,460,652,418,501,783,212,616,578,347,412,950,3706,0,3706
20213,A,골목상권,3111064,둔촌동역 4번,2762,1357,1405,363,460,376,415,498,650,197,249,203,201,231,276,166,211,173,214,267,374,1196,0,1196
20213,A,골목상권,3111065,천일초등학교,2837,1466,1371,292,413,353,394,564,821,151,206,201,224,311,373,141,207,152,170,253,448,1431,0,1431
20213,A,골목상권,3111066,암사동성당(효정하나플러스아파트),5430,2691,2739,577,767,806,808,1016,1456,277,418,414,418,491,673,300,349,392,390,525,783,2600,0,2600
20213,A,골목상권,3111067,강동구립성내도서관,9441,4559,4882,1099,1526,1648,1404,1527,2237,583,763,817,711,697,988,516,763,831,693,830,1249,4459,0,4459
20213,A,골목상권,3111068,강동성심병원,351,165,186,38,58,89,59,48,59,20,25,39,30,22,29,18,33,50,29,26,30,171,0,171
20213,A,골목상권,3111069,천호1동주민센터,5329,2685,2644,552,743,815,820,931,1468,286,384,444,444,454,673,266,359,371,376,477,795,2810,0,2810
20213,A,골목상권,3111070,천호초등학교,2665,1291,1374,363,363,440,430,421,648,172,176,212,236,222,273,191,187,228,194,199,375,1283,0,1283
20213,A,골목상권,3111071,천동초등학교,1313,666,647,177,161,218,193,199,365,91,83,130,102,91,169,86,78,88,91,108,196,531,0,531
20213,A,골목상권,3111072,굽은다리역 1번(십자성마을),7359,3629,3730,932,1030,1148,1132,1177,1940,479,516,620,596,521,897,453,514,528,536,656,1043,3168,0,3168
20213,A,골목상권,3111073,둔촌동역 1번(한산중학교),7108,3505,3603,932,1051,1036,1052,1247,1790,484,504,563,508,627,819,448,547,473,544,620,971,3295,0,3295
20213,A,골목상권,3111074,명일역 1번,2331,1133,1198,364,294,317,437,373,546,190,152,168,213,180,230,174,142,149,224,193,316,964,0,964
20213,A,골목상권,3111075,굽은다리역 2번,4283,2146,2137,472,624,571,569,746,1301,235,322,310,316,367,596,237,302,261,253,379,705,2011,0,2011
20213,A,골목상권,3111076,둔촌2동주민센터,2077,1038,1039,277,315,303,287,369,526,153,158,156,145,183,243,124,157,147,142,186,283,1011,0,1011
20213,A,골목상권,3111077,길동주민센터(강동도서관),11736,5803,5933,1469,1555,1691,1812,2019,3190,784,780,890,934,958,1457,685,775,801,878,1061,1733,5387,0,5387
20213,A,골목상권,3111078,굽은다리역 4번,9399,4627,4772,1035,1454,1414,1392,1591,2513,548,715,728,725,753,1158,487,739,686,667,838,1355,4316,0,4316
20213,A,골목상권,3111079,둔촌고등학교(둔촌중학교),1950,965,985,242,322,252,264,371,499,124,159,139,134,179,230,118,163,113,130,192,269,910,0,910
20213,A,골목상권,3111080,굽은다리역 3번,2995,1448,1547,460,395,414,431,495,800,236,198,228,210,221,355,224,197,186,221,274,445,1228,0,1228
20213,A,골목상권,3111081,둔촌푸르지오아파트,259,113,146,26,50,31,32,50,70,10,25,18,13,19,28,16,25,13,19,31,42,114,0,114
20213,A,골목상권,3111082,중앙보훈병원,1122,539,583,136,186,151,143,204,302,73,90,82,75,82,137,63,96,69,68,122,165,480,0,480
20213,A,골목상권,3111083,GS강동자이아파트,3217,1578,1639,463,469,443,479,581,782,254,241,224,234,280,345,209,228,219,245,301,437,1379,0,1379
20213,A,골목상권,3111084,길동신동아아파트,1001,483,518,163,151,149,150,169,219,93,78,69,68,76,99,70,73,80,82,93,120,354,0,354
20213,A,골목상권,3111085,묘곡초등학교(고덕아이파크아파트),4222,2214,2008,519,593,476,585,813,1236,277,326,286,305,420,600,242,267,190,280,393,636,1980,0,1980
20213,A,골목상권,3111086,한영중고,2403,1173,1230,452,314,279,407,393,558,228,165,150,198,198,234,224,149,129,209,195,324,1056,0,1056
20213,A,골목상권,3111087,고덕중학교(고덕2동주민센터),2415,1285,1130,302,308,290,337,454,724,169,170,171,182,231,362,133,138,119,155,223,362,1224,0,1224
20213,A,골목상권,3111088,고덕동성당,1940,1001,939,202,254,198,245,400,641,104,146,107,135,217,292,98,108,91,110,183,349,967,0,967
20213,A,골목상권,3111089,상일여고(상일초등학교),3621,1856,1765,415,548,429,463,753,1013,209,302,241,251,371,482,206,246,188,212,382,531,1702,0,1702
20213,A,골목상권,3111090,강일동주민센터,1002,537,465,45,271,232,169,134,151,23,122,132,101,78,81,22,149,100,68,56,70,826,0,826
20213,D,발달상권,3120001,서대문역,708,441,267,49,98,92,80,157,232,26,48,54,53,113,147,23,50,38,27,44,85,513,0,513
20213,D,발달상권,3120002,서촌(경복궁역),1589,739,850,192,208,231,235,238,485,104,106,107,113,104,205,88,102,124,122,134,280,798,0,798
20213,D,발달상권,3120003,광화문역,3003,1304,1699,391,388,570,478,433,743,189,153,229,194,196,343,202,235,341,284,237,400,1571,0,1571
20213,D,발달상권,3120004,종로구청,456,231,225,49,45,76,75,80,131,29,18,36,32,47,69,20,27,40,43,33,62,276,0,276
20213,D,발달상권,3120005,삼청동,1166,561,605,123,128,185,171,175,384,66,65,86,86,88,170,57,63,99,85,87,214,582,0,582
20213,D,발달상권,3120006,종각역,431,279,152,11,71,88,67,70,124,6,43,57,42,47,84,5,28,31,25,23,40,356,0,356
20213,D,발달상권,3120007,북촌(안국역),1599,713,886,178,171,174,255,267,554,91,78,79,123,111,231,87,93,95,132,156,323,817,0,817
20213,D,발달상권,3120008,인사동,397,219,178,17,28,75,55,67,155,12,14,36,24,43,90,5,14,39,31,24,65,308,0,308
20213,D,발달상권,3120009,종로3가역,3706,2479,1227,96,369,340,463,780,1658,52,216,223,323,609,1056,44,153,117,140,171,602,3116,0,3116
20213,D,발달상권,3120010,원남동사거리,810,414,396,45,243,128,80,106,208,21,92,70,50,75,106,24,151,58,30,31,102,589,0,589
20213,D,발달상권,3120011,종로4가,937,464,473,137,120,187,130,158,205,65,62,86,69,81,101,72,58,101,61,77,104,368,0,368
20213,D,발달상권,3120012,대학로(혜화역),2009,943,1066,117,671,321,230,275,395,51,274,166,120,148,184,66,397,155,110,127,211,1346,0,1346
20213,D,발달상권,3120013,이화사거리,823,411,412,49,300,169,83,73,149,22,136,84,47,44,78,27,164,85,36,29,71,631,0,631
20213,D,발달상권,3120014,종로5가역,1017,558,459,25,291,171,87,155,288,11,136,104,58,92,157,14,155,67,29,63,131,847,0,847
20213,D,발달상권,3120015,종로6가,145,84,61,9,13,14,13,34,62,3,7,9,7,23,35,6,6,5,6,11,27,101,0,101
20213,D,발달상권,3120016,동대문역,602,418,184,19,42,47,57,134,303,9,27,32,39,102,209,10,15,15,18,32,94,466,0,466
20213,D,발달상권,3120017,동묘앞역(동묘),1020,521,499,67,173,150,146,188,296,30,83,89,72,96,151,37,90,61,74,92,145,703,0,703
20213,D,발달상권,3120018,중림동,1800,1005,795,129,231,370,338,278,454,60,98,180,203,195,269,69,133,190,135,83,185,1266,0,1266
20213,D,발달상권,3120019,경찰청앞교차로,324,143,181,38,40,78,80,41,47,16,11,39,41,15,21,22,29,39,39,26,26,194,0,194
20213,D,발달상권,3120020,시청역_1번,10,5,5,1,2,0,1,5,1,0,2,0,0,2,1,1,0,0,1,3,0,7,0,7
20213,D,발달상권,3120021,시청역_8번,25,16,9,0,2,2,2,4,15,0,2,1,1,2,10,0,0,1,1,2,5,14,0,14
20213,D,발달상권,3120022,북창동(시청역_6번),258,171,87,2,20,39,40,43,114,1,8,30,33,28,71,1,12,9,7,15,43,234,0,234
20213,D,발달상권,3120023,서울시청,19,10,9,1,1,0,4,4,9,0,0,0,3,1,6,1,1,0,1,3,3,14,0,14
20213,D,발달상권,3120024,회현역,1625,814,811,83,119,153,196,230,844,34,45,81,111,119,424,49,74,72,85,111,420,1109,0,1109
20213,D,발달상권,3120026,을지로입구역,66,38,28,4,5,5,6,16,30,2,3,3,2,11,17,2,2,2,4,5,13,48,0,48
20213,D,발달상권,3120027,명동역(명동재미로),1216,577,639,111,130,152,174,204,445,60,51,73,86,97,210,51,79,79,88,107,235,695,0,695
20213,D,발달상권,3120028,명동(명동거리),117,75,42,8,10,14,13,30,42,3,5,10,9,21,27,5,5,4,4,9,15,85,0,85
20213,D,발달상권,3120029,을지로2가,14,9,5,1,1,2,1,3,6,1,1,1,1,2,3,0,0,1,0,1,3,10,0,10
20213,D,발달상권,3120030,중부경찰서(영화인의거리),427,239,188,38,113,96,46,51,83,17,46,62,32,34,48,21,67,34,14,17,35,316,0,316
20213,D,발달상권,3120031,을지로3가역,670,395,275,7,83,114,89,103,274,4,35,62,57,73,164,3,48,52,32,30,110,588,0,588
20213,D,발달상권,3120032,충무로역,2406,1270,1136,144,385,303,297,400,877,78,202,177,174,224,415,66,183,126,123,176,462,1495,0,1495
20213,D,발달상권,3120033,을지로4가역,80,48,32,1,2,12,4,11,50,0,1,9,3,5,30,1,1,3,1,6,20,57,0,57
20213,D,발달상권,3120034,중구청(퇴계로4가),1256,637,619,118,285,292,165,200,196,62,113,168,79,107,108,56,172,124,86,93,88,739,0,739
20213,D,발달상권,3120035,퇴계로5가,389,215,174,11,113,70,43,57,95,6,50,41,28,35,55,5,63,29,15,22,40,288,0,288
20213,D,발달상권,3120036,장충동족발거리(남소영길),310,158,152,34,85,39,38,34,80,19,45,13,23,18,40,15,40,26,15,16,40,208,0,208
20213,D,발달상권,3120037,동대문역사문화공원역,2054,1067,987,106,280,301,238,358,771,52,132,161,127,206,389,54,148,140,111,152,382,1352,0,1352
20213,D,발달상권,3120038,약수역,2176,1022,1154,170,384,277,303,330,712,90,180,129,155,154,314,80,204,148,148,176,398,1252,0,1252
20213,D,발달상권,3120039,신당역,3369,1652,1717,261,748,693,443,553,671,120,328,336,230,291,347,141,420,357,213,262,324,2095,0,2095
20213,D,발달상권,3120040,용산전자상가(용산역),1415,800,615,104,191,347,254,198,321,55,102,193,167,124,159,49,89,154,87,74,162,843,0,843
20213,D,발달상권,3120041,신용산역(용산역),7176,3373,3803,667,1287,1849,993,1170,1210,344,524,865,477,558,605,323,763,984,516,612,605,4109,0,4109
20213,D,발달상권,3120042,"숙대입구역(남영역, 남영동)",316,158,158,9,89,82,49,43,44,5,37,37,28,27,24,4,52,45,21,16,20,261,0,261
20213,D,발달상권,3120043,서울역,878,774,104,6,11,34,100,279,448,2,6,32,86,265,383,4,5,2,14,14,65,836,0,836
20213,D,발달상권,3120044,삼각지역,1708,894,814,141,284,357,207,266,453,74,160,198,113,134,215,67,124,159,94,132,238,1029,0,1029
20213,D,발달상권,3120045,남영동 먹자골목,634,408,226,22,69,89,108,141,205,11,39,53,84,102,119,11,30,36,24,39,86,487,0,487
20213,D,발달상권,3120046,이태원(이태원역),2689,1360,1329,190,475,595,399,385,645,100,235,340,205,191,289,90,240,255,194,194,356,1705,0,1705
20213,D,발달상권,3120047,한남오거리,1746,794,952,142,229,405,334,234,402,64,113,178,152,110,177,78,116,227,182,124,225,1075,0,1075
20213,D,발달상권,3120048,금호역,1469,733,736,113,224,187,213,259,473,64,125,98,107,132,207,49,99,89,106,127,266,787,0,787
20213,D,발달상권,3120049,왕십리역(왕십리),2400,1136,1264,151,1070,392,196,218,373,73,465,215,95,104,184,78,605,177,101,114,189,1765,0,1765
20213,D,발달상권,3120050,서울숲역,884,435,449,88,188,194,116,136,162,44,90,103,55,70,73,44,98,91,61,66,89,491,0,491
20213,D,발달상권,3120051,뚝섬역,2209,1100,1109,231,362,394,341,361,520,116,159,194,174,208,249,115,203,200,167,153,271,1248,0,1248
20213,D,발달상권,3120052,성수역,1062,596,466,70,216,201,151,191,233,38,94,117,89,127,131,32,122,84,62,64,102,722,0,722
20213,D,발달상권,3120053,건대입구역(건대),4276,1997,2279,191,1304,696,442,444,1199,91,566,366,223,229,522,100,738,330,219,215,677,2966,0,2966
20213,D,발달상권,3120054,어린이대공원역,4222,1933,2289,344,1424,876,484,462,632,166,533,437,250,248,299,178,891,439,234,214,333,2832,0,2832
20213,D,발달상권,3120055,군자역,6446,2864,3582,429,1755,1456,744,836,1226,215,608,632,382,426,601,214,1147,824,362,410,625,4160,0,4160
20213,D,발달상권,3120056,구의역,4390,1983,2407,252,1399,1089,565,459,626,137,523,505,291,234,293,115,876,584,274,225,333,3114,0,3114
20213,D,발달상권,3120057,아차산역,3492,1639,1853,390,574,641,471,592,824,211,235,305,243,273,372,179,339,336,228,319,452,1831,0,1831
20213,D,발달상권,3120058,구의사거리,1867,938,929,245,298,318,284,271,451,131,159,157,144,141,206,114,139,161,140,130,245,925,0,925
20213,D,발달상권,3120059,구삼강변맛길,4389,2089,2300,686,714,605,774,740,870,323,324,281,360,387,414,363,390,324,414,353,456,1946,0,1946
20213,D,발달상권,3120060,강변역(테크노마트),5,4,1,0,0,1,0,1,3,0,0,1,0,0,3,0,0,0,0,1,0,5,0,5
20213,D,발달상권,3120061,올림픽대교북단,234,99,135,16,48,59,32,35,44,3,20,26,14,17,19,13,28,33,18,18,25,156,0,156
20213,D,발달상권,3120062,신설동역,3593,1835,1758,117,1175,721,424,483,673,62,396,369,273,335,400,55,779,352,151,148,273,2999,0,2999
20213,D,발달상권,3120063,청량리역(청량리),1404,821,583,60,259,190,159,266,470,25,112,94,108,174,308,35,147,96,51,92,162,1025,0,1025
20213,D,발달상권,3120064,경희대학교(경희대),691,331,360,66,246,90,78,81,130,25,105,54,36,46,65,41,141,36,42,35,65,481,0,481
20213,D,발달상권,3120065,회기역,2091,940,1151,186,832,359,222,171,321,88,316,188,108,86,154,98,516,171,114,85,167,1486,0,1486
20213,D,발달상권,3120066,장한평역(장한평),4543,2353,2190,276,1157,1067,622,625,796,137,465,579,364,365,443,139,692,488,258,260,353,3035,0,3035
20213,D,발달상권,3120067,장안동사거리,6314,3185,3129,764,1118,1377,1043,888,1124,407,473,721,560,478,546,357,645,656,483,410,578,3467,0,3467
20213,D,발달상권,3120068,사가정역,706,362,344,20,68,121,114,128,255,11,30,68,63,73,117,9,38,53,51,55,138,530,0,530
20213,D,발달상권,3120069,상봉역,6439,2955,3484,699,1444,1203,920,959,1214,344,527,563,447,485,589,355,917,640,473,474,625,3444,0,3444
20213,D,발달상권,3120070,한성대입구역,1072,508,564,91,223,155,155,153,295,48,87,75,87,80,131,43,136,80,68,73,164,701,0,701
20213,D,발달상권,3120071,성북구청,1059,457,602,66,344,219,128,131,171,34,119,93,66,72,73,32,225,126,62,59,98,746,0,746
20213,D,발달상권,3120072,성신여대,3093,1168,1925,171,1239,563,320,312,488,77,304,245,150,171,221,94,935,318,170,141,267,2335,0,2335
20213,D,발달상권,3120073,미아사거리,982,465,517,51,188,120,124,179,320,23,71,59,67,97,148,28,117,61,57,82,172,685,0,685
20213,D,발달상권,3120074,안암역,420,187,233,26,224,46,22,35,67,10,99,24,9,19,26,16,125,22,13,16,41,333,0,333
20213,D,발달상권,3120075,월곡역,2247,1023,1224,246,584,329,295,340,453,118,206,171,135,179,214,128,378,158,160,161,239,1269,0,1269
20213,D,발달상권,3120076,수유역,5624,2866,2758,280,1332,1013,892,892,1215,144,501,564,511,518,628,136,831,449,381,374,587,4009,0,4009
20213,D,발달상권,3120077,미아역,1777,907,870,153,325,208,251,332,508,83,141,116,137,180,250,70,184,92,114,152,258,1077,0,1077
20213,D,발달상권,3120078,미아사거리역,527,257,270,34,74,72,66,95,186,21,32,36,31,45,92,13,42,36,35,50,94,322,0,322
20213,D,발달상권,3120079,창동역,515,316,199,17,136,85,89,101,87,13,58,52,55,73,65,4,78,33,34,28,22,450,0,450
20213,D,발달상권,3120080,마들역,3,2,1,0,0,0,0,0,3,0,0,0,0,0,2,0,0,0,0,0,1,3,0,3
20213,D,발달상권,3120081,노원역,1060,611,449,48,260,180,152,194,226,20,104,112,96,134,145,28,156,68,56,60,81,855,0,855
20213,D,발달상권,3120082,상계백병원,80,31,49,11,19,14,13,11,12,6,6,5,6,5,3,5,13,9,7,6,9,47,0,47
20213,D,발달상권,3120083,등나무근린공원,1535,719,816,322,218,217,379,269,130,154,99,105,174,127,60,168,119,112,205,142,70,633,0,633
20213,D,발달상권,3120084,공릉역,1609,813,796,135,340,216,231,269,418,72,175,108,127,138,193,63,165,108,104,131,225,1077,0,1077
20213,D,발달상권,3120085,은행사거리,191,89,102,57,19,19,55,25,16,27,8,8,28,11,7,30,11,11,27,14,9,100,0,100
20213,D,발달상권,3120086,태릉입구역,1636,778,858,166,479,250,223,257,261,89,155,128,119,150,137,77,324,122,104,107,124,934,0,934
20213,D,발달상권,3120087,응암역,2245,1003,1242,194,469,473,349,299,461,102,172,216,166,148,199,92,297,257,183,151,262,1374,0,1374
20213,D,발달상권,3120088,구산역,1660,758,902,257,273,215,297,257,361,102,113,110,127,142,164,155,160,105,170,115,197,772,0,772
20213,D,발달상권,3120089,구파발역,3135,1406,1729,553,538,884,567,301,292,283,178,380,280,155,130,270,360,504,287,146,162,1612,0,1612
20213,D,발달상권,3120090,연신내역,2993,1366,1627,138,1003,626,339,331,556,70,383,305,172,171,265,68,620,321,167,160,291,2194,0,2194
20213,D,발달상권,3120091,본서부병원,3435,1517,1918,390,743,609,553,465,675,206,257,273,276,223,282,184,486,336,277,242,393,1936,0,1936
20213,D,발달상권,3120092,불광역,1284,614,670,74,324,249,140,198,299,35,127,129,74,99,150,39,197,120,66,99,149,845,0,845
20213,D,발달상권,3120093,연희동,1107,520,587,104,335,226,121,127,194,45,171,114,48,54,88,59,164,112,73,73,106,700,0,700
20213,D,발달상권,3120094,"신촌역(신촌역, 신촌로터리)",3725,1858,1867,134,1612,770,365,313,531,70,742,405,205,190,246,64,870,365,160,123,285,2990,0,2990
20213,D,발달상권,3120095,홍제역,1480,694,786,102,236,175,203,271,493,58,90,96,97,144,209,44,146,79,106,127,284,940,0,940
20213,D,발달상권,3120096,"이화여대(이대역, 이대)",2851,987,1864,128,1239,499,282,270,433,56,288,212,134,130,167,72,951,287,148,140,266,2265,0,2265
20213,D,발달상권,3120097,충정로역,873,324,549,30,363,293,90,43,54,11,119,107,44,19,24,19,244,186,46,24,30,718,0,718
20213,D,발달상권,3120098,DMC(디지털미디어시티),1285,501,784,95,474,308,232,111,65,46,125,130,101,68,31,49,349,178,131,43,34,981,0,981
20213,D,발달상권,3120100,망원역,1147,542,605,114,218,237,183,136,259,60,105,105,94,65,113,54,113,132,89,71,146,633,0,633
20213,D,발달상권,3120101,합정역,6959,3247,3712,1045,1428,1187,946,1060,1293,546,628,525,446,515,587,499,800,662,500,545,706,3485,0,3485
20213,D,발달상권,3120102,서교동(홍대),3224,1523,1701,264,677,664,516,427,676,131,300,315,264,208,305,133,377,349,252,219,371,1861,0,1861
20213,D,발달상권,3120103,홍대입구역(홍대),4693,2085,2608,276,1684,1067,544,426,696,143,649,513,271,206,303,133,1035,554,273,220,393,3238,0,3238
20213,D,발달상권,3120104,연남동(홍대),7337,3503,3834,606,1706,1637,1041,854,1493,319,802,805,521,403,653,287,904,832,520,451,840,4471,0,4471
20213,D,발달상권,3120105,상수역(홍대),1351,591,760,66,487,303,161,105,229,36,199,139,79,44,94,30,288,164,82,61,135,991,0,991
20213,D,발달상권,3120106,마포역,3616,1626,1990,446,472,919,737,512,530,206,186,418,303,264,249,240,286,501,434,248,281,2059,0,2059
20213,D,발달상권,3120107,공덕역(공덕오거리),2488,1106,1382,292,463,505,424,421,383,151,177,207,187,206,178,141,286,298,237,215,205,1269,0,1269
20213,D,발달상권,3120108,신정네거리역,3392,1673,1719,310,597,622,515,523,825,161,247,329,257,284,395,149,350,293,258,239,430,1994,0,1994
20213,D,발달상권,3120109,서울남부지방법원,2189,1095,1094,348,275,274,343,373,576,183,125,135,177,199,276,165,150,139,166,174,300,1055,0,1055
20213,D,발달상권,3120110,목동역 8번출구,2200,1164,1036,229,380,341,342,387,521,113,193,180,194,210,274,116,187,161,148,177,247,1182,0,1182
20213,D,발달상권,3120111,목동사거리,2454,1234,1220,236,385,478,391,379,585,132,186,245,208,188,275,104,199,233,183,191,310,1306,0,1306
20213,D,발달상권,3120112,등촌역,4543,2031,2512,351,1138,1185,606,521,742,174,401,539,311,265,341,177,737,646,295,256,401,2850,0,2850
20213,D,발달상권,3120113,오목교역,3323,1589,1734,758,405,360,658,520,622,380,192,167,311,260,279,378,213,193,347,260,343,1227,0,1227
20213,D,발달상권,3120114,목동신시가지,10522,5044,5478,2819,1102,1205,2483,1418,1495,1490,499,466,1106,785,698,1329,603,739,1377,633,797,3858,0,3858
20213,D,발달상권,3120116,송정역,861,436,425,39,253,187,97,112,173,21,116,97,54,59,89,18,137,90,43,53,84,628,0,628
20213,D,발달상권,3120117,강서농산물도매시장,48,26,22,7,15,4,4,7,11,3,6,3,3,3,8,4,9,1,1,4,3,41,0,41
20213,D,발달상권,3120118,마곡역(마곡),1725,735,990,18,696,691,205,76,39,9,182,346,130,48,20,9,514,345,75,28,19,1583,0,1583
20213,D,발달상권,3120119,발산역(마곡),2329,974,1355,56,1033,707,288,160,85,29,262,352,162,112,57,27,771,355,126,48,28,2112,0,2112
20213,D,발달상권,3120120,화곡역,2784,1304,1480,202,657,733,363,359,470,101,272,357,177,178,219,101,385,376,186,181,251,1729,0,1729
20213,D,발달상권,3120121,까치산역,3505,1591,1914,233,884,954,467,334,633,126,327,481,225,149,283,107,557,473,242,185,350,2142,0,2142
20213,D,발달상권,3120122,강서구청,6478,2907,3571,458,2103,1700,816,629,772,232,706,833,443,333,360,226,1397,867,373,296,412,4582,0,4582
20213,D,발달상권,3120123,오류동역,5234,2395,2839,314,1587,1723,620,352,638,162,565,860,330,203,275,152,1022,863,290,149,363,3946,0,3946
20213,D,발달상권,3120124,개봉동 현대아파트,3727,1824,1903,422,431,518,556,641,1159,220,210,281,302,299,512,202,221,237,254,342,647,1831,0,1831
20213,D,발달상권,3120125,구로역,2187,1133,1054,239,380,459,376,343,390,129,189,223,206,191,195,110,191,236,170,152,195,1144,0,1144
20213,D,발달상권,3120126,디지털단지오거리,599,352,247,13,105,76,75,126,204,8,61,49,49,78,107,5,44,27,26,48,97,446,0,446
20213,D,발달상권,3120127,구로구청,5087,2303,2784,368,1573,1317,755,558,516,194,509,646,388,332,234,174,1064,671,367,226,282,3664,0,3664
20213,D,발달상권,3120128,신도림역,3192,1531,1661,370,568,830,535,478,411,184,229,408,263,234,213,186,339,422,272,244,198,1605,0,1605
20213,D,발달상권,3120129,구로디지털단지,1525,795,730,84,450,461,208,141,181,44,217,252,126,81,75,40,233,209,82,60,106,1148,0,1148
20213,D,발달상권,3120130,구로디지털단지역,2067,1156,911,59,615,611,311,260,211,30,276,342,207,175,126,29,339,269,104,85,85,1747,0,1747
20213,D,발달상권,3120131,가산디지털단지,4705,2495,2210,99,2104,1369,509,293,331,40,855,872,353,201,174,59,1249,497,156,92,157,4135,0,4135
20213,D,발달상권,3120132,독산동,6630,3819,2811,479,1483,1727,954,893,1094,236,789,1115,593,530,556,243,694,612,361,363,538,4547,0,4547
20213,D,발달상권,3120133,서울시흥동우체국(홈플러스시흥점),559,280,279,39,119,99,67,88,147,23,52,52,35,46,72,16,67,47,32,42,75,337,0,337
20213,D,발달상권,3120134,구로전화국,3479,1767,1712,239,665,733,457,557,828,115,303,415,240,293,401,124,362,318,217,264,427,2172,0,2172
20213,D,발달상권,3120135,양평역,511,246,265,49,88,127,89,49,109,28,39,58,49,28,44,21,49,69,40,21,65,321,0,321
20213,D,발달상권,3120136,영등포구청역,2992,1544,1448,181,660,639,380,415,717,83,317,348,214,233,349,98,343,291,166,182,368,2043,0,2043
20213,D,발달상권,3120138,당산2동(영등포우체국),1775,843,932,169,352,309,221,233,491,85,172,153,107,118,208,84,180,156,114,115,283,1119,0,1119
20213,D,발달상권,3120139,대림3동사거리,2313,1207,1106,243,323,248,364,490,645,118,173,131,186,274,325,125,150,117,178,216,320,1232,0,1232
20213,D,발달상권,3120140,문래동주민센터,1164,578,586,171,105,144,201,203,340,84,60,59,97,113,165,87,45,85,104,90,175,597,0,597
20213,D,발달상권,3120141,영등포청과시장교차로,1335,649,686,81,301,299,156,194,304,30,128,157,90,99,145,51,173,142,66,95,159,843,0,843
20213,D,발달상권,3120142,대림역,1534,844,690,93,242,231,229,294,445,45,137,152,136,151,223,48,105,79,93,143,222,1022,0,1022
20213,D,발달상권,3120143,당산역,2879,1189,1690,79,1085,1022,261,184,248,39,308,489,138,94,121,40,777,533,123,90,127,2355,0,2355
20213,D,발달상권,3120144,영중로,1597,676,921,46,590,519,173,101,168,25,170,237,94,61,89,21,420,282,79,40,79,1356,0,1356
20213,D,발달상권,3120145,영등포역(영등포),4753,2992,1761,80,1212,1072,624,758,1007,37,536,650,455,609,705,43,676,422,169,149,302,4219,0,4219
20213,D,발달상권,3120146,한강성심병원,2442,1212,1230,60,989,909,203,134,147,29,375,530,128,77,73,31,614,379,75,57,74,2068,0,2068
20213,D,발달상권,3120147,보라매역,1093,515,578,107,259,247,155,113,212,54,101,120,73,53,114,53,158,127,82,60,98,645,0,645
20213,D,발달상권,3120148,국회의사당역(국회의사당),2445,1145,1300,223,456,800,399,264,303,113,174,381,187,138,152,110,282,419,212,126,151,1658,0,1658
20213,D,발달상권,3120149,여의도역(여의도),2805,1333,1472,470,304,336,470,516,709,223,151,131,230,253,345,247,153,205,240,263,364,1075,0,1075
20213,D,발달상권,3120150,63빌딩,637,282,355,100,61,73,101,97,205,42,27,26,50,47,90,58,34,47,51,50,115,263,0,263
20213,D,발달상권,3120151,보라매공원,5056,2353,2703,799,677,718,809,648,1405,382,309,332,383,305,642,417,368,386,426,343,763,2091,0,2091
20213,D,발달상권,3120152,신대방삼거리역,2793,1245,1548,295,658,662,372,324,482,146,226,282,191,164,236,149,432,380,181,160,246,1709,0,1709
20213,D,발달상권,3120153,노량진역(노량진),2159,1092,1067,63,1012,529,172,156,227,32,430,329,107,88,106,31,582,200,65,68,121,1856,0,1856
20213,D,발달상권,3120154,장승배기역,1002,447,555,66,271,191,120,112,242,31,110,90,59,57,100,35,161,101,61,55,142,648,0,648
20213,D,발달상권,3120155,총신대학교,2123,1020,1103,300,304,318,360,301,540,149,148,153,182,148,240,151,156,165,178,153,300,996,0,996
20213,D,발달상권,3120156,"총신대입구역(이수, 총신대)",4405,2034,2371,488,851,694,659,664,1049,237,336,323,327,335,476,251,515,371,332,329,573,2369,0,2369
20213,D,발달상권,3120157,신림역(신림),8448,4409,4039,285,3376,2264,878,671,974,148,1575,1323,504,368,491,137,1801,941,374,303,483,6728,0,6728
20213,D,발달상권,3120158,녹두거리(대학동),2123,1220,903,90,748,460,301,216,308,50,389,296,202,144,139,40,359,164,99,72,169,1747,0,1747
20213,D,발달상권,3120159,서울대입구역,8567,3745,4822,255,4457,2012,671,496,676,103,1645,1007,364,272,354,152,2812,1005,307,224,322,7285,0,7285
20213,D,발달상권,3120160,사당역(사당),3973,1867,2106,395,989,915,535,451,688,185,407,467,269,209,330,210,582,448,266,242,358,2376,0,2376
20213,D,발달상권,3120161,방배동가구거리(사당동가구거리),1317,610,707,241,195,180,261,204,236,120,98,91,115,97,89,121,97,89,146,107,147,542,0,542
20213,D,발달상권,3120162,방배동카페골목,2276,1065,1211,375,335,391,440,342,393,186,147,185,197,170,180,189,188,206,243,172,213,1096,0,1096
20213,D,발달상권,3120246,길동역,6298,3044,3254,408,1703,1430,840,843,1074,199,642,736,449,457,561,209,1061,694,391,386,513,4215,0,4215
20213,D,발달상권,3120163,사당역 11번(사당역먹자골목),3524,1648,1876,467,506,550,549,533,919,235,243,255,266,243,406,232,263,295,283,290,513,1661,0,1661
20213,D,발달상권,3120164,내방역,2972,1379,1593,389,404,515,505,423,736,178,180,229,246,216,330,211,224,286,259,207,406,1480,0,1480
20213,D,발달상권,3120165,서래마을카페거리(서래마을),1604,745,859,336,194,208,312,234,320,178,88,87,139,117,136,158,106,121,173,117,184,618,0,618
20213,D,발달상권,3120166,방배역,3076,1493,1583,348,421,511,541,488,767,197,197,243,266,243,347,151,224,268,275,245,420,1703,0,1703
20213,D,발달상권,3120167,고속터미널(고속터미널역),304,147,157,92,27,31,70,41,43,46,16,12,30,24,19,46,11,19,40,17,24,96,0,96
20213,D,발달상권,3120168,서울고교교차로,375,190,185,62,41,94,68,44,66,38,23,46,34,18,31,24,18,48,34,26,35,149,0,149
20213,D,발달상권,3120169,서초역,2053,971,1082,269,326,374,285,338,461,140,150,172,135,163,211,129,176,202,150,175,250,917,0,917
20213,D,발달상권,3120170,삼호가든사거리,614,292,322,130,59,132,102,82,109,69,30,58,49,42,44,61,29,74,53,40,65,259,0,259
20213,D,발달상권,3120171,서초3동사거리,3163,1528,1635,359,616,583,514,482,609,187,252,285,259,245,300,172,364,298,255,237,309,1771,0,1771
20213,D,발달상권,3120172,교대입구교차로,3843,1921,1922,390,671,985,703,533,561,221,298,489,354,277,282,169,373,496,349,256,279,2327,0,2327
20213,D,발달상권,3120173,교대역(법원.검찰청),5359,2576,2783,685,929,1060,885,796,1004,345,432,505,421,404,469,340,497,555,464,392,535,2857,0,2857
20213,D,발달상권,3120174,논현역 5번,1387,653,734,173,263,259,216,189,287,90,104,122,113,87,137,83,159,137,103,102,150,717,0,717
20213,D,발달상권,3120175,남부터미널역,4099,1851,2248,450,724,1012,677,569,667,229,291,428,311,265,327,221,433,584,366,304,340,2394,0,2394
20213,D,발달상권,3120176,논현역 4번,4902,2315,2587,329,1008,1239,853,611,862,171,443,593,445,295,368,158,565,646,408,316,494,3227,0,3227
20213,D,발달상권,3120177,신논현역 1번,4597,2309,2288,238,1080,1226,739,550,764,125,498,619,410,299,358,113,582,607,329,251,406,3223,0,3223
20213,D,발달상권,3120178,신사역,3757,1859,1898,282,780,890,561,498,746,133,347,448,299,278,354,149,433,442,262,220,392,2447,0,2447
20213,D,발달상권,3120179,양재역,5125,2413,2712,574,922,1235,815,736,843,270,402,613,372,372,384,304,520,622,443,364,459,2769,0,2769
20213,D,발달상권,3120180,양재화물트럭터미널앞,1346,657,689,397,115,143,308,156,227,223,51,53,154,80,96,174,64,90,154,76,131,392,0,392
20213,D,발달상권,3120181,교육개발원입구사거리,1000,480,520,78,151,232,152,138,249,40,72,118,71,67,112,38,79,114,81,71,137,578,0,578
20213,D,발달상권,3120182,"양재시민의숲역(양재동꽃시장, aT센터)",1907,996,911,235,265,335,304,322,446,123,138,181,160,174,220,112,127,154,144,148,226,1043,0,1043
20213,D,발달상권,3120183,양재천카페거리,1202,611,591,107,173,245,247,183,247,59,90,135,128,90,109,48,83,110,119,93,138,700,0,700
20213,D,발달상권,3120184,포이사거리(삼호물산),5782,2984,2798,603,1025,1282,920,903,1049,330,488,687,476,475,528,273,537,595,444,428,521,3235,0,3235
20213,D,발달상권,3120185,논현역,3722,1809,1913,240,702,857,630,551,742,117,333,425,316,291,327,123,369,432,314,260,415,2397,0,2397
20213,D,발달상권,3120186,가로수길,3152,1382,1770,378,495,607,589,437,646,180,198,257,261,227,259,198,297,350,328,210,387,1777,0,1777
20213,D,발달상권,3120187,신논현역,5512,2640,2872,281,1241,1410,895,649,1036,134,504,686,488,347,481,147,737,724,407,302,555,3959,0,3959
20213,D,발달상권,3120188,압구정역,1129,540,589,157,157,213,198,140,264,83,79,97,92,68,121,74,78,116,106,72,143,598,0,598
20213,D,발달상권,3120189,강남역,6332,2979,3353,634,1313,1697,1025,783,880,313,537,818,493,399,419,321,776,879,532,384,461,4029,0,4029
20213,D,발달상권,3120190,강남을지병원,2366,1063,1303,254,457,495,423,288,449,129,182,233,182,142,195,125,275,262,241,146,254,1367,0,1367
20213,D,발달상권,3120191,학동역,4438,2087,2351,275,755,1109,868,578,853,139,339,539,401,301,368,136,416,570,467,277,485,2983,0,2983
20213,D,발달상권,3120192,뱅뱅사거리,6623,3041,3582,509,1616,2037,1095,647,719,250,618,966,536,332,339,259,998,1071,559,315,380,4718,0,4718
20213,D,발달상권,3120193,도산공원교차로,1184,561,623,125,177,217,210,160,295,58,97,101,110,70,125,67,80,116,100,90,170,596,0,596
20213,D,발달상권,3120194,언주역(차병원),2599,1282,1317,142,483,760,435,329,450,76,222,375,218,175,216,66,261,385,217,154,234,1764,0,1764
20213,D,발달상권,3120195,성수대교남단,444,233,211,59,65,73,87,60,100,36,32,36,44,35,50,23,33,37,43,25,50,224,0,224
20213,D,발달상권,3120196,서울세관,1453,699,754,109,189,275,280,232,368,51,87,140,139,123,159,58,102,135,141,109,209,940,0,940
20213,D,발달상권,3120197,역삼역,6083,3079,3004,523,1507,1800,856,603,794,324,602,907,475,361,410,199,905,893,381,242,384,4337,0,4337
20213,D,발달상권,3120198,구역삼세무서,7376,3813,3563,479,1410,1908,1355,980,1244,248,673,1017,733,547,595,231,737,891,622,433,649,5072,0,5072
20213,D,발달상권,3120199,경복아파트교차로,862,407,455,80,148,260,192,91,91,38,61,113,108,51,36,42,87,147,84,40,55,598,0,598
20213,D,발달상권,3120200,학동사거리,976,427,549,88,166,208,160,125,229,48,59,79,77,62,102,40,107,129,83,63,127,565,0,565
20213,D,발달상권,3120201,도곡1동,1880,867,1013,176,361,462,299,254,328,90,135,218,146,126,152,86,226,244,153,128,176,1108,0,1108
20213,D,발달상권,3120202,압구정로데오역(압구정로데오),1843,860,983,267,240,256,318,276,486,127,94,118,151,144,226,140,146,138,167,132,260,793,0,793
20213,D,발달상권,3120203,강남구청역,1522,713,809,147,292,382,251,204,246,66,136,170,111,112,118,81,156,212,140,92,128,920,0,920
20213,D,발달상권,3120204,르네상스호텔사거리,1595,712,883,107,316,509,318,182,163,53,116,235,151,81,76,54,200,274,167,101,87,1127,0,1127
20213,D,발달상권,3120205,매봉역,1116,543,573,131,209,180,176,172,248,78,88,83,96,73,125,53,121,97,80,99,123,592,0,592
20213,D,발달상권,3120206,개나리아파트,4115,1932,2183,687,712,622,766,564,764,366,326,266,355,290,329,321,386,356,411,274,435,2106,0,2106
20213,D,발달상권,3120207,선정릉역,6714,2997,3717,804,1098,1452,1288,894,1178,423,464,615,576,418,501,381,634,837,712,476,677,3816,0,3816
20213,D,발달상권,3120208,청담사거리(청담동명품거리),3501,1584,1917,373,504,586,624,510,904,184,208,269,296,228,399,189,296,317,328,282,505,1999,0,1999
20213,D,발달상권,3120209,"강남구청(청담역_8번, 강남세무서)",1374,624,750,205,242,240,225,210,252,113,100,92,99,97,123,92,142,148,126,113,129,671,0,671
20213,D,발달상권,3120210,선릉역,4780,2264,2516,332,934,1309,900,630,675,155,372,615,448,336,338,177,562,694,452,294,337,3339,0,3339
20213,D,발달상권,3120211,도성초등학교,1638,780,858,338,246,204,340,267,243,182,124,90,139,131,114,156,122,114,201,136,129,726,0,726
20213,D,발달상권,3120212,한티역,1483,713,770,271,240,150,288,289,245,141,110,71,126,152,113,130,130,79,162,137,132,683,0,683
20213,D,발달상권,3120213,삼성중앙역,4143,2023,2120,429,753,864,708,594,795,245,360,405,359,293,361,184,393,459,349,301,434,2324,0,2324
20213,D,발달상권,3120214,영동대교남단교차로,706,345,361,125,96,123,130,115,117,66,44,53,66,57,59,59,52,70,64,58,58,303,0,303
20213,D,발달상권,3120215,포스코사거리,3639,1706,1933,398,635,916,760,470,460,222,258,384,368,254,220,176,377,532,392,216,240,2275,0,2275
20213,D,발달상권,3120216,경기고교사거리(경기고교앞사거리),218,98,120,12,38,61,44,28,35,6,16,23,20,19,14,6,22,38,24,9,21,151,0,151
20213,D,발달상권,3120217,대치사거리,3838,1911,1927,633,717,676,724,551,537,377,346,337,327,278,246,256,371,339,397,273,291,2031,0,2031
20213,D,발달상권,3120218,코엑스,28,15,13,2,4,2,4,8,8,0,2,1,2,4,6,2,2,1,2,4,2,17,0,17
20213,D,발달상권,3120219,은마아파트,1101,557,544,225,169,92,250,189,176,137,90,41,111,99,79,88,79,51,139,90,97,436,0,436
20213,D,발달상권,3120220,대치역,1297,634,663,375,145,80,315,207,175,191,69,35,139,111,89,184,76,45,176,96,86,391,0,391
20213,D,발달상권,3120221,봉은사역,711,359,352,60,85,148,142,106,170,32,51,76,70,58,72,28,34,72,72,48,98,493,0,493
20213,D,발달상권,3120222,삼성역,746,381,365,62,176,173,115,116,104,38,78,78,55,75,57,24,98,95,60,41,47,508,0,508
20213,D,발달상권,3120223,휘문고교사거리,309,158,151,62,42,27,58,59,61,38,23,12,26,30,29,24,19,15,32,29,32,111,0,111
20213,D,발달상권,3120224,수서역,594,284,310,26,106,144,96,113,109,8,38,65,49,68,56,18,68,79,47,45,53,437,0,437
20213,D,발달상권,3120225,잠실새내역(신천),4074,1922,2152,274,765,912,639,554,930,142,316,443,324,276,421,132,449,469,315,278,509,2702,0,2702
20213,D,발달상권,3120226,석촌고분역,1955,922,1033,189,340,436,282,302,406,101,159,203,142,136,181,88,181,233,140,166,225,1092,0,1092
20213,D,발달상권,3120227,잠실역,5684,2620,3064,972,674,928,874,881,1355,472,310,411,397,397,633,500,364,517,477,484,722,2183,0,2183
20213,D,발달상권,3120228,석촌역(석촌호수),4223,1985,2238,388,828,906,601,605,895,201,377,420,283,291,413,187,451,486,318,314,482,2293,0,2293
20213,D,발달상권,3120229,방이동먹자골목,2889,1401,1488,137,643,708,418,422,561,68,284,351,209,220,269,69,359,357,209,202,292,2005,0,2005
20213,D,발달상권,3120230,송파사거리(송파역),1644,834,810,172,221,473,206,201,371,87,99,241,115,115,177,85,122,232,91,86,194,906,0,906
20213,D,발달상권,3120232,송파나루역,875,426,449,93,167,178,124,131,182,46,79,91,59,68,83,47,88,87,65,63,99,462,0,462
20213,D,발달상권,3120233,몽촌토성역,3436,1375,2061,98,1266,1298,364,204,206,48,379,564,164,108,112,50,887,734,200,96,94,2871,0,2871
20213,D,발달상권,3120234,가락시장역,2694,1460,1234,235,419,436,425,577,602,117,217,248,230,324,324,118,202,188,195,253,278,1472,0,1472
20213,D,발달상권,3120235,문정역,4514,1904,2610,245,1378,1658,589,357,287,122,429,725,299,207,122,123,949,933,290,150,165,3480,0,3480
20213,D,발달상권,3120236,장지역(가든파이브),167,92,75,30,28,35,24,28,22,12,18,22,15,15,10,18,10,13,9,13,12,89,0,89
20213,D,발달상권,3120237,경찰병원역,3823,1982,1841,340,617,755,620,671,820,175,298,394,320,372,423,165,319,361,300,299,397,2305,0,2305
20213,D,발달상권,3120238,방이역,501,258,243,62,69,69,88,84,129,32,35,39,41,47,64,30,34,30,47,37,65,251,0,251
20213,D,발달상권,3120239,오금역,4150,2026,2124,491,680,725,619,688,947,264,314,359,305,330,454,227,366,366,314,358,493,2024,0,2024
20213,D,발달상권,3120240,개롱역,3595,1737,1858,608,526,511,680,556,714,320,250,254,320,274,319,288,276,257,360,282,395,1478,0,1478
20213,D,발달상권,3120241,거여역,1814,931,883,200,277,225,276,347,489,106,143,124,144,177,237,94,134,101,132,170,252,883,0,883
20213,D,발달상권,3120242,강동구청역,3677,1758,1919,506,543,653,626,521,828,268,254,299,302,260,375,238,289,354,324,261,453,1741,0,1741
20213,D,발달상권,3120243,천호역,4206,2016,2190,254,807,977,658,653,857,127,313,475,341,354,406,127,494,502,317,299,451,2801,0,2801
20213,D,발달상권,3120244,암사역,2164,1092,1072,191,361,437,353,313,509,95,160,234,186,174,243,96,201,203,167,139,266,1394,0,1394
20213,D,발달상권,3120245,둔촌역,2797,1426,1371,391,370,413,443,533,647,228,185,218,223,282,290,163,185,195,220,251,357,1358,0,1358
20213,D,발달상권,3120247,굽은다리역,1819,832,987,195,307,325,257,282,453,87,141,150,130,127,197,108,166,175,127,155,256,888,0,888
20213,D,발달상권,3120248,명일역,2253,1121,1132,292,294,282,412,370,603,141,147,146,200,188,299,151,147,136,212,182,304,1153,0,1153
20213,D,발달상권,3120249,고덕역,1201,545,656,191,279,239,191,159,142,114,107,104,80,73,67,77,172,135,111,86,75,627,0,627
20213,R,전통시장,3130001,통인시장,690,297,393,73,84,89,102,119,223,34,36,35,48,53,91,39,48,54,54,66,132,344,0,344
20213,R,전통시장,3130002,세종마을음식문화거리(금천교시장),571,278,293,57,79,85,79,95,176,26,48,39,40,48,77,31,31,46,39,47,99,318,0,318
20213,R,전통시장,3130004,낙원시장(낙원지하시장(대일상가)),315,145,170,36,31,33,55,40,120,21,18,14,34,14,44,15,13,19,21,26,76,144,0,144
20213,R,전통시장,3130005,세운상가가동,27,21,6,0,2,4,4,10,7,0,2,3,3,7,6,0,0,1,1,3,1,22,0,22
20213,R,전통시장,3130007,광장시장(광장전통시장),91,41,50,3,10,8,9,15,46,1,8,4,4,8,16,2,2,4,5,7,30,66,0,66
20213,R,전통시장,3130009,마전교지하쇼핑센터(구 한일상가),1,1,0,0,0,0,0,0,1,0,0,0,0,0,1,0,0,0,0,0,0,1,0,1
20213,R,전통시장,3130010,종로신진시장,112,83,29,0,4,5,16,35,52,0,1,5,14,24,39,0,3,0,2,11,13,102,0,102
20213,R,전통시장,3130011,충신시장,191,102,89,15,26,13,27,43,67,7,11,10,15,24,35,8,15,3,12,19,32,98,0,98
20213,R,전통시장,3130012,"동대문종합시장(동대문종합시장 신관, 동대문종합시장D동상가)",2,2,0,0,0,0,0,2,0,0,0,0,0,2,0,0,0,0,0,0,0,2,0,2
20213,R,전통시장,3130013,동대문상가A동,40,18,22,0,3,2,3,5,27,0,3,1,1,3,10,0,0,1,2,2,17,27,0,27
20213,R,전통시장,3130014,동문시장,128,87,41,0,13,13,10,39,53,0,8,11,5,28,35,0,5,2,5,11,18,100,0,100
20213,R,전통시장,3130015,창신골목시장,733,388,345,42,64,55,96,161,315,23,36,36,49,99,145,19,28,19,47,62,170,502,0,502
20213,R,전통시장,3130016,동대문상가B동,51,29,22,2,8,9,4,11,17,0,7,6,1,5,10,2,1,3,3,6,7,28,0,28
20213,R,전통시장,3130017,동대문상가C동,81,51,30,4,9,5,10,13,40,3,8,5,10,7,18,1,1,0,0,6,22,55,0,55
20213,R,전통시장,3130018,동대문문구완구거리(동대문문구완구시장),132,75,57,8,11,19,8,24,62,6,6,10,7,11,35,2,5,9,1,13,27,87,0,87
20213,R,전통시장,3130019,동대문상가D동,50,27,23,2,2,7,11,7,21,1,2,4,6,3,11,1,0,3,5,4,10,33,0,33
20213,R,전통시장,3130020,동묘시장(동묘벼룩시장),413,206,207,5,142,69,42,56,99,1,51,38,25,37,54,4,91,31,17,19,45,349,0,349
20213,R,전통시장,3130021,신설종합시장,8,8,0,0,0,2,0,4,2,0,0,2,0,4,2,0,0,0,0,0,0,7,0,7
20213,R,전통시장,3130024,남대문시장(자유상가),62,37,25,1,4,5,7,15,30,0,3,4,5,11,14,1,1,1,2,4,16,49,0,49
20213,R,전통시장,3130031,청계천공구상가,40,27,13,0,0,3,5,8,24,0,0,3,4,8,12,0,0,0,1,0,12,33,0,33
20213,R,전통시장,3130032,인현시장,161,96,65,9,14,18,18,35,67,6,6,9,13,25,37,3,8,9,5,10,30,94,0,94
20213,R,전통시장,3130033,대림상가(청계상가),131,83,48,2,9,19,10,34,57,1,5,10,7,24,36,1,4,9,3,10,21,87,0,87
20213,R,전통시장,3130034,필동 골목형상점가,7,4,3,0,1,1,1,2,2,0,1,1,0,2,0,0,0,0,1,0,2,6,0,6
20213,R,전통시장,3130035,방산종합시장(방산시장),316,223,93,5,37,41,32,62,139,1,26,28,22,46,100,4,11,13,10,16,39,253,0,253
20213,R,전통시장,3130036,중부시장(신중부시장),378,219,159,9,89,57,41,61,121,6,25,32,30,48,78,3,64,25,11,13,43,326,0,326
20213,R,전통시장,3130038,"평화시장(통일상가, 동화상가)",12,9,3,2,0,3,1,2,4,0,0,3,1,1,4,2,0,0,0,1,0,8,0,8
20213,R,전통시장,3130042,약수시장,477,231,246,51,66,65,59,88,148,24,28,30,28,56,65,27,38,35,31,32,83,256,0,256
20213,R,전통시장,3130046,team204(팀204),1,1,0,0,0,0,0,0,1,0,0,0,0,0,1,0,0,0,0,0,0,1,0,1
20213,R,전통시장,3130047,테크노상가(엘리시움),8,7,1,2,0,1,1,3,1,2,0,0,1,3,1,0,0,1,0,0,0,6,0,6
20213,R,전통시장,3130048,동평화시장,55,26,29,2,8,8,4,12,21,2,5,2,2,5,10,0,3,6,2,7,11,37,0,37
20213,R,전통시장,3130049,신당 미래유산 먹거리 골목형상점가,152,97,55,6,17,20,18,40,51,2,10,12,15,29,29,4,7,8,3,11,22,121,0,121
20213,R,전통시장,3130050,청평화시장,3,2,1,0,0,1,0,1,1,0,0,1,0,1,0,0,0,0,0,0,1,3,0,3
20213,R,전통시장,3130051,동화동 골목형상점가,1456,710,746,184,200,204,222,261,385,85,100,97,119,145,164,99,100,107,103,116,221,683,0,683
20213,R,전통시장,3130052,서울중앙시장(신중앙시장),1317,716,601,82,154,146,142,243,550,48,81,91,80,145,271,34,73,55,62,98,279,787,0,787
20213,R,전통시장,3130053,백학시장,1018,530,488,82,110,99,143,230,354,41,68,60,81,126,154,41,42,39,62,104,200,540,0,540
20213,R,전통시장,3130054,황학동주방가구거리상점가,1199,607,592,74,251,294,132,174,274,31,120,165,71,86,134,43,131,129,61,88,140,771,0,771
20213,R,전통시장,3130055,"황학시장(서울중앙시장, 신중앙시장)",1462,761,701,90,189,224,208,247,504,53,94,112,119,142,241,37,95,112,89,105,263,909,0,909
20213,R,전통시장,3130056,용산용문시장,671,331,340,64,107,98,82,91,229,30,50,57,46,52,96,34,57,41,36,39,133,394,0,394
20213,R,전통시장,3130057,만리시장,31,18,13,2,3,1,2,8,15,1,2,1,1,4,9,1,1,0,1,4,6,17,0,17
20213,R,전통시장,3130058,이촌종합시장,112,59,53,12,15,14,16,24,31,5,9,10,7,11,17,7,6,4,9,13,14,60,0,60
20213,R,전통시장,3130059,후암시장,708,358,350,84,88,92,93,138,213,46,49,52,48,75,88,38,39,40,45,63,125,371,0,371
20213,R,전통시장,3130060,신흥시장,81,41,40,6,9,12,12,12,30,0,7,7,7,8,12,6,2,5,5,4,18,48,0,48
20213,R,전통시장,3130061,이태원시장,67,31,36,6,8,9,6,16,22,4,2,3,4,10,8,2,6,6,2,6,14,34,0,34
20213,R,전통시장,3130062,보광시장,100,48,52,9,11,12,15,14,39,5,7,7,6,8,15,4,4,5,9,6,24,58,0,58
20213,R,전통시장,3130063,신금호역 골목형상점가,422,205,217,43,66,50,72,75,116,19,31,22,35,43,55,24,35,28,37,32,61,240,0,240
20213,R,전통시장,3130064,금남시장,198,102,96,6,18,17,23,43,91,2,11,11,15,24,39,4,7,6,8,19,52,128,0,128
20213,R,전통시장,3130065,무학봉상점가,2688,1354,1334,235,451,334,382,483,803,121,220,197,199,246,371,114,231,137,183,237,432,1592,0,1592
20213,R,전통시장,3130066,행당시장상점가,1912,932,980,136,523,322,220,298,413,72,222,165,121,157,195,64,301,157,99,141,218,1241,0,1241
20213,R,전통시장,3130067,왕십리도선동상점가,3520,1694,1826,313,863,616,447,561,720,167,375,308,242,275,327,146,488,308,205,286,393,2024,0,2024
20213,R,전통시장,3130068,마장축산물시장,1800,920,880,205,258,233,249,326,529,110,125,129,140,171,245,95,133,104,109,155,284,923,0,923
20213,R,전통시장,3130069,"한양대앞상점가(한양시장, 왕십리맛골목)",540,269,271,29,320,84,23,26,58,9,165,46,13,13,23,20,155,38,10,13,35,451,0,451
20213,R,전통시장,3130070,뚝섬역상점가,1411,732,679,92,353,303,187,190,286,41,175,168,95,109,144,51,178,135,92,81,142,920,0,920
20213,R,전통시장,3130071,성수역 골목형상점가,7,5,2,1,0,0,3,3,0,1,0,0,2,2,0,0,0,0,1,1,0,5,0,5
20213,R,전통시장,3130072,성동용답상가시장,4259,2142,2117,442,629,501,631,806,1250,223,318,273,316,425,587,219,311,228,315,381,663,2147,0,2147
20213,R,전통시장,3130073,뚝도시장,519,277,242,37,74,60,70,111,167,20,42,36,42,55,82,17,32,24,28,56,85,300,0,300
20213,R,전통시장,3130074,영동교골목시장,457,234,223,34,51,44,62,103,163,19,21,28,39,53,74,15,30,16,23,50,89,275,0,275
20213,R,전통시장,3130075,노룬산시장(노룬산골목시장),95,40,55,8,10,13,10,15,39,4,4,5,6,9,12,4,6,8,4,6,27,62,0,62
20213,R,전통시장,3130076,능동로골목시장,773,381,392,44,108,98,96,135,292,19,51,53,50,75,133,25,57,45,46,60,159,448,0,448
20213,R,전통시장,3130077,조양시장,76,42,34,3,25,13,10,7,18,3,14,7,4,7,7,0,11,6,6,0,11,54,0,54
20213,R,전통시장,3130078,화양제일골목시장,898,433,465,35,350,198,93,86,136,15,150,109,56,44,59,20,200,89,37,42,77,683,0,683
20213,R,전통시장,3130079,한아름시장,346,139,207,13,166,69,26,34,38,5,57,32,13,15,17,8,109,37,13,19,21,264,0,264
20213,R,전통시장,3130080,자양종합시장(기능상실),58,28,30,13,7,8,12,8,10,5,2,4,8,3,6,8,5,4,4,5,4,19,0,19
20213,R,전통시장,3130081,자양골목전통시장(자양골목시장),1945,925,1020,217,321,322,296,321,468,111,163,167,149,140,195,106,158,155,147,181,273,982,0,982
20213,R,전통시장,3130082,면곡골목시장,228,118,110,16,38,45,15,49,65,5,22,24,7,24,36,11,16,21,8,25,29,118,0,118
20213,R,전통시장,3130083,"중곡제일시장(중곡제일골목시장, 광성시장)",826,421,405,92,126,131,116,156,205,42,67,84,56,74,98,50,59,47,60,82,107,392,0,392
20213,R,전통시장,3130084,신성시장(신성골목시장),210,99,111,16,33,34,32,38,57,11,15,18,14,17,24,5,18,16,18,21,33,111,0,111
20213,R,전통시장,3130085,용두시장,25,16,9,1,1,1,7,5,10,0,1,0,5,4,6,1,0,1,2,1,4,18,0,18
20213,R,전통시장,3130086,서울약령시장,2184,1194,990,115,285,278,298,342,866,64,145,181,174,194,436,51,140,97,124,148,430,1493,0,1493
20213,R,전통시장,3130087,경동광성상가(경동시장),73,32,41,3,7,4,7,7,45,2,5,2,4,4,15,1,2,2,3,3,30,50,0,50
20213,R,전통시장,3130088,경동시장,4,3,1,0,0,0,1,0,3,0,0,0,1,0,2,0,0,0,0,0,1,3,0,3
20213,R,전통시장,3130089,청량리수산시장,358,190,168,24,30,35,55,49,165,11,19,19,33,26,82,13,11,16,22,23,83,222,0,222
20213,R,전통시장,3130090,청량리종합시장,105,63,42,1,8,13,7,20,56,1,5,7,5,15,30,0,3,6,2,5,26,61,0,61
20213,R,전통시장,3130091,청량종합도매시장,688,339,349,35,114,94,69,103,273,14,66,50,32,63,114,21,48,44,37,40,159,412,0,412
20213,R,전통시장,3130092,청량리농수산물시장,398,219,179,32,41,38,33,67,187,24,21,22,21,35,96,8,20,16,12,32,91,229,0,229
20213,R,전통시장,3130093,동서시장,3,3,0,0,0,0,0,2,1,0,0,0,0,2,1,0,0,0,0,0,0,3,0,3
20213,R,전통시장,3130094,청량리청과물시장,65,45,20,4,4,7,7,15,28,2,1,5,6,11,20,2,3,2,1,4,8,48,0,48
20213,R,전통시장,3130095,청량리전통시장,416,274,142,4,25,30,43,83,231,3,15,16,31,67,142,1,10,14,12,16,89,348,0,348
20213,R,전통시장,3130097,답십리 건축자재시장,1527,763,764,140,224,169,192,289,513,69,125,93,94,142,240,71,99,76,98,147,273,816,0,816
20213,R,전통시장,3130098,회기시장,1239,541,698,67,561,186,112,92,221,30,221,97,60,39,94,37,340,89,52,53,127,958,0,958
20213,R,전통시장,3130099,전농로터리시장,86,52,34,4,7,6,15,21,33,2,5,5,10,13,17,2,2,1,5,8,16,54,0,54
20213,R,전통시장,3130100,답십리시장,430,213,217,47,60,58,73,64,128,17,33,33,37,34,59,30,27,25,36,30,69,210,0,210
20213,R,전통시장,3130101,답십리현대시장,272,141,131,19,36,32,33,51,101,10,19,19,20,26,47,9,17,13,13,25,54,164,0,164
20213,R,전통시장,3130102,이문제일시장,76,32,44,9,16,5,10,19,17,2,6,2,4,11,7,7,10,3,6,8,10,34,0,34
20213,R,전통시장,3130103,이경시장,236,133,103,15,26,19,31,43,102,9,17,12,18,27,50,6,9,7,13,16,52,135,0,135
20213,R,전통시장,3130104,전곡시장,595,300,295,69,64,61,103,103,195,37,34,35,56,54,84,32,30,26,47,49,111,312,0,312
20213,R,전통시장,3130105,장미제일시장(중화동제일시장),1097,544,553,107,190,145,152,213,290,60,96,78,79,108,123,47,94,67,73,105,167,570,0,570
20213,R,전통시장,3130106,중랑동부시장,1323,696,627,115,247,198,201,244,318,60,120,107,111,141,157,55,127,91,90,103,161,812,0,812
20213,R,전통시장,3130107,중랑동부시장(중랑교종합상가),175,87,88,5,29,47,31,19,44,3,13,28,16,6,21,2,16,19,15,13,23,117,0,117
20213,R,전통시장,3130108,태능엔터피아(태릉시장),316,162,154,44,40,44,41,56,91,22,26,24,18,29,43,22,14,20,23,27,48,118,0,118
20213,R,전통시장,3130109,묵1동도깨비시장,852,432,420,102,135,120,135,135,225,52,75,57,74,66,108,50,60,63,61,69,117,383,0,383
20213,R,전통시장,3130110,면목골목시장(면목시장),1569,823,746,165,223,213,249,278,441,90,116,109,143,153,212,75,107,104,106,125,229,865,0,865
20213,R,전통시장,3130111,"동원전통종합시장(동원시장, 동원전통시장 상점가)",1962,976,986,184,247,254,260,380,637,86,126,139,135,198,292,98,121,115,125,182,345,1035,0,1035
20213,R,전통시장,3130112,사가정시장,2061,1003,1058,140,330,314,261,376,640,69,159,177,134,173,291,71,171,137,127,203,349,1132,0,1132
20213,R,전통시장,3130113,신아타운,163,81,82,21,18,24,26,42,32,11,7,10,10,27,16,10,11,14,16,15,16,119,0,119
20213,R,전통시장,3130114,유영시장,105,55,50,14,13,10,19,23,26,7,7,6,10,12,13,7,6,4,9,11,13,45,0,45
20213,R,전통시장,3130115,우림골목시장,2222,1131,1091,167,354,345,272,384,700,82,167,194,162,198,328,85,187,151,110,186,372,1274,0,1274
20213,R,전통시장,3130116,동성타워프라자,249,124,125,31,34,37,22,49,76,16,17,25,12,19,35,15,17,12,10,30,41,98,0,98
20213,R,전통시장,3130117,정릉시장,945,458,487,96,180,111,106,129,323,50,82,62,61,61,142,46,98,49,45,68,181,516,0,516
20213,R,전통시장,3130118,정릉골 골목형상점가,605,304,301,76,107,75,94,98,155,40,47,37,59,51,70,36,60,38,35,47,85,274,0,274
20213,R,전통시장,3130119,정릉아리랑시장,480,214,266,42,71,66,58,79,164,16,30,39,30,33,66,26,41,27,28,46,98,229,0,229
20213,R,전통시장,3130120,돈암시장(돈암제일시장),219,83,136,15,27,43,16,21,97,6,6,21,6,10,34,9,21,22,10,11,63,130,0,130
20213,R,전통시장,3130121,길음시장,31,26,5,1,2,3,4,11,10,0,2,2,4,9,9,1,0,1,0,2,1,29,0,29
20213,R,전통시장,3130122,밤나무골시장,229,108,121,25,17,29,33,41,84,14,6,19,15,19,35,11,11,10,18,22,49,120,0,120
20213,R,전통시장,3130123,꿈의숲 장곡 골목형상점가,331,161,170,47,36,36,51,62,99,24,21,16,20,37,43,23,15,20,31,25,56,142,0,142
20213,R,전통시장,3130124,번동시장,16,8,8,5,0,1,3,1,6,3,0,0,1,0,4,2,0,1,2,1,2,8,0,8
20213,R,전통시장,3130125,장위전통시장,839,407,432,87,95,93,116,146,302,42,53,45,69,69,129,45,42,48,47,77,173,397,0,397
20213,R,전통시장,3130126,새석관시장,55,27,28,1,10,4,6,12,22,1,4,2,5,7,8,0,6,2,1,5,14,34,0,34
20213,R,전통시장,3130127,석관시장,150,82,68,10,24,12,16,35,53,8,14,7,10,21,22,2,10,5,6,14,31,87,0,87
20213,R,전통시장,3130128,돌곶이시장(석관황금시장),1776,918,858,162,221,198,256,325,614,76,122,115,140,180,285,86,99,83,116,145,329,924,0,924
20213,R,전통시장,3130129,장미원골목시장,1471,728,743,200,207,230,201,243,390,103,103,129,108,120,165,97,104,101,93,123,225,662,0,662
20213,R,전통시장,3130130,수유북부골목시장,54,29,25,0,9,2,5,9,29,0,7,0,3,6,13,0,2,2,2,3,16,30,0,30
20213,R,전통시장,3130131,동북프라자,25,15,10,1,1,3,2,3,15,1,1,3,1,2,7,0,0,0,1,1,8,16,0,16
20213,R,전통시장,3130132,삼양골목시장(삼양시장),633,315,318,58,83,69,76,121,226,29,35,40,41,60,110,29,48,29,35,61,116,351,0,351
20213,R,전통시장,3130133,우이골목시장(우이시장),1598,794,804,209,219,162,246,295,467,108,118,93,124,145,206,101,101,69,122,150,261,734,0,734
20213,R,전통시장,3130134,"솔샘시장(미아6,7동골목시장)",137,67,70,11,11,18,16,20,61,3,6,13,8,8,29,8,5,5,8,12,32,78,0,78
20213,R,전통시장,3130135,수유중앙골목시장(수유중앙시장),921,464,457,94,123,116,125,191,272,48,60,59,71,96,130,46,63,57,54,95,142,457,0,457
20213,R,전통시장,3130136,수유재래시장,543,277,266,59,93,92,60,79,160,33,44,52,38,38,72,26,49,40,22,41,88,220,0,220
20213,R,전통시장,3130137,"수유전통시장(수유시장, 수유골목시장)",529,269,260,40,85,51,68,108,177,24,50,28,37,50,80,16,35,23,31,58,97,299,0,299
20213,R,전통시장,3130138,수유프라자,210,97,113,20,26,24,19,46,75,8,13,12,9,20,35,12,13,12,10,26,40,87,0,87
20213,R,전통시장,3130139,강북종합전통시장(강북종합골목시장),2207,1123,1084,146,453,329,289,376,614,76,219,199,160,183,286,70,234,130,129,193,328,1343,0,1343
20213,R,전통시장,3130140,숭인시장,227,119,108,12,34,26,35,50,70,4,17,10,20,34,34,8,17,16,15,16,36,140,0,140
20213,R,전통시장,3130141,강북북부골목시장,1076,537,539,124,182,157,201,148,264,68,84,87,108,80,110,56,98,70,93,68,154,526,0,526
20213,R,전통시장,3130143,방천골목시장,592,294,298,40,109,78,77,102,186,26,51,43,41,50,83,14,58,35,36,52,103,389,0,389
20213,R,전통시장,3130144,백운시장,453,219,234,46,65,56,69,66,151,25,26,30,32,35,71,21,39,26,37,31,80,210,0,210
20213,R,전통시장,3130145,쌍문역둘리상점가,933,450,483,95,199,174,125,134,206,51,89,91,63,60,96,44,110,83,62,74,110,473,0,473
20213,R,전통시장,3130146,쌍문시장(쌍문역골목시장),3436,1690,1746,256,626,475,519,581,979,123,302,249,275,285,456,133,324,226,244,296,523,1953,0,1953
20213,R,전통시장,3130147,쌍문역동측상점가,825,395,430,73,129,131,113,118,261,36,59,67,55,62,116,37,70,64,58,56,145,473,0,473
20213,R,전통시장,3130148,방학동도깨비시장,1109,569,540,116,156,111,143,215,368,64,93,69,72,107,164,52,63,42,71,108,204,528,0,528
20213,R,전통시장,3130149,창동신창시장,2299,1126,1173,286,339,298,344,446,586,142,176,143,191,210,264,144,163,155,153,236,322,987,0,987
20213,R,전통시장,3130150,창동골목시장,1210,591,619,128,138,138,177,214,415,69,70,73,89,106,184,59,68,65,88,108,231,632,0,632
20213,R,전통시장,3130151,신도봉시장,162,79,83,7,24,18,22,30,61,2,11,12,11,17,26,5,13,6,11,13,35,80,0,80
20213,R,전통시장,3130152,오!도봉거리 상점가,734,404,330,68,84,98,108,127,249,36,42,54,68,72,132,32,42,44,40,55,117,411,0,411
20213,R,전통시장,3130153,창동역상점가,174,141,33,5,28,22,30,45,44,2,14,20,26,41,38,3,14,2,4,4,6,159,0,159
20213,R,전통시장,3130154,상계주공1단지(가)상가,68,34,34,8,12,7,6,15,20,5,7,2,4,6,10,3,5,5,2,9,10,24,0,24
20213,R,전통시장,3130155,시영B상가(중계 그린아파트 B 상가),1,1,0,0,0,0,0,1,0,0,0,0,0,1,0,0,0,0,0,0,0,1,0,1
20213,R,전통시장,3130156,시영2단지 무지개종합상가(중계 무지개2단지아파트상가),413,181,232,56,52,89,69,48,99,29,28,39,31,19,35,27,24,50,38,29,64,209,0,209
20213,R,전통시장,3130157,상계중앙시장,1751,893,858,160,240,181,265,340,565,92,118,111,147,171,254,68,122,70,118,169,311,945,0,945
20213,R,전통시장,3130158,상계역전종합상가,1007,420,587,127,135,161,168,146,270,57,60,76,76,62,89,70,75,85,92,84,181,469,0,469
20213,R,전통시장,3130159,공릉동 도깨비시장,1767,893,874,182,342,294,211,274,464,86,165,154,120,135,233,96,177,140,91,139,231,916,0,916
20213,R,전통시장,3130160,수일시장,97,46,51,4,8,9,6,13,57,2,3,8,3,6,24,2,5,1,3,7,33,61,0,61
20213,R,전통시장,3130161,증산종합시장,148,59,89,21,18,19,21,21,48,12,4,8,11,7,17,9,14,11,10,14,31,71,0,71
20213,R,전통시장,3130162,증산골목시장,140,84,56,10,11,12,19,31,57,6,7,10,10,23,28,4,4,2,9,8,29,96,0,96
20213,R,전통시장,3130163,응암오거리상점가,1526,724,802,131,256,237,225,251,426,63,117,113,110,125,196,68,139,124,115,126,230,846,0,846
20213,R,전통시장,3130164,역촌중앙시장,84,39,45,1,14,11,14,16,28,0,6,5,9,8,11,1,8,6,5,8,17,56,0,56
20213,R,전통시장,3130165,"대림골목시장(대림시장, 양지시장)",489,243,246,58,54,50,65,96,166,30,32,30,34,53,64,28,22,20,31,43,102,257,0,257
20213,R,전통시장,3130166,응암시장(신응암시장),201,99,102,35,21,25,35,27,58,16,12,13,17,15,26,19,9,12,18,12,32,81,0,81
20213,R,전통시장,3130167,연신내상점가(연빛거리),1504,739,765,125,326,242,202,227,382,57,152,112,110,124,184,68,174,130,92,103,198,923,0,923
20213,R,전통시장,3130168,연서시장,306,158,148,22,30,28,31,64,131,12,11,15,15,35,70,10,19,13,16,29,61,167,0,167
20213,R,전통시장,3130169,대조시장,1849,850,999,124,314,298,281,243,589,56,144,154,139,121,236,68,170,144,142,122,353,1100,0,1100
20213,R,전통시장,3130170,제일시장,83,41,42,6,9,18,15,12,23,3,4,8,8,6,12,3,5,10,7,6,11,45,0,45
20213,R,전통시장,3130171,불광먹자골목 골목형상점가,1194,527,667,66,310,267,162,153,236,28,130,124,80,71,94,38,180,143,82,82,142,809,0,809
20213,R,전통시장,3130172,모래내시장(서중시장),81,54,27,1,2,9,11,18,40,1,1,8,8,14,22,0,1,1,3,4,18,59,0,59
20213,R,전통시장,3130173,백련시장,137,60,77,6,16,20,16,24,55,3,7,9,7,10,24,3,9,11,9,14,31,71,0,71
20213,R,전통시장,3130175,신촌 상인회(신촌상점가),3,1,2,0,3,0,0,0,0,0,1,0,0,0,0,0,2,0,0,0,0,3,0,3
20213,R,전통시장,3130176,유진상가,286,132,154,28,41,32,28,53,104,12,18,20,14,21,47,16,23,12,14,32,57,107,0,107
20213,R,전통시장,3130177,인왕시장(홍제골목형상점가),262,126,136,18,33,25,33,61,92,11,14,13,17,34,37,7,19,12,16,27,55,152,0,152
20213,R,전통시장,3130178,이대 앞 스타트업 상점가,48,15,33,2,18,5,7,4,12,1,2,3,2,2,5,1,16,2,5,2,7,35,0,35
20213,R,전통시장,3130179,"이화여대 3,5,7길 상점가",1402,317,1085,48,958,181,61,72,82,14,165,53,23,32,30,34,793,128,38,40,52,1238,0,1238
20213,R,전통시장,3130180,포방터시장,593,295,298,62,69,78,70,100,214,33,35,45,34,53,95,29,34,33,36,47,119,310,0,310
20213,R,전통시장,3130181,아현가구거리상점가,647,357,290,36,97,82,86,146,200,23,54,52,50,86,92,13,43,30,36,60,108,399,0,399
20213,R,전통시장,3130182,영천시장,446,233,213,28,64,53,56,80,165,16,34,33,38,46,66,12,30,20,18,34,99,294,0,294
20213,R,전통시장,3130183,상암동상점가,2863,1430,1433,294,611,569,416,361,612,146,287,304,219,200,274,148,324,265,197,161,338,1679,0,1679
20213,R,전통시장,3130185,망원월드컵시장,874,381,493,114,170,137,132,116,205,55,60,68,63,57,78,59,110,69,69,59,127,452,0,452
20213,R,전통시장,3130186,망원시장,1943,900,1043,191,282,329,315,288,538,99,133,158,146,140,224,92,149,171,169,148,314,1068,0,1068
20213,R,전통시장,3130187,영진시장,271,119,152,34,37,52,40,42,66,18,14,18,22,22,25,16,23,34,18,20,41,134,0,134
20213,R,전통시장,3130188,합정시장,71,30,41,3,17,18,9,6,18,1,8,8,5,2,6,2,9,10,4,4,12,37,0,37
20213,R,전통시장,3130189,서교시장,23,15,8,1,3,9,1,1,8,1,3,5,1,1,4,0,0,4,0,0,4,21,0,21
20213,R,전통시장,3130190,홍대소상공인상점가,339,183,156,15,137,58,41,30,58,9,75,35,24,17,23,6,62,23,17,13,35,258,0,258
20213,R,전통시장,3130191,홍대 걷고싶은 거리,497,240,257,30,127,104,51,53,132,13,57,59,29,26,56,17,70,45,22,27,76,328,0,328
20213,R,전통시장,3130192,동진시장,35,18,17,2,9,7,3,3,11,1,6,2,2,2,5,1,3,5,1,1,6,18,0,18
20213,R,전통시장,3130193,신수시장,64,27,37,5,8,17,8,7,19,2,4,6,4,5,6,3,4,11,4,2,13,40,0,40
20213,R,전통시장,3130194,용강동 상점가,756,389,367,144,91,112,171,102,136,67,53,58,89,55,67,77,38,54,82,47,69,358,0,358
20213,R,전통시장,3130195,도화동 상점가,2517,1170,1347,231,442,469,349,375,651,128,186,220,179,187,270,103,256,249,170,188,381,1475,0,1475
20213,R,전통시장,3130196,공덕시장,12,7,5,0,1,3,1,2,5,0,1,1,1,1,3,0,0,2,0,1,2,5,0,5
20213,R,전통시장,3130197,마포시장,61,52,9,0,1,5,4,27,24,0,0,5,4,24,19,0,1,0,0,3,5,59,0,59
20213,R,전통시장,3130198,아현시장,675,320,355,58,111,85,99,88,234,35,49,47,55,43,91,23,62,38,44,45,143,404,0,404
20213,R,전통시장,3130199,신월3동 골목시장,828,466,362,73,78,72,108,181,316,36,40,45,65,112,168,37,38,27,43,69,148,497,0,497
20213,R,전통시장,3130200,"신월7동 골목시장(약수시장, 우성상가)",264,130,134,32,39,24,40,50,79,14,18,12,25,25,36,18,21,12,15,25,43,110,0,110
20213,R,전통시장,3130201,월정로시장,1426,754,672,141,166,179,202,275,463,79,89,98,110,148,230,62,77,81,92,127,233,756,0,756
20213,R,전통시장,3130202,신영시장,1178,576,602,147,155,121,197,204,354,64,85,69,92,110,156,83,70,52,105,94,198,582,0,582
20213,R,전통시장,3130203,서서울 골목형상점가,565,277,288,47,53,70,82,117,196,25,28,40,40,60,84,22,25,30,42,57,112,345,0,345
20213,R,전통시장,3130204,경창시장,815,396,419,141,80,104,138,129,223,68,43,52,70,67,96,73,37,52,68,62,127,322,0,322
20213,R,전통시장,3130205,신곡종합시장(신월6동 골목시장),129,72,57,11,14,9,22,23,50,8,8,8,10,15,23,3,6,1,12,8,27,72,0,72
20213,R,전통시장,3130206,신정3동 골목시장,47,27,20,3,3,8,4,12,17,3,1,4,2,7,10,0,2,4,2,5,7,30,0,30
20213,R,전통시장,3130207,신정1동 골목시장(신정제일시장),191,95,96,27,15,32,20,27,70,12,6,16,11,15,35,15,9,16,9,12,35,106,0,106
20213,R,전통시장,3130208,목동깨비시장(목3동시장),1237,608,629,147,197,259,185,169,280,75,87,130,98,85,133,72,110,129,87,84,147,643,0,643
20213,R,전통시장,3130209,목사랑시장(목4동시장),1630,815,815,254,265,170,240,303,398,150,146,85,110,137,187,104,119,85,130,166,211,645,0,645
20213,R,전통시장,3130210,목2동시장,1293,593,700,80,247,273,141,182,370,34,85,138,67,103,166,46,162,135,74,79,204,841,0,841
20213,R,전통시장,3130211,신정2동 골목시장(오목교중앙시장),786,397,389,86,104,89,123,151,233,46,63,53,65,73,97,40,41,36,58,78,136,369,0,369
20213,R,전통시장,3130212,공항시장,375,188,187,10,117,109,33,37,69,7,36,68,19,22,36,3,81,41,14,15,33,307,0,307
20213,R,전통시장,3130213,방신전통시장,455,225,230,62,62,57,62,75,137,34,32,30,35,33,61,28,30,27,27,42,76,194,0,194
20213,R,전통시장,3130214,송화벽화시장(송화골목시장),657,320,337,108,111,111,108,102,117,50,52,61,47,53,57,58,59,50,61,49,60,320,0,320
20213,R,전통시장,3130216,화곡중앙시장,969,471,498,130,129,188,148,146,228,55,58,102,73,69,114,75,71,86,75,77,114,455,0,455
20213,R,전통시장,3130217,화곡본동시장,340,151,189,36,58,60,53,39,94,16,23,28,28,17,39,20,35,32,25,22,55,179,0,179
20213,R,전통시장,3130218,신월중앙시장,76,43,33,9,14,13,16,10,14,5,7,10,8,7,6,4,7,3,8,3,8,45,0,45
20213,R,전통시장,3130219,까치산시장,963,447,516,95,150,167,156,134,261,46,62,81,79,64,115,49,88,86,77,70,146,512,0,512
20213,R,전통시장,3130220,등마루시장,590,223,367,16,33,22,20,46,453,10,12,11,7,20,163,6,21,11,13,26,290,393,0,393
20213,R,전통시장,3130310,강남개포시장,112,63,49,16,15,22,22,16,21,8,6,12,14,9,14,8,9,10,8,7,7,83,0,83
20213,R,전통시장,3130221,"남부골목시장(남부화곡시장, 남부시장)",2003,957,1046,210,254,286,300,331,622,112,138,139,150,158,260,98,116,147,150,173,362,951,0,951
20213,R,전통시장,3130222,오류시장,167,85,82,9,24,13,22,34,65,5,11,7,16,22,24,4,13,6,6,12,41,109,0,109
20213,R,전통시장,3130223,고척근린시장,559,272,287,50,83,57,80,95,194,24,36,32,46,43,91,26,47,25,34,52,103,313,0,313
20213,R,전통시장,3130224,개봉프라자(고척근린시장),145,70,75,24,8,25,23,19,46,12,5,14,12,9,18,12,3,11,11,10,28,61,0,61
20213,R,전통시장,3130225,개봉중앙시장,3033,1478,1555,300,462,403,443,540,885,166,235,215,236,249,377,134,227,188,207,291,508,1332,0,1332
20213,R,전통시장,3130226,고척프라자,26,13,13,0,2,2,2,5,15,0,1,2,1,1,8,0,1,0,1,4,7,19,0,19
20213,R,전통시장,3130227,고척골목시장상점가(그라운드 고척),271,135,136,13,43,32,30,44,109,4,28,19,15,26,43,9,15,13,15,18,66,160,0,160
20213,R,전통시장,3130228,구로시장,233,121,112,17,25,12,27,56,96,7,14,5,15,34,46,10,11,7,12,22,50,135,0,135
20213,R,전통시장,3130229,남구로시장,636,375,261,60,37,72,92,145,230,29,19,47,56,102,122,31,18,25,36,43,108,402,0,402
20213,R,전통시장,3130230,가리봉시장,152,80,72,10,20,16,13,34,59,5,10,10,2,23,30,5,10,6,11,11,29,103,0,103
20213,R,전통시장,3130231,독산동 우시장,1549,806,743,204,301,540,191,164,149,107,123,307,110,85,74,97,178,233,81,79,75,881,0,881
20213,R,전통시장,3130232,독산동 맛나는거리상점가(독산동 맛나는거리),818,428,390,68,120,105,95,160,270,36,62,57,49,91,133,32,58,48,46,69,137,470,0,470
20213,R,전통시장,3130233,남문시장,1479,736,743,147,190,139,191,339,473,82,92,72,91,167,232,65,98,67,100,172,241,781,0,781
20213,R,전통시장,3130234,푸른터시장(기능상실),228,117,111,22,30,52,32,43,49,14,13,27,16,25,22,8,17,25,16,18,27,127,0,127
20213,R,전통시장,3130235,대명여울빛거리시장(대명시장),1058,544,514,23,144,167,156,174,394,13,69,93,87,94,188,10,75,74,69,80,206,843,0,843
20213,R,전통시장,3130236,비단길현대시장(현대시장),2057,1005,1052,167,304,218,257,393,718,78,159,119,138,192,319,89,145,99,119,201,399,1174,0,1174
20213,R,전통시장,3130237,박미시장(기능상실),282,144,138,15,28,30,52,49,108,10,18,11,26,27,52,5,10,19,26,22,56,174,0,174
20213,R,전통시장,3130238,은행나무시장,1183,579,604,130,174,160,188,189,342,57,85,88,100,105,144,73,89,72,88,84,198,592,0,592
20213,R,전통시장,3130240,영등포유통상가,50,40,10,0,1,5,8,13,23,0,1,4,6,12,17,0,0,1,2,1,6,47,0,47
20213,R,전통시장,3130241,선유도역 골목형상점가,1456,749,707,163,209,322,216,212,334,91,100,169,119,116,154,72,109,153,97,96,180,777,0,777
20213,R,전통시장,3130242,대림중앙 골목형상점가,432,202,230,30,46,36,53,90,177,15,24,16,26,43,78,15,22,20,27,47,99,228,0,228
20213,R,전통시장,3130243,도림시장,74,36,38,7,18,23,5,6,15,4,8,13,3,3,5,3,10,10,2,3,10,52,0,52
20213,R,전통시장,3130244,대림중앙시장,982,475,507,82,110,94,131,186,379,46,64,51,70,85,159,36,46,43,61,101,220,533,0,533
20213,R,전통시장,3130245,영일시장,178,121,57,2,10,17,20,45,84,1,4,15,14,38,49,1,6,2,6,7,35,138,0,138
20213,R,전통시장,3130246,영등포청과시장(조광시장),1705,934,771,83,333,407,199,252,431,41,161,241,119,156,216,42,172,166,80,96,215,1118,0,1118
20213,R,전통시장,3130247,우리시장,368,189,179,38,51,42,49,62,126,22,30,25,22,30,60,16,21,17,27,32,66,182,0,182
20213,R,전통시장,3130248,영등포역지하도상점가,46,28,18,4,3,6,5,9,19,2,3,4,0,8,11,2,0,2,5,1,8,33,0,33
20213,R,전통시장,3130249,동남상가,150,73,77,15,9,11,26,28,61,10,4,8,14,14,23,5,5,3,12,14,38,69,0,69
20213,R,전통시장,3130250,삼구시장(로타리상가),8,6,2,0,0,0,0,2,6,0,0,0,0,1,5,0,0,0,0,1,1,7,0,7
20213,R,전통시장,3130253,영신상가(제일상가),45,39,6,0,3,1,4,10,27,0,1,1,4,9,24,0,2,0,0,1,3,42,0,42
20213,R,전통시장,3130254,남서울상가,2,2,0,0,0,0,0,0,2,0,0,0,0,0,2,0,0,0,0,0,0,2,0,2
20213,R,전통시장,3130255,영등포전통시장,1053,661,392,41,135,142,115,207,413,27,73,97,78,157,229,14,62,45,37,50,184,757,0,757
20213,R,전통시장,3130256,신동시장,44,20,24,4,2,3,7,11,17,3,2,2,1,6,6,1,0,1,6,5,11,25,0,25
20213,R,전통시장,3130257,영등포시장기계공구상가,591,339,252,26,189,148,58,69,101,8,87,90,43,49,62,18,102,58,15,20,39,473,0,473
20213,R,전통시장,3130258,영진시장A동,101,47,54,11,16,10,11,24,29,4,9,4,5,10,15,7,7,6,6,14,14,47,0,47
20213,R,전통시장,3130259,대신시장,213,98,115,23,25,22,30,37,76,10,13,9,12,20,34,13,12,13,18,17,42,82,0,82
20213,R,전통시장,3130260,신대방1동골목상권,505,245,260,44,74,54,69,83,181,25,30,28,32,39,91,19,44,26,37,44,90,303,0,303
20213,R,전통시장,3130261,성대전통시장(성대시장),1954,903,1051,165,343,328,283,297,538,75,137,160,138,153,240,90,206,168,145,144,298,1222,0,1222
20213,R,전통시장,3130262,상도도깨비 골목형상점가,888,440,448,83,130,146,139,138,252,51,62,82,71,69,105,32,68,64,68,69,147,488,0,488
20213,R,전통시장,3130263,신노량진시장(기능상실),228,118,110,15,31,29,33,39,81,7,15,21,19,20,36,8,16,8,14,19,45,132,0,132
20213,R,전통시장,3130264,상도약수골목형상점가,522,244,278,60,106,99,69,82,106,29,48,45,36,38,48,31,58,54,33,44,58,260,0,260
20213,R,전통시장,3130265,노량진중앙시장,115,60,55,3,47,32,7,6,20,1,25,20,1,4,9,2,22,12,6,2,11,97,0,97
20213,R,전통시장,3130266,만양로상점가,66,44,22,3,18,19,8,7,11,1,11,14,8,6,4,2,7,5,0,1,7,53,0,53
20213,R,전통시장,3130267,본동인정시장(기능상실),280,157,123,9,43,41,40,55,92,3,30,23,30,30,41,6,13,18,10,25,51,184,0,184
20213,R,전통시장,3130268,상도전통시장,1587,765,822,119,342,214,205,222,485,65,172,120,98,116,194,54,170,94,107,106,291,975,0,975
20213,R,전통시장,3130269,강남시장(동작구 강남시장),97,42,55,7,14,16,8,18,34,5,3,8,5,6,15,2,11,8,3,12,19,57,0,57
20213,R,전통시장,3130270,흑석시장,50,22,28,5,6,7,7,6,19,3,2,5,6,2,4,2,4,2,1,4,15,32,0,32
20213,R,전통시장,3130271,남성역골목시장,550,241,309,33,114,83,73,66,181,15,43,45,34,30,74,18,71,38,39,36,107,325,0,325
20213,R,전통시장,3130272,사당시장,10,7,3,0,2,1,1,3,3,0,2,1,1,1,2,0,0,0,0,2,1,5,0,5
20213,R,전통시장,3130273,남성사계시장(남성시장),721,365,356,36,138,118,113,100,216,27,62,58,64,55,99,9,76,60,49,45,117,463,0,463
20213,R,전통시장,3130274,사당1동먹자골목상점가(사당1동먹자골목),774,374,400,32,213,160,82,96,191,12,92,84,47,50,89,20,121,76,35,46,102,544,0,544
20213,R,전통시장,3130275,강남골목시장,387,188,199,30,84,72,42,57,102,9,41,38,23,30,47,21,43,34,19,27,55,247,0,247
20213,R,전통시장,3130276,신림중앙시장(조원동 펭귄시장),66,42,24,5,22,13,7,9,10,2,10,11,5,8,6,3,12,2,2,1,4,56,0,56
20213,R,전통시장,3130277,조원동 펭귄시장(신림중앙시장),1363,701,662,123,325,264,178,176,297,60,159,156,103,90,133,63,166,108,75,86,164,832,0,832
20213,R,전통시장,3130278,미성동 도깨비시장 골목형상점가,777,361,416,63,117,79,104,135,279,34,53,37,58,61,118,29,64,42,46,74,161,407,0,407
20213,R,전통시장,3130279,관악신사시장,2181,1078,1103,158,486,347,292,349,549,88,219,194,153,177,247,70,267,153,139,172,302,1355,0,1355
20213,R,전통시장,3130280,신림종합시장,250,138,112,13,86,54,25,29,43,9,47,36,16,11,19,4,39,18,9,18,24,191,0,191
20213,R,전통시장,3130281,우림시장,83,37,46,15,4,18,15,9,22,4,3,8,8,5,9,11,1,10,7,4,13,35,0,35
20213,R,전통시장,3130282,난곡 골목형상점가,336,165,171,42,41,64,35,44,110,19,23,35,21,22,45,23,18,29,14,22,65,166,0,166
20213,R,전통시장,3130283,신원시장,439,254,185,18,109,75,39,80,118,12,53,51,27,49,62,6,56,24,12,31,56,300,0,300
20213,R,전통시장,3130284,관악종합시장(신원시장),13,10,3,0,1,3,2,3,4,0,1,2,2,2,3,0,0,1,0,1,1,11,0,11
20213,R,전통시장,3130285,서원동상점가,865,400,465,16,418,242,71,64,54,9,158,132,40,30,31,7,260,110,31,34,23,751,0,751
20213,R,전통시장,3130286,신신림시장(삼성동시장),30,15,15,0,2,1,2,9,16,0,1,0,2,7,5,0,1,1,0,2,11,21,0,21
20213,R,전통시장,3130287,삼성동 시장(삼성동시장),162,101,61,8,18,18,17,21,80,5,14,13,11,11,47,3,4,5,6,10,33,117,0,117
20213,R,전통시장,3130288,신림현대종합상가,19,7,12,2,3,4,1,4,5,0,1,1,0,2,3,2,2,3,1,2,2,10,0,10
20213,R,전통시장,3130290,영림시장,2084,929,1155,122,670,307,198,248,539,58,247,162,102,137,223,64,423,145,96,111,316,1468,0,1468
20213,R,전통시장,3130291,봉천제일종합시장,168,83,85,1,65,20,11,34,37,0,21,14,4,23,21,1,44,6,7,11,16,151,0,151
20213,R,전통시장,3130292,봉천현대시장,11,4,7,0,4,0,1,3,3,0,2,0,0,2,0,0,2,0,1,1,3,5,0,5
20213,R,전통시장,3130293,봉천중앙시장,421,212,209,14,186,121,30,38,32,6,83,68,16,22,17,8,103,53,14,16,15,322,0,322
20213,R,전통시장,3130294,관악중부시장,588,280,308,32,155,132,78,48,143,14,65,72,41,25,63,18,90,60,37,23,80,409,0,409
20213,R,전통시장,3130295,인헌시장(원당종합시장),1385,693,692,76,308,292,172,178,359,41,149,145,83,112,163,35,159,147,89,66,196,951,0,951
20213,R,전통시장,3130296,남부종합시장,197,93,104,42,20,26,39,26,44,20,12,11,16,14,20,22,8,15,23,12,24,79,0,79
20213,R,전통시장,3130301,양재시장,201,100,101,11,49,55,22,29,35,6,25,30,9,15,15,5,24,25,13,14,20,132,0,132
20213,R,전통시장,3130302,강남시장(강남구 강남시장),272,117,155,37,24,54,52,28,77,19,11,22,23,12,30,18,13,32,29,16,47,109,0,109
20213,R,전통시장,3130303,영동전통시장,1142,546,596,78,215,277,196,161,215,35,99,131,95,88,98,43,116,146,101,73,117,728,0,728
20213,R,전통시장,3130305,논현종합시장,84,38,46,7,7,13,20,6,31,3,2,4,11,4,14,4,5,9,9,2,17,47,0,47
20213,R,전통시장,3130306,강남언주로,408,199,209,19,91,110,69,49,70,6,44,60,38,23,28,13,47,50,31,26,42,274,0,274
20213,R,전통시장,3130307,도곡시장,35,20,15,8,1,4,7,7,8,6,0,2,4,3,5,2,1,2,3,4,3,12,0,12
20213,R,전통시장,3130308,청담삼익시장,6,3,3,0,0,2,1,0,3,0,0,1,0,0,2,0,0,1,1,0,1,4,0,4
20213,R,전통시장,3130309,은마종합상점가,574,289,285,136,90,44,93,135,76,64,54,20,38,72,41,72,36,24,55,63,35,171,0,171
20213,R,전통시장,3130311,새마을시장,2340,1157,1183,182,379,515,320,329,615,87,175,272,178,161,284,95,204,243,142,168,331,1367,0,1367
20213,R,전통시장,3130312,석촌시장,913,446,467,92,130,174,129,150,238,40,61,81,69,80,115,52,69,93,60,70,123,524,0,524
20213,R,전통시장,3130313,방이시장,5350,2547,2803,608,943,1116,758,762,1163,318,429,567,368,346,519,290,514,549,390,416,644,2702,0,2702
20213,R,전통시장,3130314,풍납시장,3970,1962,2008,346,473,483,585,721,1362,178,252,261,293,378,600,168,221,222,292,343,762,2071,0,2071
20213,R,전통시장,3130315,문정동 로데오거리 상점가(문정동 로데오거리),1222,617,605,121,197,180,209,213,302,64,87,104,101,113,148,57,110,76,108,100,154,687,0,687
20213,R,전통시장,3130316,마천시장,97,50,47,7,11,14,11,17,37,4,5,9,8,7,17,3,6,5,3,10,20,58,0,58
20213,R,전통시장,3130317,마천중앙시장,1061,566,495,139,86,132,152,189,363,56,49,82,86,115,178,83,37,50,66,74,185,536,0,536
20213,R,전통시장,3130318,로데오거리상점가,773,343,430,11,242,255,116,92,57,4,73,116,55,63,32,7,169,139,61,29,25,670,0,670
20213,R,전통시장,3130319,성내전통시장,1314,673,641,130,169,197,218,215,385,57,83,106,116,124,187,73,86,91,102,91,198,715,0,715
20213,R,전통시장,3130320,암사종합시장,989,508,481,85,168,197,157,144,238,38,82,105,94,74,115,47,86,92,63,70,123,556,0,556
20213,R,전통시장,3130321,장신구 특화거리 상점가,1443,722,721,239,225,312,234,195,238,116,126,154,120,88,118,123,99,158,114,107,120,664,0,664
20213,R,전통시장,3130322,고분다리전통시장,771,400,371,58,106,85,110,135,277,29,56,48,62,74,131,29,50,37,48,61,146,437,0,437
20213,R,전통시장,3130323,둔촌역전통시장,1515,782,733,152,213,221,231,273,425,93,123,122,122,134,188,59,90,99,109,139,237,718,0,718
20213,R,전통시장,3130324,길동복조리시장,1129,555,574,118,158,129,170,175,379,66,77,73,94,79,166,52,81,56,76,96,213,489,0,489
20213,R,전통시장,3130325,명일전통시장,1895,942,953,341,243,255,312,288,456,170,124,137,142,161,208,171,119,118,170,127,248,697,0,697
20213,R,전통시장,3130326,고덕 골목형상점가,1281,639,642,255,155,407,224,117,123,145,73,204,108,60,49,110,82,203,116,57,74,579,0,579
20213,R,전통시장,3130327,"평화시장(남평화시장, 제일평화시장, 신평화패션타운)",3,0,3,0,1,1,1,0,0,0,0,0,0,0,0,0,1,1,1,0,0,3,0,3
20213,U,관광특구,3001491,이태원 관광특구,5083,2410,2673,326,721,912,761,790,1573,173,346,497,384,376,634,153,375,415,377,414,939,3300,0,3300
20213,U,관광특구,3001492,명동 남대문 북창동 다동 무교동 관광특구,1089,403,686,17,50,107,175,233,507,7,25,56,66,90,159,10,25,51,109,143,348,494,0,494
20213,U,관광특구,3001493,동대문패션타운 관광특구,2636,1264,1372,188,611,611,360,380,486,87,250,290,185,197,255,101,361,321,175,183,231,1704,0,1704
20213,U,관광특구,3001494,종로?청계 관광특구,1795,1196,599,37,199,203,202,394,760,21,121,142,143,285,484,16,78,61,59,109,276,1475,0,1475
20213,U,관광특구,3001495,잠실 관광특구,9817,4317,5500,825,2296,2634,1332,1101,1629,429,830,1144,580,542,792,396,1466,1490,752,559,837,6271,0,6271
20213,U,관광특구,3001496,강남 마이스 관광특구,29,16,13,2,4,2,4,9,8,0,2,1,2,5,6,2,2,1,2,4,2,18,0,18
20232,A,골목상권,3110033,창신역 4번,2222,1111,1111,182,228,304,323,411,774,98,119,159,173,210,352,84,109,145,150,201,422,1077,0,1077
20232,A,골목상권,3110034,창신1동주민센터,330,192,138,1,2,6,27,60,234,0,1,2,15,35,139,1,1,4,12,25,95,308,0,308
20232,A,골목상권,3110035,동묘앞역 2번,3851,1990,1861,241,391,543,511,758,1407,138,189,284,283,403,693,103,202,259,228,355,714,2014,0,2014
20232,A,골목상권,3110036,동묘앞역 3번,162,102,60,3,10,38,22,28,61,1,4,26,16,16,39,2,6,12,6,12,22,342,0,342
20232,A,골목상권,3110037,신설동역 12번,1645,801,844,128,159,233,243,281,601,67,78,117,129,139,271,61,81,116,114,142,330,807,0,807
20232,A,골목상권,3110038,경향신문사,15,12,3,2,0,3,2,2,6,2,0,3,2,2,3,0,0,0,0,0,3,7,0,7
20232,A,골목상권,3110039,회현역 1번,92,53,39,8,10,5,13,16,40,7,2,4,11,10,19,1,8,1,2,6,21,51,0,51
20232,A,골목상권,3110040,중구회현체육센터(정화예술대남산캠퍼스),1084,503,581,73,92,141,163,157,458,32,48,73,86,77,187,41,44,68,77,80,271,482,0,482
20232,A,골목상권,3110041,남산케이블카,765,386,379,81,61,132,126,125,240,40,33,79,66,65,103,41,28,53,60,60,137,439,0,439
20232,A,골목상권,3110042,남산골공원옆,934,456,478,81,73,175,140,141,324,39,33,91,70,75,148,42,40,84,70,66,176,532,0,532
20232,A,골목상권,3110043,충무초등학교,2059,1095,964,161,339,622,262,241,434,83,144,394,143,125,206,78,195,228,119,116,228,1458,0,1458
20232,A,골목상권,3110044,관성묘,259,119,140,23,29,54,46,37,70,12,13,29,25,15,25,11,16,25,21,22,45,130,0,130
20232,A,골목상권,3110045,동대문역사문화공원역 5번,999,495,504,67,89,170,130,141,402,36,39,94,69,74,183,31,50,76,61,67,219,528,0,528
20232,A,골목상권,3110046,버티고개,4037,2045,1992,351,473,706,637,648,1222,196,256,398,335,318,542,155,217,308,302,330,680,1656,0,1656
20232,A,골목상권,3110047,다산성곽길,3006,1461,1545,249,336,410,421,532,1058,128,176,215,200,278,464,121,160,195,221,254,594,1360,0,1360
20232,A,골목상권,3110048,장충동주민센터,2658,1284,1374,257,291,498,419,425,768,133,146,247,205,203,350,124,145,251,214,222,418,1262,0,1262
20232,A,골목상권,3110049,장충단 고개,2063,964,1099,231,231,436,360,306,499,112,112,204,177,137,222,119,119,232,183,169,277,988,0,988
20232,A,골목상권,3110050,약수역 7번,850,391,459,62,93,150,117,137,291,32,49,59,53,74,124,30,44,91,64,63,167,396,0,396
20232,A,골목상권,3110051,한양공고앞 교차로,1236,641,595,88,117,178,159,231,463,41,59,101,95,120,225,47,58,77,64,111,238,710,0,710
20232,A,골목상권,3110052,장충초등학교,1915,948,967,172,226,305,259,353,600,82,109,157,143,181,276,90,117,148,116,172,324,876,0,876
20232,A,골목상권,3110053,청구역 1번,2726,1360,1366,207,340,481,374,516,808,98,172,270,203,257,360,109,168,211,171,259,448,1498,0,1498
20232,A,골목상권,3110054,청구역 3번,1969,946,1023,151,222,482,313,321,480,87,107,208,149,165,230,64,115,274,164,156,250,1121,0,1121
20232,A,골목상권,3110055,황학동벼룩시장,198,115,83,4,17,32,24,34,87,2,9,17,14,20,53,2,8,15,10,14,34,224,0,224
20232,A,골목상권,3110056,신당역 3번,5434,2688,2746,437,597,785,766,1067,1782,221,297,404,409,570,787,216,300,381,357,497,995,2699,0,2699
20232,A,골목상권,3110057,황학코아루아파트,1371,604,767,85,126,501,250,184,225,45,43,193,113,99,111,40,83,308,137,85,114,1288,0,1288
20232,A,골목상권,3110058,성심여자고등학교,4022,1936,2086,398,443,557,618,665,1341,193,225,271,310,344,593,205,218,286,308,321,748,1972,0,1972
20232,A,골목상권,3110059,새남터성지,1903,909,994,151,157,218,251,332,794,86,76,116,137,178,316,65,81,102,114,154,478,953,0,953
20232,A,골목상권,3110060,효창공원앞역 6번,3473,1661,1812,420,315,565,647,511,1015,195,164,262,323,264,453,225,151,303,324,247,562,1728,0,1728
20232,A,골목상권,3110061,효창동주민센터,3737,1818,1919,407,457,623,568,614,1068,212,240,307,291,290,478,195,217,316,277,324,590,1764,0,1764
20232,A,골목상권,3110062,한강로동땡땡거리(은행나무길),1344,724,620,71,105,164,182,195,627,41,63,107,110,123,280,30,42,57,72,72,347,734,0,734
20232,A,골목상권,3110063,효창공원앞역 5번,2463,1276,1187,215,233,381,373,389,872,115,133,217,213,206,392,100,100,164,160,183,480,1651,0,1651
20232,A,골목상권,3110064,효창공원앞역 2번,2816,1315,1501,347,367,478,490,453,681,181,173,215,232,215,299,166,194,263,258,238,382,1454,0,1454
20232,A,골목상권,3110065,남정초등학교,139,64,75,17,18,15,23,24,42,10,6,3,14,12,19,7,12,12,9,12,23,85,0,85
20232,A,골목상권,3110066,서울역 15번,3174,1634,1540,239,343,540,453,622,977,128,179,281,254,332,460,111,164,259,199,290,517,1541,0,1541
20232,A,골목상권,3110067,배문고등학교,8328,4236,4092,820,1058,1548,1266,1413,2223,427,555,845,682,700,1027,393,503,703,584,713,1196,3893,0,3893
20232,A,골목상권,3110068,남영역 1번,3001,1467,1534,246,290,569,516,432,948,126,136,279,265,231,430,120,154,290,251,201,518,2038,0,2038
20232,A,골목상권,3110069,숙대입구,4953,2159,2794,341,705,1105,804,635,1363,170,229,411,379,339,631,171,476,694,425,296,732,3446,0,3446
20232,A,골목상권,3110070,용산세무서,143,69,74,18,21,14,22,16,52,5,9,8,12,6,29,13,12,6,10,10,23,43,0,43
20232,A,골목상권,3110071,한강미주맨션아파트,452,207,245,76,57,32,59,85,143,44,30,13,17,45,58,32,27,19,42,40,85,179,0,179
20232,A,골목상권,3110072,열정도,154,91,63,5,8,20,19,25,77,1,3,14,13,16,44,4,5,6,6,9,33,97,0,97
20232,A,골목상권,3110073,삼각지역 3번,490,237,253,23,37,102,74,69,185,19,23,51,42,34,68,4,14,51,32,35,117,364,0,364
20232,A,골목상권,3110074,서울역 12번,2812,1932,880,112,180,315,326,577,1302,60,96,189,219,444,924,52,84,126,107,133,378,2493,0,2493
20232,A,골목상권,3110075,숙대입구역 1번,3426,1837,1589,248,310,575,521,590,1182,133,170,297,289,337,611,115,140,278,232,253,571,2033,0,2033
20232,A,골목상권,3110076,삼각지역 14번,32,22,10,2,0,1,6,5,18,1,0,1,4,4,12,1,0,0,2,1,6,15,0,15
20232,A,골목상권,3110077,삼광초등학교,1368,671,697,161,147,176,226,230,428,88,76,94,108,116,189,73,71,82,118,114,239,618,0,618
20232,A,골목상권,3110078,이촌동점보아파트,498,228,270,78,63,42,64,92,159,37,34,14,29,40,74,41,29,28,35,52,85,146,0,146
20232,A,골목상권,3110079,후암동주민센터,10496,5151,5345,1216,1121,1544,1849,1775,2991,622,602,796,935,867,1329,594,519,748,914,908,1662,5148,0,5148
20232,A,골목상권,3110080,해방촌예술마을,4324,2140,2184,409,463,665,684,691,1412,216,228,362,371,349,614,193,235,303,313,342,798,2097,0,2097
20232,A,골목상권,3110081,해방촌 남동측,3897,1815,2082,262,353,605,565,622,1490,125,175,285,294,292,644,137,178,320,271,330,846,1950,0,1950
20232,A,골목상권,3110082,용산구청,1040,487,553,89,65,212,168,141,365,51,34,100,87,58,157,38,31,112,81,83,208,564,0,564
20232,A,골목상권,3110083,서빙고역 1번,813,407,406,106,134,74,154,160,185,55,58,41,71,91,91,51,76,33,83,69,94,350,0,350
20232,A,골목상권,3110084,경리단길북측,4008,1823,2185,293,296,658,672,613,1476,149,153,328,313,290,590,144,143,330,359,323,886,2154,0,2154
20232,A,골목상권,3110085,경리단길남측,2556,1181,1375,274,209,412,420,411,830,132,101,207,207,185,349,142,108,205,213,226,481,1508,0,1508
20232,A,골목상권,3110086,이태원역 북측,1009,491,518,150,89,154,168,135,313,74,54,74,81,64,144,76,35,80,87,71,169,549,0,549
20232,A,골목상권,3110087,이태원엔틱가구거리,1794,768,1026,94,113,245,252,290,800,44,53,136,130,132,273,50,60,109,122,158,527,1150,0,1150
20232,A,골목상권,3110088,오산고등학교,1955,972,983,203,223,277,341,361,550,117,122,155,162,175,241,86,101,122,179,186,309,813,0,813
20232,A,골목상권,3110089,서빙고동주민센터,2587,1261,1326,222,264,299,403,440,959,112,130,168,206,217,428,110,134,131,197,223,531,1322,0,1322
20232,A,골목상권,3110090,한국폴리텍대학서울정수캠퍼스,2055,926,1129,162,192,339,323,383,656,78,96,167,143,172,270,84,96,172,180,211,386,1109,0,1109
20232,A,골목상권,3110091,리움미술관,169,85,84,13,6,38,27,19,66,8,3,23,11,7,33,5,3,15,16,12,33,82,0,82
20232,A,골목상권,3110092,NH농협은행 보광동지점,3884,1878,2006,270,428,626,579,691,1290,147,236,336,290,328,541,123,192,290,289,363,749,1848,0,1848
20232,A,골목상권,3110093,우사단길,6433,3253,3180,466,544,1169,1135,1042,2077,248,290,673,605,542,895,218,254,496,530,500,1182,3613,0,3613
20232,A,골목상권,3110094,오산중학교,372,193,179,14,45,63,46,82,122,6,29,35,28,42,53,8,16,28,18,40,69,201,0,201
20232,A,골목상권,3110095,한강진역 3번,2490,1092,1398,161,143,330,451,437,968,80,66,140,229,201,376,81,77,190,222,236,592,1717,0,1717
20232,A,골목상권,3110096,한남힐사이드아파트,1080,486,594,122,97,154,226,175,306,64,49,63,112,76,122,58,48,91,114,99,184,454,0,454
20232,A,골목상권,3110097,한남초등학교,225,104,121,31,5,55,57,21,56,18,3,25,28,5,25,13,2,30,29,16,31,131,0,131
20232,A,골목상권,3110098,서울독일학교,219,103,116,28,21,37,26,34,73,15,9,18,12,16,33,13,12,19,14,18,40,117,0,117
20232,A,골목상권,3110099,유엔빌리지길,1635,781,854,274,137,248,282,251,443,145,72,111,129,118,206,129,65,137,153,133,237,835,0,835
20232,A,골목상권,3110100,옥수동우편취급국,113,53,60,13,15,27,12,13,33,8,6,15,4,6,14,5,9,12,8,7,19,43,0,43
20232,A,골목상권,3110101,옥정중학교,693,321,372,82,49,152,156,103,151,42,19,69,78,47,66,40,30,83,78,56,85,378,0,378
20232,A,골목상권,3110102,옥수역 6번,995,479,516,114,90,179,178,134,300,64,43,83,88,67,134,50,47,96,90,67,166,455,0,455
20232,A,골목상권,3110103,옥수터널,480,231,249,46,50,81,76,78,149,28,32,41,41,36,53,18,18,40,35,42,96,215,0,215
20232,A,골목상권,3110104,신금호역 4번,3310,1604,1706,331,411,439,494,567,1068,166,204,217,255,292,470,165,207,222,239,275,598,1334,0,1334
20232,A,골목상권,3110105,금동어린이공원,2997,1488,1509,244,326,423,404,528,1072,134,185,231,195,285,458,110,141,192,209,243,614,1398,0,1398
20232,A,골목상권,3110106,금북초등학교,1081,541,540,103,125,157,140,179,377,56,76,73,75,79,182,47,49,84,65,100,195,407,0,407
20232,A,골목상권,3110107,금호사거리,269,137,132,22,22,44,42,34,105,14,8,24,23,22,46,8,14,20,19,12,59,132,0,132
20232,A,골목상권,3110108,성동구립금호도서관,3,1,2,0,0,0,1,0,2,0,0,0,0,0,1,0,0,0,1,0,1,1,0,1
20232,A,골목상권,3110109,금호삼성래미안아파트,503,259,244,32,59,57,74,88,193,15,35,31,44,48,86,17,24,26,30,40,107,242,0,242
20232,A,골목상권,3110110,상왕십리역 6번,2125,1045,1080,140,212,432,357,332,652,75,111,198,196,165,300,65,101,234,161,167,352,1159,0,1159
20232,A,골목상권,3110111,대현산장미원,1594,799,795,160,173,182,257,273,549,81,86,99,146,139,248,79,87,83,111,134,301,617,0,617
20232,A,골목상권,3110112,행당역 2번,2881,1365,1516,275,393,460,427,509,817,126,200,229,209,228,373,149,193,231,218,281,444,1348,0,1348
20232,A,골목상권,3110113,응봉산,1614,788,826,181,206,196,240,281,510,109,106,96,119,130,228,72,100,100,121,151,282,633,0,633
20232,A,골목상권,3110114,왕십리파출소,769,379,390,93,83,113,141,128,211,47,46,57,74,66,89,46,37,56,67,62,122,372,0,372
20232,A,골목상권,3110115,상왕십리역 3번,2074,1046,1028,162,262,431,277,381,561,90,143,209,144,201,259,72,119,222,133,180,302,1116,0,1116
20232,A,골목상권,3110116,청계천박물관,2169,1108,1061,198,279,283,275,438,696,116,148,158,136,216,334,82,131,125,139,222,362,948,0,948
20232,A,골목상권,3110117,성동구보건소,1620,819,801,135,197,269,214,288,517,70,118,128,122,145,236,65,79,141,92,143,281,795,0,795
20232,A,골목상권,3110118,왕십리역 9번,1163,614,549,81,106,206,156,203,411,41,60,125,80,108,200,40,46,81,76,95,211,694,0,694
20232,A,골목상권,3110119,마장지하차도,268,139,129,13,24,45,43,42,101,5,12,23,25,25,49,8,12,22,18,17,52,147,0,147
20232,A,골목상권,3110120,서울숲카페거리,1198,621,577,121,139,225,199,175,339,69,80,122,108,87,155,52,59,103,91,88,184,432,0,432
20232,A,골목상권,3110121,한양대역 4번,712,413,299,34,186,246,56,63,127,15,89,183,37,36,53,19,97,63,19,27,74,771,0,771
20232,A,골목상권,3110122,마장역 2번,706,359,347,100,93,114,101,117,181,51,49,57,50,58,94,49,44,57,51,59,87,365,0,365
20232,A,골목상권,3110123,마장역 3번,2880,1460,1420,219,314,426,377,478,1066,115,162,219,203,254,507,104,152,207,174,224,559,1611,0,1611
20232,A,골목상권,3110124,뚝섬역교차로,825,444,381,48,77,175,109,115,301,27,44,98,56,64,155,21,33,77,53,51,146,512,0,512
20232,A,골목상권,3110125,사근동살곶이상점가,4154,2274,1880,278,714,1018,458,525,1161,142,384,703,255,259,531,136,330,315,203,266,630,2833,0,2833
20232,A,골목상권,3110126,서울숲역 1번,543,265,278,47,67,99,77,93,160,28,34,51,41,37,74,19,33,48,36,56,86,316,0,316
20232,A,골목상권,3110127,성수1가1동주민센터,942,484,458,57,53,282,193,143,214,30,24,134,100,85,111,27,29,148,93,58,103,715,0,715
20232,A,골목상권,3110128,성원중학교,8370,4430,3940,702,1043,1194,1172,1695,2564,370,546,659,638,922,1295,332,497,535,534,773,1269,4002,0,4002
20232,A,골목상권,3110129,성원어린이공원,1687,836,851,168,148,335,342,270,424,88,75,168,180,130,195,80,73,167,162,140,229,833,0,833
20232,A,골목상권,3110130,답십리역 6번,2008,1016,992,144,233,286,289,360,696,76,106,146,164,189,335,68,127,140,125,171,361,627,0,627
20232,A,골목상권,3110131,성수동카페거리,2841,1538,1303,247,277,584,434,458,841,129,140,312,244,261,452,118,137,272,190,197,389,1526,0,1526
20232,A,골목상권,3110132,성수2가3동주민센터,1918,1011,907,129,161,375,286,308,659,68,85,189,160,170,339,61,76,186,126,138,320,1318,0,1318
20232,A,골목상권,3110133,서울교통공사,1527,819,708,132,140,209,248,319,479,63,68,113,140,185,250,69,72,96,108,134,229,977,0,977
20232,A,골목상권,3110134,성수119안전센터,6354,3316,3038,611,594,974,1021,1086,2068,314,317,512,541,589,1043,297,277,462,480,497,1025,2888,0,2888
20232,A,골목상권,3110135,성동세무서,1108,596,512,95,90,229,195,181,318,51,46,131,104,107,157,44,44,98,91,74,161,657,0,657
20232,A,골목상권,3110136,경수초등학교,2695,1404,1291,295,255,400,423,447,875,140,135,212,230,242,445,155,120,188,193,205,430,1203,0,1203
20232,A,골목상권,3110137,성수초등학교,1666,903,763,214,135,339,373,226,379,107,70,174,221,132,199,107,65,165,152,94,180,920,0,920
20232,A,골목상권,3110138,송정체육공원,3537,1903,1634,271,385,568,470,680,1163,136,218,305,262,381,601,135,167,263,208,299,562,1973,0,1973
20232,A,골목상권,3110139,자양4동주민센터,5586,2830,2756,358,523,800,823,1049,2033,155,271,415,443,568,978,203,252,385,380,481,1055,3040,0,3040
20232,A,골목상권,3110140,건대입구역 6번,5668,2843,2825,400,556,1062,865,950,1835,204,275,544,470,501,849,196,281,518,395,449,986,2848,0,2848
20232,A,골목상권,3110141,건대입구역 1번,3006,1430,1576,166,347,1072,455,335,631,82,127,504,251,170,296,84,220,568,204,165,335,2208,0,2208
20232,A,골목상권,3110142,화양사거리,5301,2606,2695,230,792,2113,735,543,888,111,314,1071,390,297,423,119,478,1042,345,246,465,4850,0,4850
20232,A,골목상권,3110143,뚝섬유원지역 1번,140,74,66,20,19,13,13,36,39,9,12,5,6,22,20,11,7,8,7,14,19,49,0,49
20232,A,골목상권,3110144,어린이대공원역 4번,2006,981,1025,71,281,664,254,239,497,32,107,333,134,152,223,39,174,331,120,87,274,1732,0,1732
20232,A,골목상권,3110145,장안초등학교,635,303,332,57,59,157,96,92,174,26,27,81,52,40,77,31,32,76,44,52,97,308,0,308
20232,A,골목상권,3110146,신자초등학교,4081,2073,2008,459,462,599,629,707,1225,217,257,324,331,349,595,242,205,275,298,358,630,1853,0,1853
20232,A,골목상권,3110147,능동우편취급국,6391,3243,3148,648,676,1432,1102,879,1654,348,350,743,599,431,772,300,326,689,503,448,882,3407,0,3407
20232,A,골목상권,3110148,어린이대공원역 3번,1427,737,690,72,213,379,186,196,381,39,113,218,95,101,171,33,100,161,91,95,210,1068,0,1068
20232,A,골목상권,3110149,세종대학교,923,410,513,72,127,264,148,129,183,37,48,112,66,63,84,35,79,152,82,66,99,598,0,598
20232,A,골목상권,3110150,중곡1동 마을마당,5846,2926,2920,514,468,1189,999,896,1780,259,262,568,533,460,844,255,206,621,466,436,936,3330,0,3330
20232,A,골목상권,3110151,자양한강도서관,4707,2315,2392,515,519,750,870,780,1273,266,276,366,441,385,581,249,243,384,429,395,692,2312,0,2312
20232,A,골목상권,3110152,중곡어린이공원,2070,1067,1003,229,215,359,322,364,581,123,108,191,171,201,273,106,107,168,151,163,308,996,0,996
20232,A,골목상권,3110153,중곡1동주민센터,2407,1168,1239,245,235,516,467,329,615,126,106,255,246,145,290,119,129,261,221,184,325,1412,0,1412
20232,A,골목상권,3110154,광진정말공원,4782,2336,2446,519,528,794,796,765,1380,294,250,394,405,384,609,225,278,400,391,381,771,2148,0,2148
20232,A,골목상권,3110155,광진구청,3905,1939,1966,342,490,728,635,666,1044,177,248,378,326,317,493,165,242,350,309,349,551,2111,0,2111
20232,A,골목상권,3110156,군자역 5번,6196,2946,3250,617,514,1552,1214,763,1536,321,260,675,632,373,685,296,254,877,582,390,851,3544,0,3544
20232,A,골목상권,3110157,자양동우체국,5967,2977,2990,780,746,930,1044,1009,1458,418,417,455,504,504,679,362,329,475,540,505,779,2602,0,2602
20232,A,골목상권,3110158,중곡3동주민센터,7012,3495,3517,687,741,1100,1088,1241,2155,359,371,573,582,614,996,328,370,527,506,627,1159,3649,0,3649
20232,A,골목상권,3110159,구의역 4번,9198,4495,4703,819,967,1742,1508,1479,2683,404,502,847,787,712,1243,415,465,895,721,767,1440,4855,0,4855
20232,A,골목상권,3110160,광진경찰서,1905,915,990,195,260,335,333,327,455,99,124,171,155,152,214,96,136,164,178,175,241,944,0,944
20232,A,골목상권,3110161,중곡역 3번,5088,2512,2576,501,589,848,754,896,1500,254,309,424,402,433,690,247,280,424,352,463,810,2469,0,2469
20232,A,골목상권,3110162,군자역 4번,4032,1934,2098,539,440,744,705,618,986,273,239,339,323,308,452,266,201,405,382,310,534,1665,0,1665
20232,A,골목상권,3110163,성자초등학교,2989,1434,1555,410,341,449,590,469,730,186,169,219,310,217,333,224,172,230,280,252,397,1278,0,1278
20232,A,골목상권,3110164,아차산역 5번,3100,1474,1626,320,283,755,607,406,729,175,140,335,308,190,326,145,143,420,299,216,403,1755,0,1755
20232,A,골목상권,3110165,국립정신건강센터,4490,2211,2279,462,577,756,682,799,1214,230,302,389,356,360,574,232,275,367,326,439,640,1913,0,1913
20232,A,골목상권,3110166,구의1동주민센터,6518,3073,3445,500,705,1479,1165,1005,1664,256,336,672,577,488,744,244,369,807,588,517,920,3508,0,3508
20232,A,골목상권,3110167,용마초등학교,6898,3400,3498,830,757,1229,1152,1140,1790,427,399,627,585,535,827,403,358,602,567,605,963,3155,0,3155
20232,A,골목상권,3110168,대원고등학교,2608,1281,1327,314,445,338,389,536,586,157,227,176,190,252,279,157,218,162,199,284,307,1104,0,1104
20232,A,골목상권,3110169,성동초등학교,2355,1188,1167,199,266,448,380,369,693,116,138,233,204,167,330,83,128,215,176,202,363,1360,0,1360
20232,A,골목상권,3110170,동대부여고,6314,3055,3259,500,628,1334,1168,968,1716,254,321,662,587,482,749,246,307,672,581,486,967,3367,0,3367
20232,A,골목상권,3110171,중곡4동주민센터,2691,1316,1375,230,339,361,351,524,886,122,180,184,186,254,390,108,159,177,165,270,496,1190,0,1190
20232,A,골목상권,3110172,광진초등학교,3768,1834,1934,437,436,554,606,644,1091,229,224,257,312,322,490,208,212,297,294,322,601,1960,0,1960
20232,A,골목상권,3110173,구남초등학교,1446,686,760,130,177,260,211,225,443,74,81,124,102,100,205,56,96,136,109,125,238,716,0,716
20232,A,골목상권,3110174,아차산역 1번,5080,2472,2608,608,551,757,820,823,1521,312,282,358,417,390,713,296,269,399,403,433,808,2047,0,2047
20232,A,골목상권,3110175,푸른동산공원,4810,2314,2496,571,515,910,887,744,1183,292,252,435,463,337,535,279,263,475,424,407,648,2478,0,2478
20232,A,골목상권,3110176,해오름공원,6416,3169,3247,616,711,1021,950,1112,2006,331,351,526,518,563,880,285,360,495,432,549,1126,2913,0,2913
20232,A,골목상권,3110177,동의초등학교,1692,842,850,196,189,187,302,274,544,99,115,88,154,146,240,97,74,99,148,128,304,661,0,661
20232,A,골목상권,3110178,장로회신학대학교,1265,595,670,146,144,202,178,199,396,68,69,98,84,101,175,78,75,104,94,98,221,559,0,559
20232,A,골목상권,3110179,광나루역 1번,788,389,399,78,105,125,125,134,221,45,56,66,59,63,100,33,49,59,66,71,121,580,0,580
20232,A,골목상권,3110180,광진정보도서관,1113,567,546,128,123,181,174,197,310,70,71,91,85,96,154,58,52,90,89,101,156,618,0,618
20232,A,골목상권,3110181,신설동역 9번,593,330,263,71,56,94,102,106,164,36,37,55,50,65,87,35,19,39,52,41,77,1033,0,1033
20232,A,골목상권,3110182,용두희망어린이공원,941,546,395,61,145,321,135,104,175,30,81,221,75,57,82,31,64,100,60,47,93,700,0,700
20232,A,골목상권,3110183,한국의류시험연구원,408,229,179,31,41,56,60,63,157,14,22,32,34,40,87,17,19,24,26,23,70,350,0,350
20232,A,골목상권,3110184,용두사거리,235,121,114,22,19,37,49,36,72,12,11,16,30,20,32,10,8,21,19,16,40,135,0,135
20232,A,골목상권,3110185,용두초등학교,416,221,195,35,32,58,48,86,157,15,14,33,25,54,80,20,18,25,23,32,77,249,0,249
20232,A,골목상권,3110186,종암초등학교,418,239,179,24,57,141,63,41,92,12,29,93,38,23,44,12,28,48,25,18,48,295,0,295
20232,A,골목상권,3110187,제기동역 6번,3256,1635,1621,223,342,654,503,507,1027,114,166,336,272,265,482,109,176,318,231,242,545,2930,0,2930
20232,A,골목상권,3110188,용두동신동아아파트,1769,903,866,187,190,259,285,303,545,98,102,147,156,153,247,89,88,112,129,150,298,2161,0,2161
20232,A,골목상권,3110189,제기동역 1번,2067,1006,1061,225,223,417,342,314,546,108,121,211,163,154,249,117,102,206,179,160,297,1104,0,1104
20232,A,골목상권,3110190,고대앞사거리,2054,1095,959,195,207,429,301,293,629,100,99,261,170,166,299,95,108,168,131,127,330,1415,0,1415
20232,A,골목상권,3110191,고려대역 6번,1068,572,496,58,98,221,173,135,383,30,51,127,109,75,180,28,47,94,64,60,203,843,0,843
20232,A,골목상권,3110192,동의보감타워,515,278,237,11,28,137,98,69,172,5,15,74,50,37,97,6,13,63,48,32,75,481,0,481
20232,A,골목상권,3110193,고려대역 4번,1474,781,693,93,154,386,180,162,499,50,72,236,94,95,234,43,82,150,86,67,265,875,0,875
20232,A,골목상권,3110194,홍파초등학교,1586,789,797,122,120,238,232,202,672,68,64,132,132,107,286,54,56,106,100,95,386,922,0,922
20232,A,골목상권,3110195,동대문구청,3313,1664,1649,240,289,556,426,487,1315,131,142,287,229,270,605,109,147,269,197,217,710,2226,0,2226
20232,A,골목상권,3110196,홍릉근린공원,1125,580,545,70,95,93,146,169,552,32,46,51,87,97,267,38,49,42,59,72,285,820,0,820
20232,A,골목상권,3110197,세종대왕기념관교차로,511,263,248,60,55,78,73,78,167,30,26,47,41,46,73,30,29,31,32,32,94,307,0,307
20232,A,골목상권,3110198,동대문중앙새마을금고본점,120,58,62,8,6,11,21,12,62,2,2,7,12,8,27,6,4,4,9,4,35,80,0,80
20232,A,골목상권,3110199,홍릉시장,943,485,458,41,68,126,122,130,456,21,34,73,74,77,206,20,34,53,48,53,250,699,0,699
20232,A,골목상권,3110200,동대문경찰서,708,366,342,45,61,110,102,110,280,24,35,56,59,63,129,21,26,54,43,47,151,463,0,463
20232,A,골목상권,3110201,전농119안전센터,474,246,228,34,42,32,82,81,203,21,20,15,49,47,94,13,22,17,33,34,109,354,0,354
20232,A,골목상권,3110202,전농1동주민센터(전농시장),1358,761,597,35,89,77,144,270,743,17,50,32,87,171,404,18,39,45,57,99,339,1053,0,1053
20232,A,골목상권,3110203,떡전교사거리,1844,914,930,149,168,284,258,281,704,73,83,163,138,158,299,76,85,121,120,123,405,1013,0,1013
20232,A,골목상권,3110204,간데메공원,3304,1649,1655,433,323,461,536,502,1049,220,168,235,265,268,493,213,155,226,271,234,556,1692,0,1692
20232,A,골목상권,3110205,경희대삼거리,2619,1294,1325,173,383,703,366,337,657,92,160,378,199,182,283,81,223,325,167,155,374,1683,0,1683
20232,A,골목상권,3110206,텃골근린공원,4002,2020,1982,361,477,575,552,697,1340,202,264,293,289,349,623,159,213,282,263,348,717,2011,0,2011
20232,A,골목상권,3110207,시립대앞사거리,831,422,409,54,104,129,106,131,307,30,51,68,61,66,146,24,53,61,45,65,161,576,0,576
20232,A,골목상권,3110208,시조사삼거리,764,408,356,46,100,209,101,91,217,23,53,122,56,45,109,23,47,87,45,46,108,540,0,540
20232,A,골목상권,3110209,답십리 장령당공원,722,369,353,63,79,103,101,127,249,30,44,58,53,74,110,33,35,45,48,53,139,372,0,372
20232,A,골목상권,3110210,서울시립대,3215,1612,1603,249,493,715,450,377,931,124,213,428,244,185,418,125,280,287,206,192,513,2186,0,2186
20232,A,골목상권,3110211,전곡마을마당공원,3640,1812,1828,260,449,467,478,657,1329,134,228,262,260,342,586,126,221,205,218,315,743,1938,0,1938
20232,A,골목상권,3110212,답십리초등학교,2315,1154,1161,210,263,287,313,404,838,116,131,159,167,208,373,94,132,128,146,196,465,1077,0,1077
20232,A,골목상권,3110213,청량초등학교,762,380,382,60,134,207,85,129,147,24,69,122,39,59,67,36,65,85,46,70,80,500,0,500
20232,A,골목상권,3110214,경희대후문,2343,1221,1122,139,551,826,182,217,428,68,230,535,91,99,198,71,321,291,91,118,230,1930,0,1930
20232,A,골목상권,3110215,회기역 1번,2080,1040,1040,78,339,799,265,189,410,37,133,418,149,111,192,41,206,381,116,78,218,1579,0,1579
20232,A,골목상권,3110216,전농중학교,1200,593,607,115,128,156,177,206,418,59,61,93,90,106,184,56,67,63,87,100,234,589,0,589
20232,A,골목상권,3110217,자동차부품상가,613,319,294,33,71,81,79,140,209,20,38,45,49,77,90,13,33,36,30,63,119,301,0,301
20232,A,골목상권,3110218,답십리사거리,2799,1418,1381,283,265,380,409,498,964,126,144,216,214,260,458,157,121,164,195,238,506,1289,0,1289
20232,A,골목상권,3110219,삼육보건대학교,6613,3372,3241,479,1092,1638,804,856,1744,252,512,962,447,397,802,227,580,676,357,459,942,4386,0,4386
20232,A,골목상권,3110220,외대앞역 1번,1939,976,963,87,316,478,246,257,555,46,132,271,137,140,250,41,184,207,109,117,305,1341,0,1341
20232,A,골목상권,3110221,의릉,977,458,519,80,129,188,168,149,263,36,54,90,95,71,112,44,75,98,73,78,151,565,0,565
20232,A,골목상권,3110222,회기역 2번,27,15,12,4,1,3,2,4,13,2,0,2,2,4,5,2,1,1,0,0,8,44,0,44
20232,A,골목상권,3110223,군자초등학교,1638,837,801,188,162,287,258,258,485,108,85,140,137,134,233,80,77,147,121,124,252,750,0,750
20232,A,골목상권,3110224,외대앞역 2번,1570,827,743,78,163,243,241,280,565,41,84,134,139,164,265,37,79,109,102,116,300,321,0,321
20232,A,골목상권,3110225,촬영소사거리,1339,690,649,101,170,171,179,247,471,46,88,97,96,129,234,55,82,74,83,118,237,603,0,603
20232,A,골목상권,3110226,장안1동주민센터,9890,5049,4841,904,970,1523,1573,1729,3191,457,515,788,856,887,1546,447,455,735,717,842,1645,5867,0,5867
20232,A,골목상권,3110227,답십리공원,749,370,379,68,92,102,96,150,241,38,37,50,52,80,113,30,55,52,44,70,128,380,0,380
20232,A,골목상권,3110228,장안근린공원,5180,2631,2549,373,614,645,693,913,1942,179,326,358,381,480,907,194,288,287,312,433,1035,2855,0,2855
20232,A,골목상권,3110229,장평중학교,7419,3695,3724,1054,617,1155,1364,1001,2228,553,311,565,716,495,1055,501,306,590,648,506,1173,3145,0,3145
20232,A,골목상권,3110230,장안현대홈타운1차아파트,2960,1492,1468,415,278,452,559,431,825,225,140,217,299,220,391,190,138,235,260,211,434,1685,0,1685
20232,A,골목상권,3110231,장안교,118,63,55,15,10,20,20,23,30,7,8,8,9,15,16,8,2,12,11,8,14,83,0,83
20232,A,골목상권,3110232,동대부고,2829,1441,1388,370,300,408,476,454,821,199,171,201,244,232,394,171,129,207,232,222,427,1455,0,1455
20232,A,골목상권,3110233,중랑역 1번,5266,2761,2505,386,508,841,709,960,1862,197,272,440,412,509,931,189,236,401,297,451,931,2875,0,2875
20232,A,골목상권,3110234,중랑역 4번,729,360,369,79,55,183,163,117,132,47,21,74,86,63,69,32,34,109,77,54,63,494,0,494
20232,A,골목상권,3110235,세화어린이공원,1418,794,624,93,134,184,200,287,520,48,78,105,118,167,278,45,56,79,82,120,242,799,0,799
20232,A,골목상권,3110236,신묵초등학교,7715,3884,3831,867,813,1293,1345,1217,2180,473,418,644,729,617,1003,394,395,649,616,600,1177,4017,0,4017
20232,A,골목상권,3110237,메가박스 상봉,4317,2148,2169,362,472,659,679,786,1359,176,231,326,379,419,617,186,241,333,300,367,742,2348,0,2348
20232,A,골목상권,3110238,배꽃어린이공원,1172,586,586,103,104,140,163,222,440,44,53,79,86,114,210,59,51,61,77,108,230,785,0,785
20232,A,골목상권,3110239,중랑역 2번,293,151,142,15,33,51,27,62,105,9,20,26,11,31,54,6,13,25,16,31,51,166,0,166
20232,A,골목상권,3110240,태릉시장 특화거리,1289,663,626,88,136,179,166,247,473,40,72,95,93,137,226,48,64,84,73,110,247,706,0,706
20232,A,골목상권,3110241,먹골역 5번,2629,1303,1326,230,271,427,420,437,844,120,115,216,227,231,394,110,156,211,193,206,450,1755,0,1755
20232,A,골목상권,3110242,면목5동주민센터,4308,2181,2127,494,464,594,640,792,1324,256,231,301,331,421,641,238,233,293,309,371,683,2108,0,2108
20232,A,골목상권,3110243,중랑노인종합복지관,4889,2474,2415,544,589,637,748,951,1420,265,283,330,412,487,697,279,306,307,336,464,723,2219,0,2219
20232,A,골목상권,3110244,중화역 4번,1073,560,513,88,111,171,161,172,370,53,62,83,91,96,175,35,49,88,70,76,195,847,0,847
20232,A,골목상권,3110245,KB국민은행 중화동지점,2503,1260,1243,194,272,338,320,477,902,105,126,177,181,245,426,89,146,161,139,232,476,1317,0,1317
20232,A,골목상권,3110246,월드순복음교회,2488,1240,1248,252,239,558,438,381,620,134,129,257,228,200,292,118,110,301,210,181,328,1591,0,1591
20232,A,골목상권,3110247,먹골역 1번,6235,3084,3151,571,590,1137,1069,934,1934,294,310,568,567,459,886,277,280,569,502,475,1048,3032,0,3032
20232,A,골목상권,3110248,먹골파출소,1465,761,704,138,143,247,214,221,502,75,81,128,122,118,237,63,62,119,92,103,265,810,0,810
20232,A,골목상권,3110249,중화역 1번,6619,3324,3295,698,745,1046,1020,1047,2063,347,399,546,531,528,973,351,346,500,489,519,1090,2908,0,2908
20232,A,골목상권,3110250,화랑대역 7번,1576,767,809,191,200,202,226,265,492,96,106,107,106,131,221,95,94,95,120,134,271,684,0,684
20232,A,골목상권,3110251,장안중학교,3901,1891,2010,387,470,666,527,629,1222,180,249,327,282,287,566,207,221,339,245,342,656,1895,0,1895
20232,A,골목상권,3110252,장안제일시장,4747,2416,2331,513,516,763,679,825,1451,253,258,405,352,429,719,260,258,358,327,396,732,2120,0,2120
20232,A,골목상권,3110253,중곡초등학교,3662,1848,1814,358,427,532,562,671,1112,193,223,262,298,346,526,165,204,270,264,325,586,1666,0,1666
20232,A,골목상권,3110254,오거리공원,7809,3930,3879,820,903,1042,1227,1397,2420,420,461,543,643,727,1136,400,442,499,584,670,1284,3458,0,3458
20232,A,골목상권,3110255,상봉역 4번,6496,3237,3259,543,591,1262,982,1097,2021,272,313,606,532,558,956,271,278,656,450,539,1065,3575,0,3575
20232,A,골목상권,3110256,면목2동체육관,8303,4279,4024,855,867,1216,1279,1495,2591,463,453,639,711,754,1259,392,414,577,568,741,1332,3930,0,3930
20232,A,골목상권,3110257,상봉역 7번,3869,1961,1908,427,403,600,572,620,1247,219,213,303,295,328,603,208,190,297,277,292,644,2178,0,2178
20232,A,골목상권,3110258,면동초등학교,5746,2931,2815,576,584,868,890,1062,1766,297,312,438,467,548,869,279,272,430,423,514,897,3214,0,3214
20232,A,골목상권,3110259,사가정역 1번,4080,2061,2019,358,396,709,699,647,1271,197,199,350,374,341,600,161,197,359,325,306,671,2160,0,2160
20232,A,골목상권,3110260,면목역 3번,2218,1133,1085,176,209,390,353,388,702,92,106,198,184,216,337,84,103,192,169,172,365,1261,0,1261
20232,A,골목상권,3110261,사가정역 4번,5043,2476,2567,442,539,837,811,829,1585,230,273,410,418,413,732,212,266,427,393,416,853,2655,0,2655
20232,A,골목상권,3110262,상봉역 3번,2915,1489,1426,310,228,528,457,429,963,167,135,269,261,203,454,143,93,259,196,226,509,2768,0,2768
20232,A,골목상권,3110263,면목역 1번,7265,3581,3684,695,804,1165,1108,1211,2282,331,409,603,608,599,1031,364,395,562,500,612,1251,3743,0,3743
20232,A,골목상권,3110264,면목역 2번,9684,4902,4782,841,1090,1730,1545,1648,2830,437,571,885,845,821,1343,404,519,845,700,827,1487,4953,0,4953
20232,A,골목상권,3110265,망우역 1번,1035,540,495,84,114,149,120,183,385,44,62,79,66,93,196,40,52,70,54,90,189,551,0,551
20232,A,골목상권,3110266,면목동우체국,5266,2589,2677,433,648,837,760,963,1625,206,348,439,394,473,729,227,300,398,366,490,896,2780,0,2780
20232,A,골목상권,3110267,망우역 2번,4466,2222,2244,532,518,686,733,699,1298,292,268,345,381,342,594,240,250,341,352,357,704,2073,0,2073
20232,A,골목상권,3110268,망우3동주민센터,2588,1293,1295,248,312,363,382,469,814,112,163,185,195,245,393,136,149,178,187,224,421,1439,0,1439
20232,A,골목상권,3110269,용마문화복지센터,1355,701,654,103,179,181,171,249,472,47,80,97,96,144,237,56,99,84,75,105,235,841,0,841
20232,A,골목상권,3110270,혜원여고,1235,592,643,128,155,175,169,216,392,56,81,91,79,108,177,72,74,84,90,108,215,550,0,550
20232,A,골목상권,3110271,신내역 1번,138,74,64,13,12,23,23,14,53,7,8,10,15,4,30,6,4,13,8,10,23,125,0,125
20232,A,골목상권,3110272,신내1동주민센터,3548,1733,1815,457,415,462,541,616,1057,231,229,206,284,310,473,226,186,256,257,306,584,1656,0,1656
20232,A,골목상권,3110273,장스여성병원,2369,1266,1103,161,269,340,293,418,888,80,145,198,165,219,459,81,124,142,128,199,429,1186,0,1186
20232,A,골목상권,3110274,서일대학교,6866,3490,3376,755,807,913,972,1264,2155,379,412,469,521,663,1046,376,395,444,451,601,1109,3294,0,3294
20232,A,골목상권,3110275,하나은행 망우동지점,896,476,420,70,93,121,118,159,335,39,52,54,69,95,167,31,41,67,49,64,168,487,0,487
20232,A,골목상권,3110276,신내IC북측,366,196,170,45,30,42,68,54,127,24,19,23,40,29,61,21,11,19,28,25,66,256,0,256
20232,A,골목상권,3110277,러스크서울병원,3593,1856,1737,329,415,512,516,598,1223,178,224,272,275,306,601,151,191,240,241,292,622,1806,0,1806
20232,A,골목상권,3110278,망우본동주민센터,3928,2053,1875,273,501,495,483,726,1450,142,271,262,269,377,732,131,230,233,214,349,718,2334,0,2334
20232,A,골목상권,3110279,신내역 2번,25,15,10,3,2,0,4,7,9,0,1,0,2,5,7,3,1,0,2,2,2,25,0,25
20232,A,골목상권,3110280,북정마을,713,356,357,47,71,85,110,102,298,28,38,37,61,56,136,19,33,48,49,46,162,378,0,378
20232,A,골목상권,3110281,길상사,912,459,453,106,91,123,125,155,312,70,42,62,58,79,148,36,49,61,67,76,164,486,0,486
20232,A,골목상권,3110282,국민대학교앞,676,330,346,67,106,129,74,79,221,26,48,76,40,42,98,41,58,53,34,37,123,473,0,473
20232,A,골목상권,3110283,성북초등학교앞,518,243,275,52,56,64,89,97,160,22,27,34,45,46,69,30,29,30,44,51,91,244,0,244
20232,A,골목상권,3110284,정릉북한산국립공원입구,1404,722,682,129,209,163,165,235,503,75,116,79,84,118,250,54,93,84,81,117,253,609,0,609
20232,A,골목상권,3110285,홍대부중,2137,1042,1095,248,243,295,388,383,580,135,139,149,175,200,244,113,104,146,213,183,336,897,0,897
20232,A,골목상권,3110286,한성대입구역 5번,2598,1223,1375,190,263,512,417,452,764,90,129,241,206,214,343,100,134,271,211,238,421,1433,0,1433
20232,A,골목상권,3110287,정릉3동주민센터,1888,990,898,132,328,349,210,306,563,68,168,234,111,148,261,64,160,115,99,158,302,1036,0,1036
20232,A,골목상권,3110288,동구여중,1648,790,858,178,210,232,253,276,499,86,113,115,127,128,221,92,97,117,126,148,278,889,0,889
20232,A,골목상권,3110289,북한산보국문역 2번,4966,2453,2513,489,645,702,720,760,1650,257,320,377,382,396,721,232,325,325,338,364,929,2448,0,2448
20232,A,골목상권,3110290,북한산보국문역 1번,1428,729,699,124,171,180,207,219,527,76,88,103,112,112,238,48,83,77,95,107,289,682,0,682
20232,A,골목상권,3110291,한성대입구역 3번,4426,2124,2302,354,576,826,696,684,1290,182,286,407,360,325,564,172,290,419,336,359,726,2385,0,2385
20232,A,골목상권,3110292,정릉역 2번,560,273,287,22,37,38,54,107,302,10,17,23,30,58,135,12,20,15,24,49,167,333,0,333
20232,A,골목상권,3110293,삼선중학교,2527,1171,1356,256,289,586,408,387,601,128,137,245,210,179,272,128,152,341,198,208,329,1340,0,1340
20232,A,골목상권,3110294,서경대학교,7169,3527,3642,792,883,1021,1088,1130,2255,427,444,523,570,542,1021,365,439,498,518,588,1234,3065,0,3065
20232,A,골목상권,3110295,정릉우체국,4685,2307,2378,530,487,632,734,694,1608,282,252,341,383,333,716,248,235,291,351,361,892,2294,0,2294
20232,A,골목상권,3110296,성신여대입구역 4번,1902,870,1032,238,224,294,303,313,530,118,100,134,142,155,221,120,124,160,161,158,309,952,0,952
20232,A,골목상권,3110297,경동고등학교,6534,3135,3399,559,808,1388,999,1042,1738,300,384,680,501,511,759,259,424,708,498,531,979,3502,0,3502
20232,A,골목상권,3110298,솔숲어린이공원,732,368,364,67,88,83,103,128,263,40,47,49,46,60,126,27,41,34,57,68,137,323,0,323
20232,A,골목상권,3110299,정릉역 1번,3547,1751,1796,364,381,455,506,543,1298,191,191,233,267,286,583,173,190,222,239,257,715,1690,0,1690
20232,A,골목상권,3110300,삼선동주민센터,2912,1235,1677,127,409,829,388,381,778,70,137,316,189,184,339,57,272,513,199,197,439,3186,0,3186
20232,A,골목상권,3110301,성신여대입구역 7번,3589,1650,1939,253,416,898,558,460,1004,134,175,405,292,221,423,119,241,493,266,239,581,2066,0,2066
20232,A,골목상권,3110302,보문역 8번,2263,1109,1154,186,213,457,368,341,698,95,112,229,199,174,300,91,101,228,169,167,398,1187,0,1187
20232,A,골목상권,3110303,성신여대입구역 1번,3389,1399,1990,205,448,964,443,416,913,100,115,367,210,199,408,105,333,597,233,217,505,2158,0,2158
20232,A,골목상권,3110304,보문역 4번,395,181,214,22,45,136,65,47,80,11,18,65,30,23,34,11,27,71,35,24,46,1203,0,1203
20232,A,골목상권,3110305,보문역 5번,779,412,367,55,84,175,100,119,246,33,40,102,59,62,116,22,44,73,41,57,130,2282,0,2282
20232,A,골목상권,3110306,미아초등학교,930,456,474,122,89,135,142,124,318,68,40,74,72,65,137,54,49,61,70,59,181,526,0,526
20232,A,골목상권,3110307,길음역 7번,226,112,114,48,24,36,50,35,33,21,15,14,27,21,14,27,9,22,23,14,19,121,0,121
20232,A,골목상권,3110308,길음역 8번,1086,541,545,80,106,142,160,171,427,44,50,82,82,95,188,36,56,60,78,76,239,556,0,556
20232,A,골목상권,3110309,대광초등학교,1377,708,669,77,159,323,198,219,401,40,70,184,122,105,187,37,89,139,76,114,214,825,0,825
20232,A,골목상권,3110310,길음역 10번,263,94,169,14,34,48,41,47,79,4,13,11,27,14,25,10,21,37,14,33,54,168,0,168
20232,A,골목상권,3110311,종암아이파크2차후문,1189,618,571,104,146,174,164,225,376,55,85,97,87,112,182,49,61,77,77,113,194,542,0,542
20232,A,골목상권,3110312,안암역 2번,934,491,443,18,223,370,82,68,173,9,103,215,50,36,78,9,120,155,32,32,95,1306,0,1306
20232,A,골목상권,3110313,안암역 3번,568,354,214,16,113,245,55,52,87,8,58,172,39,32,45,8,55,73,16,20,42,968,0,968
20232,A,골목상권,3110314,종암경찰서,1052,535,517,102,120,198,139,150,343,51,57,102,84,75,166,51,63,96,55,75,177,615,0,615
20232,A,골목상권,3110315,종암아이파크2차,3110,1521,1589,255,402,549,450,529,925,132,201,296,226,253,413,123,201,253,224,276,512,1486,0,1486
20232,A,골목상권,3110316,숭곡초등학교,4741,2330,2411,447,433,575,698,775,1813,219,234,292,364,412,809,228,199,283,334,363,1004,2347,0,2347
20232,A,골목상권,3110317,종암중학교,2192,1237,955,128,289,747,258,234,536,67,153,490,147,129,251,61,136,257,111,105,285,1588,0,1588
20232,A,골목상권,3110318,KT월곡지사,1456,742,714,152,148,206,243,208,499,94,80,105,138,106,219,58,68,101,105,102,280,884,0,884
20232,A,골목상권,3110319,종암동주민센터,2991,1415,1576,221,242,335,326,479,1388,122,122,174,171,242,584,99,120,161,155,237,804,1909,0,1909
20232,A,골목상권,3110320,KB국민은행 종암동지점,925,476,449,119,123,153,116,169,245,70,64,93,59,73,117,49,59,60,57,96,128,477,0,477
20232,A,골목상권,3110321,동덕여대,214,110,104,19,36,50,24,31,54,9,15,28,12,18,28,10,21,22,12,13,26,133,0,133
20232,A,골목상권,3110322,장위1동주민센터,2307,1112,1195,286,310,340,327,409,635,137,153,174,169,189,290,149,157,166,158,220,345,1288,0,1288
20232,A,골목상권,3110323,상월곡역 1번,2012,932,1080,156,316,366,244,331,599,88,95,167,133,181,268,68,221,199,111,150,331,1417,0,1417
20232,A,골목상권,3110324,월곡역 4번,656,322,334,19,83,135,66,100,253,11,29,72,33,56,121,8,54,63,33,44,132,481,0,481
20232,A,골목상권,3110325,장곡초등학교,3172,1586,1586,340,377,418,412,554,1071,183,205,226,219,275,478,157,172,192,193,279,593,1632,0,1632
20232,A,골목상권,3110326,장위동성당,1545,751,794,194,221,164,221,289,456,101,112,87,109,142,200,93,109,77,112,147,256,597,0,597
20232,A,골목상권,3110327,상월곡역 2번,3612,1823,1789,338,425,453,506,639,1251,174,220,240,279,316,594,164,205,213,227,323,657,1591,0,1591
20232,A,골목상권,3110328,상월곡역 3번,1950,1014,936,153,200,272,306,302,717,80,112,150,176,161,335,73,88,122,130,141,382,1208,0,1208
20232,A,골목상권,3110329,우리은행체육관,2675,1343,1332,251,303,329,373,438,981,127,155,178,199,210,474,124,148,151,174,228,507,1219,0,1219
20232,A,골목상권,3110330,돌곶이역 1번,2045,1034,1011,196,234,271,280,361,703,97,122,147,152,190,326,99,112,124,128,171,377,928,0,928
20232,A,골목상권,3110331,돌곶이역 8번,3234,1588,1646,272,405,523,477,534,1023,155,197,266,239,261,470,117,208,257,238,273,553,1801,0,1801
20232,A,골목상권,3110332,돌곶이역 3번,743,398,345,63,71,95,121,140,253,30,38,52,65,81,132,33,33,43,56,59,121,481,0,481
20232,A,골목상권,3110333,돌곶이역 5번,1229,600,629,111,144,184,190,190,410,50,67,100,96,85,202,61,77,84,94,105,208,680,0,680
20232,A,골목상권,3110334,석관중앙교회,3034,1526,1508,247,350,395,387,542,1113,138,176,215,198,282,517,109,174,180,189,260,596,1359,0,1359
20232,A,골목상권,3110335,석계역 7번,4330,2201,2129,330,442,696,653,755,1454,176,225,356,355,367,722,154,217,340,298,388,732,2385,0,2385
20232,A,골목상권,3110336,석관고등학교,2293,1170,1123,179,264,320,305,428,797,95,144,177,164,204,386,84,120,143,141,224,411,1121,0,1121
20232,A,골목상권,3110337,아카데미하우스,2659,1286,1373,346,305,315,393,432,868,176,164,151,186,208,401,170,141,164,207,224,467,1196,0,1196
20232,A,골목상권,3110338,인수초등학교,2381,1195,1186,176,223,249,307,444,982,89,131,118,166,224,467,87,92,131,141,220,515,1213,0,1213
20232,A,골목상권,3110339,국립4.19민주묘지,15,7,8,0,1,0,2,2,10,0,1,0,2,0,4,0,0,0,0,2,6,20,0,20
20232,A,골목상권,3110340,인수중학교,1661,834,827,165,196,222,214,299,565,70,115,105,123,150,271,95,81,117,91,149,294,687,0,687
20232,A,골목상권,3110341,북한산우이역 2번,2263,1100,1163,223,247,259,284,397,853,115,132,124,152,191,386,108,115,135,132,206,467,988,0,988
20232,A,골목상권,3110342,국립재활원,2743,1329,1414,294,340,360,384,461,904,145,166,185,199,222,412,149,174,175,185,239,492,1187,0,1187
20232,A,골목상권,3110343,무너미어린이공원,4511,2169,2342,596,536,561,700,761,1357,298,265,270,366,355,615,298,271,291,334,406,742,1981,0,1981
20232,A,골목상권,3110344,화계중학교,1201,621,580,122,121,160,185,181,432,70,66,86,103,83,213,52,55,74,82,98,219,509,0,509
20232,A,골목상권,3110345,솔밭공원역 2번,2834,1383,1451,332,296,331,431,473,971,169,145,165,234,237,433,163,151,166,197,236,538,1405,0,1405
20232,A,골목상권,3110346,4.19민주묘지역 2번,1247,596,651,135,121,134,190,190,477,73,57,62,93,95,216,62,64,72,97,95,261,618,0,618
20232,A,골목상권,3110347,구세군강북종합사회복지관,1479,751,728,127,209,216,207,293,427,77,101,114,113,141,205,50,108,102,94,152,222,644,0,644
20232,A,골목상권,3110348,강북문화예술회관,4200,2029,2171,414,414,546,607,638,1581,204,217,274,312,324,698,210,197,272,295,314,883,1800,0,1800
20232,A,골목상권,3110349,화계역 2번,1028,512,516,112,104,143,161,173,335,71,56,63,95,85,142,41,48,80,66,88,193,511,0,511
20232,A,골목상권,3110350,가오리역 2번,2933,1444,1489,348,305,393,448,475,964,174,174,202,233,238,423,174,131,191,215,237,541,1299,0,1299
20232,A,골목상권,3110351,수유북부시장옆,3235,1578,1657,303,425,411,406,565,1125,158,216,199,227,270,508,145,209,212,179,295,617,1406,0,1406
20232,A,골목상권,3110352,수유1동주민센터,5051,2516,2535,550,562,608,791,804,1736,269,296,328,425,397,801,281,266,280,366,407,935,2418,0,2418
20232,A,골목상권,3110353,수유동우체국,2158,1076,1082,181,219,310,308,359,781,95,115,159,183,179,345,86,104,151,125,180,436,1100,0,1100
20232,A,골목상권,3110354,삼각산119안전센터,221,106,115,46,22,14,57,36,46,21,10,6,28,21,20,25,12,8,29,15,26,159,0,159
20232,A,골목상권,3110355,삼양사거리역 2번,3439,1718,1721,242,391,399,420,641,1346,130,200,220,229,339,600,112,191,179,191,302,746,1654,0,1654
20232,A,골목상권,3110356,덕수교,3110,1528,1582,275,423,390,454,521,1047,140,210,208,237,239,494,135,213,182,217,282,553,1631,0,1631
20232,A,골목상권,3110357,가오리역 1번,1747,900,847,155,190,203,258,306,635,71,114,122,139,154,300,84,76,81,119,152,335,809,0,809
20232,A,골목상권,3110358,인수동 우편취급국,3656,1798,1858,288,364,602,587,583,1232,141,188,313,314,302,540,147,176,289,273,281,692,1850,0,1850
20232,A,골목상권,3110359,수유시장옆,6671,3331,3340,584,679,1108,1022,1064,2214,306,381,569,561,503,1011,278,298,539,461,561,1203,3291,0,3291
20232,A,골목상권,3110360,수유초등학교,3937,1933,2004,376,413,636,594,608,1310,182,221,301,335,296,598,194,192,335,259,312,712,2172,0,2172
20232,A,골목상권,3110361,삼양사거리역 1번,2599,1318,1281,228,263,351,352,440,965,112,145,173,210,223,455,116,118,178,142,217,510,1292,0,1292
20232,A,골목상권,3110362,우이천 계성교,5208,2524,2684,522,563,728,787,860,1748,264,305,391,404,423,737,258,258,337,383,437,1011,2541,0,2541
20232,A,골목상권,3110363,송천동주민센터,1137,581,556,30,71,84,144,207,601,17,32,49,83,117,283,13,39,35,61,90,318,669,0,669
20232,A,골목상권,3110364,미아역 8번,4491,2231,2260,369,457,683,659,766,1557,200,241,372,337,380,701,169,216,311,322,386,856,2314,0,2314
20232,A,골목상권,3110365,미아역 5번,4908,2356,2552,438,508,707,779,830,1646,211,253,349,400,382,761,227,255,358,379,448,885,2432,0,2432
20232,A,골목상권,3110366,광산사거리,2163,1082,1081,167,223,329,316,359,769,85,112,170,177,187,351,82,111,159,139,172,418,1091,0,1091
20232,A,골목상권,3110367,강북구청,1918,914,1004,124,197,330,307,283,677,59,92,164,167,133,299,65,105,166,140,150,378,1041,0,1041
20232,A,골목상권,3110368,송천초등학교,4067,2046,2021,308,446,554,511,768,1480,159,240,309,270,388,680,149,206,245,241,380,800,1910,0,1910
20232,A,골목상권,3110369,성신여대운정그린캠퍼스,4494,2201,2293,326,499,715,628,706,1620,174,216,361,335,370,745,152,283,354,293,336,875,2544,0,2544
20232,A,골목상권,3110370,도봉세무서,3153,1560,1593,235,350,434,468,522,1144,119,185,229,242,255,530,116,165,205,226,267,614,1495,0,1495
20232,A,골목상권,3110371,삼양입구사거리,1716,858,858,98,189,258,207,321,643,50,103,122,118,164,301,48,86,136,89,157,342,930,0,930
20232,A,골목상권,3110372,강북중학교,2725,1350,1375,178,298,502,385,472,890,96,155,267,203,229,400,82,143,235,182,243,490,1632,0,1632
20232,A,골목상권,3110373,수유역 2번,3609,1745,1864,200,382,651,597,594,1185,104,175,320,317,295,534,96,207,331,280,299,651,2096,0,2096
20232,A,골목상권,3110374,송중초등학교,5837,2943,2894,471,612,806,856,1001,2091,238,328,446,469,504,958,233,284,360,387,497,1133,2617,0,2617
20232,A,골목상권,3110375,서울북부고용노동지청,2257,1129,1128,193,275,287,324,388,790,98,147,154,168,213,349,95,128,133,156,175,441,1138,0,1138
20232,A,골목상권,3110376,수송초등학교,8107,4028,4079,756,921,1181,1286,1342,2621,407,480,569,662,727,1183,349,441,612,624,615,1438,4334,0,4334
20232,A,골목상권,3110377,미아사거리역 3번,944,479,465,55,81,141,132,178,357,30,40,76,76,91,166,25,41,65,56,87,191,510,0,510
20232,A,골목상권,3110378,송중동주민센터,1918,970,948,158,216,286,287,320,651,89,120,151,147,161,302,69,96,135,140,159,349,982,0,982
20232,A,골목상권,3110379,KT&G 북부지사,1003,535,468,75,107,136,131,176,378,39,64,77,72,96,187,36,43,59,59,80,191,497,0,497
20232,A,골목상권,3110380,강북문화정보도서관,2622,1271,1351,262,313,330,419,444,854,135,162,169,225,204,376,127,151,161,194,240,478,1043,0,1043
20232,A,골목상권,3110381,번동주공2단지,1186,592,594,95,173,108,176,156,478,49,86,59,102,92,204,46,87,49,74,64,274,438,0,438
20232,A,골목상권,3110382,솔밭공원역 1번,670,322,348,83,98,89,115,99,186,44,47,45,58,53,75,39,51,44,57,46,111,376,0,376
20232,A,골목상권,3110383,덕성여대시반거리,614,285,329,75,72,78,103,92,194,44,32,26,48,44,91,31,40,52,55,48,103,358,0,358
20232,A,골목상권,3110384,문이교,1052,520,532,80,125,136,123,181,407,44,70,71,55,78,202,36,55,65,68,103,205,568,0,568
20232,A,골목상권,3110385,효문고등학교,1749,857,892,155,230,188,216,313,647,68,105,99,116,167,302,87,125,89,100,146,345,786,0,786
20232,A,골목상권,3110386,연산군묘,372,185,187,45,41,34,69,52,131,28,16,17,34,31,59,17,25,17,35,21,72,149,0,149
20232,A,골목상권,3110387,쌍문초등학교,5438,2707,2731,630,667,722,832,898,1689,315,350,381,428,445,788,315,317,341,404,453,901,2276,0,2276
20232,A,골목상권,3110388,도봉우체국,3076,1510,1566,367,333,433,539,474,930,191,166,226,277,221,429,176,167,207,262,253,501,1192,0,1192
20232,A,골목상권,3110389,한일병원,1010,497,513,63,108,168,165,156,350,32,56,81,90,75,163,31,52,87,75,81,187,561,0,561
20232,A,골목상권,3110390,방학초등학교,1396,686,710,147,193,184,184,262,426,77,102,99,86,121,201,70,91,85,98,141,225,746,0,746
20232,A,골목상권,3110391,샘말어린이공원,5239,2618,2621,587,694,664,757,871,1666,295,376,359,382,439,767,292,318,305,375,432,899,2152,0,2152
20232,A,골목상권,3110392,발바닥공원,171,83,88,17,25,22,24,38,45,7,12,12,11,19,22,10,13,10,13,19,23,53,0,53
20232,A,골목상권,3110393,국민은행방학지점,267,138,129,26,31,34,31,44,101,18,19,18,15,22,46,8,12,16,16,22,55,89,0,89
20232,A,골목상권,3110394,방학중학교,7266,3703,3563,664,865,881,1024,1352,2480,348,460,490,547,714,1144,316,405,391,477,638,1336,3411,0,3411
20232,A,골목상권,3110395,신한은행 방학동지점,1590,805,785,120,200,222,208,298,542,68,113,114,117,133,260,52,87,108,91,165,282,687,0,687
20232,A,골목상권,3110396,쌍문역1번(쌍리단길),2209,1064,1145,135,237,358,371,371,737,64,120,176,193,179,332,71,117,182,178,192,405,1149,0,1149
20232,A,골목상권,3110397,도봉산입구,8097,4064,4033,726,891,1015,1110,1246,3109,358,472,542,614,603,1475,368,419,473,496,643,1634,3609,0,3609
20232,A,골목상권,3110398,쌍문2동우체국,3261,1610,1651,338,384,543,495,502,999,192,180,277,263,238,460,146,204,266,232,264,539,1349,0,1349
20232,A,골목상권,3110399,창2동주민센터,8808,4307,4501,1194,1126,1201,1431,1533,2323,605,576,600,718,741,1067,589,550,601,713,792,1256,3469,0,3469
20232,A,골목상권,3110400,도봉구보건소,4140,2022,2118,447,472,589,595,661,1376,239,231,290,319,317,626,208,241,299,276,344,750,1925,0,1925
20232,A,골목상권,3110401,도봉구민회관,775,391,384,73,102,109,118,125,248,37,60,57,65,60,112,36,42,52,53,65,136,338,0,338
20232,A,골목상권,3110402,도봉구 정병원,2998,1506,1492,271,331,403,437,490,1066,149,180,213,225,252,487,122,151,190,212,238,579,1499,0,1499
20232,A,골목상권,3110403,방학1동주민센터,6580,3303,3277,523,753,872,890,1184,2358,269,402,465,480,614,1073,254,351,407,410,570,1285,3104,0,3104
20232,A,골목상권,3110404,신창초등학교,10836,5515,5321,1137,1355,1350,1554,1948,3492,610,722,726,831,984,1642,527,633,624,723,964,1850,4828,0,4828
20232,A,골목상권,3110405,방학역 1번,7456,3813,3643,582,894,907,1070,1315,2688,307,469,462,596,680,1299,275,425,445,474,635,1389,3425,0,3425
20232,A,골목상권,3110406,도봉산역 1번,1518,785,733,121,142,204,221,229,601,58,75,98,126,132,296,63,67,106,95,97,305,780,0,780
20232,A,골목상권,3110407,도봉역 2번,6902,3562,3340,474,728,874,922,1259,2645,241,408,467,509,653,1284,233,320,407,413,606,1361,3354,0,3354
20232,A,골목상권,3110408,가인초등학교,817,386,431,103,125,129,105,154,201,52,62,66,50,64,92,51,63,63,55,90,109,649,0,649
20232,A,골목상권,3110409,창동역 2번,2979,1490,1489,262,366,482,427,522,920,138,191,243,220,246,452,124,175,239,207,276,468,1286,0,1286
20232,A,골목상권,3110410,방학역 2번,2578,1346,1232,175,258,454,412,441,838,96,130,239,237,226,418,79,128,215,175,215,420,1650,0,1650
20232,A,골목상권,3110411,도봉역 3번,1676,883,793,174,170,197,212,261,662,95,91,113,133,140,311,79,79,84,79,121,351,768,0,768
20232,A,골목상권,3110412,창동중학교,382,189,193,48,56,59,58,61,100,20,33,32,28,24,52,28,23,27,30,37,48,154,0,154
20232,A,골목상권,3110413,누원고등학교,772,370,402,119,81,86,122,115,249,59,40,44,59,57,111,60,41,42,63,58,138,1047,0,1047
20232,A,골목상권,3110414,장석교회,1149,582,567,135,154,138,176,177,369,73,78,79,87,95,170,62,76,59,89,82,199,465,0,465
20232,A,골목상권,3110415,수락산역 4번,5231,2638,2593,543,671,747,762,909,1599,275,363,419,380,440,761,268,308,328,382,469,838,2328,0,2328
20232,A,골목상권,3110416,노원초등학교,2601,1251,1350,321,398,336,378,477,691,151,210,161,179,218,332,170,188,175,199,259,359,920,0,920
20232,A,골목상권,3110417,월계역 3번,958,506,452,66,111,131,142,153,355,39,59,66,86,82,174,27,52,65,56,71,181,590,0,590
20232,A,골목상권,3110418,광운대학교 남단,1590,891,699,99,265,310,181,221,514,49,158,208,109,113,254,50,107,102,72,108,260,824,0,824
20232,A,골목상권,3110419,수락산디자인거리,3256,1582,1674,303,397,494,442,530,1090,161,200,256,206,248,511,142,197,238,236,282,579,1365,0,1365
20232,A,골목상권,3110420,광운대역 1번,1358,778,580,107,287,247,161,185,371,52,174,183,86,109,174,55,113,64,75,76,197,856,0,856
20232,A,골목상권,3110421,석계역 1번,1483,779,704,94,139,191,206,231,622,50,83,106,114,135,291,44,56,85,92,96,331,735,0,735
20232,A,골목상권,3110422,노원역 9번,1005,489,516,124,138,135,177,174,257,62,65,65,89,85,123,62,73,70,88,89,134,354,0,354
20232,A,골목상권,3110423,석계역 2번,547,260,287,108,40,75,81,79,164,47,17,33,43,40,80,61,23,42,38,39,84,229,0,229
20232,A,골목상권,3110424,상계초등학교,3092,1569,1523,265,435,445,419,531,997,130,239,215,227,257,501,135,196,230,192,274,496,1378,0,1378
20232,A,골목상권,3110425,계상초등학교,3869,1906,1963,354,503,487,546,646,1333,178,259,261,280,322,606,176,244,226,266,324,727,1627,0,1627
20232,A,골목상권,3110426,상계2동주민센터,4253,2093,2160,286,503,652,571,746,1495,147,251,339,319,365,672,139,252,313,252,381,823,2202,0,2202
20232,A,골목상권,3110427,노원 을지대학교병원,640,320,320,66,95,103,64,122,190,33,52,60,32,58,85,33,43,43,32,64,105,216,0,216
20232,A,골목상권,3110428,상계5동주민센터,9414,4650,4764,780,1110,1172,1288,1624,3440,379,585,620,680,807,1579,401,525,552,608,817,1861,4351,0,4351
20232,A,골목상권,3110429,공릉동 국수거리,5140,2545,2595,481,549,1094,873,678,1465,235,268,537,487,332,686,246,281,557,386,346,779,2470,0,2470
20232,A,골목상권,3110430,중계초등학교,66,32,34,1,13,4,11,18,19,0,7,3,5,8,9,1,6,1,6,10,10,25,0,25
20232,A,골목상권,3110431,상계역,910,492,418,80,120,114,113,172,311,34,71,63,63,95,166,46,49,51,50,77,145,466,0,466
20232,A,골목상권,3110432,대진고등학교,1926,946,980,227,340,288,201,360,510,118,179,147,91,158,253,109,161,141,110,202,257,906,0,906
20232,A,골목상권,3110433,공릉역 2번,4427,2292,2135,316,730,1004,564,578,1235,160,357,589,330,267,589,156,373,415,234,311,646,2643,0,2643
20232,A,골목상권,3110434,태릉입구역 4번,1746,874,872,154,166,382,255,262,527,75,68,195,154,131,251,79,98,187,101,131,276,862,0,862
20232,A,골목상권,3110435,서울과학기술대,266,131,135,21,49,40,38,43,75,11,21,18,19,23,39,10,28,22,19,20,36,146,0,146
20232,A,골목상권,3110436,상계제일중학교,1370,676,694,126,245,171,176,283,369,54,130,108,83,133,168,72,115,63,93,150,201,633,0,633
20232,A,골목상권,3110437,당고개역 2번,1563,800,763,100,142,177,213,265,666,59,68,99,124,141,309,41,74,78,89,124,357,823,0,823
20232,A,골목상권,3110438,경춘선숲길 우측,3249,1746,1503,268,722,663,429,411,756,157,380,401,236,204,368,111,342,262,193,207,388,2292,0,2292
20232,A,골목상권,3110439,당고개역 5번,4557,2268,2289,392,543,545,628,815,1634,216,298,286,343,414,711,176,245,259,285,401,923,1835,0,1835
20232,A,골목상권,3110440,상계3동4동주민센터,1943,1010,933,178,208,253,285,312,707,102,113,145,167,160,323,76,95,108,118,152,384,750,0,750
20232,A,골목상권,3110441,영신여고,2426,1171,1255,333,441,233,348,499,572,164,221,112,150,253,271,169,220,121,198,246,301,856,0,856
20232,A,골목상권,3110442,화랑대철도공원,328,112,216,39,98,56,31,44,60,19,19,12,17,19,26,20,79,44,14,25,34,234,0,234
20232,A,골목상권,3110443,수색역 1번,14,9,5,0,0,0,3,3,8,0,0,0,3,2,4,0,0,0,0,1,4,12,0,12
20232,A,골목상권,3110444,수색성당,595,296,299,76,55,75,104,82,203,35,33,40,54,39,95,41,22,35,50,43,108,219,0,219
20232,A,골목상권,3110445,덕산중학교,1544,756,788,188,190,197,238,238,493,85,102,100,131,118,220,103,88,97,107,120,273,716,0,716
20232,A,골목상권,3110446,내를건너서숲으로도서관,1379,646,733,130,150,178,221,228,472,60,67,91,111,109,208,70,83,87,110,119,264,936,0,936
20232,A,골목상권,3110447,구산초등학교,1543,744,799,182,178,219,253,217,494,89,92,107,131,110,215,93,86,112,122,107,279,758,0,758
20232,A,골목상권,3110448,상신초등학교입구,2590,1319,1271,317,313,349,416,461,734,164,178,204,219,226,328,153,135,145,197,235,406,1145,0,1145
20232,A,골목상권,3110449,증산역 3번,5484,2684,2800,579,601,729,812,880,1883,316,300,375,392,450,851,263,301,354,420,430,1032,2367,0,2367
20232,A,골목상권,3110450,시립서북병원,8809,4214,4595,1080,1114,1195,1456,1453,2511,521,554,575,723,686,1155,559,560,620,733,767,1356,3281,0,3281
20232,A,골목상권,3110451,증산역 4번,5672,2807,2865,546,641,784,856,935,1910,270,326,398,448,459,906,276,315,386,408,476,1004,2491,0,2491
20232,A,골목상권,3110452,새절역 3번,2660,1325,1335,236,286,402,414,387,935,120,155,202,228,189,431,116,131,200,186,198,504,1375,0,1375
20232,A,골목상권,3110453,신사1동주민센터,8614,4195,4419,862,919,1313,1528,1363,2629,439,508,632,791,641,1184,423,411,681,737,722,1445,3890,0,3890
20232,A,골목상권,3110454,선정중학교,6292,2990,3302,773,808,842,1141,988,1740,390,378,405,596,483,738,383,430,437,545,505,1002,2535,0,2535
20232,A,골목상권,3110455,역촌노인복지관,8351,4010,4341,1018,951,1142,1498,1392,2350,499,471,540,763,689,1048,519,480,602,735,703,1302,3763,0,3763
20232,A,골목상권,3110456,구산보건지소,8243,3966,4277,1027,1064,1103,1397,1409,2243,518,527,537,717,681,986,509,537,566,680,728,1257,3437,0,3437
20232,A,골목상권,3110457,예일여고,4391,2071,2320,436,578,625,687,778,1287,220,263,302,339,353,594,216,315,323,348,425,693,1882,0,1882
20232,A,골목상권,3110458,선일여고,5649,2711,2938,640,869,846,833,985,1476,333,450,404,411,441,672,307,419,442,422,544,804,2329,0,2329
20232,A,골목상권,3110459,응암역 2번,4912,2315,2597,661,579,627,889,791,1365,323,306,291,429,368,598,338,273,336,460,423,767,2094,0,2094
20232,A,골목상권,3110460,구산역 4번,5531,2689,2842,629,717,751,903,960,1571,330,367,372,469,458,693,299,350,379,434,502,878,2394,0,2394
20232,A,골목상권,3110461,새절역 2번,1773,835,938,163,179,291,287,261,592,89,95,138,136,126,251,74,84,153,151,135,341,880,0,880
20232,A,골목상권,3110462,갈현건영아파트,6346,3133,3213,555,797,851,876,1086,2181,303,426,448,464,531,961,252,371,403,412,555,1220,2879,0,2879
20232,A,골목상권,3110463,응암3동주민센터,2226,1083,1143,160,205,304,312,426,819,85,112,153,170,208,355,75,93,151,142,218,464,1236,0,1236
20232,A,골목상권,3110464,연신내역 5번,4084,1940,2144,417,528,625,669,679,1166,229,268,274,355,308,506,188,260,351,314,371,660,2154,0,2154
20232,A,골목상권,3110465,연신내역 7번,2589,1225,1364,251,296,460,404,398,780,121,151,222,210,181,340,130,145,238,194,217,440,1335,0,1335
20232,A,골목상권,3110466,구산역 2번,4374,2093,2281,482,491,598,708,707,1388,250,237,293,360,345,608,232,254,305,348,362,780,1938,0,1938
20232,A,골목상권,3110467,은평요양병원,1109,543,566,109,103,176,177,152,392,58,52,84,100,71,178,51,51,92,77,81,214,776,0,776
20232,A,골목상권,3110468,응암역 3번,12111,5748,6363,1485,1360,1675,2186,1950,3455,749,693,747,1084,942,1533,736,667,928,1102,1008,1922,5100,0,5100
20232,A,골목상권,3110469,응암정보도서관,7458,3707,3751,589,882,938,974,1306,2769,296,472,518,505,665,1251,293,410,420,469,641,1518,3710,0,3710
20232,A,골목상권,3110470,신진과학기술고등학교,2018,961,1057,343,193,290,389,298,505,167,102,134,185,152,221,176,91,156,204,146,284,971,0,971
20232,A,골목상권,3110471,응암동우체국,4124,2054,2070,346,484,510,600,731,1453,172,262,265,325,367,663,174,222,245,275,364,790,2292,0,2292
20232,A,골목상권,3110472,연신내역 4번,5473,2569,2904,524,568,931,914,829,1707,237,268,446,452,394,772,287,300,485,462,435,935,2742,0,2742
20232,A,골목상권,3110473,구산역 1번,9899,4707,5192,1129,1098,1330,1670,1647,3025,546,540,662,843,781,1335,583,558,668,827,866,1690,4409,0,4409
20232,A,골목상권,3110474,세명컴퓨터고등학교,4603,2302,2301,396,525,736,700,739,1507,199,284,387,386,350,696,197,241,349,314,389,811,2247,0,2247
20232,A,골목상권,3110475,백련산해모로아파트,3424,1656,1768,457,385,438,608,538,998,232,196,213,302,269,444,225,189,225,306,269,554,1420,0,1420
20232,A,골목상권,3110476,역촌역 2번,1270,592,678,122,130,213,197,221,387,64,52,104,94,106,172,58,78,109,103,115,215,591,0,591
20232,A,골목상권,3110477,은평세무서,3132,1489,1643,372,318,421,517,493,1011,180,165,196,258,235,455,192,153,225,259,258,556,1409,0,1409
20232,A,골목상권,3110478,응암1동주민센터,3246,1546,1700,357,363,378,511,572,1065,184,176,190,252,284,460,173,187,188,259,288,605,1584,0,1584
20232,A,골목상권,3110479,연신내역 2번,3962,1955,2007,292,411,548,541,675,1495,167,228,292,278,316,674,125,183,256,263,359,821,1915,0,1915
20232,A,골목상권,3110480,연신내역 3번,3157,1492,1665,275,313,546,511,459,1053,137,163,270,267,201,454,138,150,276,244,258,599,1554,0,1554
20232,A,골목상권,3110481,불광역 7번,3327,1596,1731,285,350,677,573,490,952,166,158,300,311,235,426,119,192,377,262,255,526,1750,0,1750
20232,A,골목상권,3110482,연신초등학교,1593,789,804,121,182,209,208,314,559,61,99,104,109,151,265,60,83,105,99,163,294,780,0,780
20232,A,골목상권,3110483,연천초등학교,3404,1599,1805,320,416,476,495,595,1102,148,205,227,257,282,480,172,211,249,238,313,622,1585,0,1585
20232,A,골목상권,3110484,역촌역 3번,8280,4024,4256,887,773,1113,1406,1323,2778,436,403,569,724,681,1211,451,370,544,682,642,1567,4081,0,4081
20232,A,골목상권,3110485,연신내우체국,2599,1237,1362,280,257,341,386,426,909,138,129,171,199,208,392,142,128,170,187,218,517,1231,0,1231
20232,A,골목상권,3110486,은평구청,1966,990,976,270,187,285,361,306,557,156,102,127,193,164,248,114,85,158,168,142,309,931,0,931
20232,A,골목상권,3110487,불광역 8번,291,147,144,19,28,27,39,46,132,13,16,13,20,23,62,6,12,14,19,23,70,200,0,200
20232,A,골목상권,3110488,우리은행응암동지점,3057,1459,1598,370,299,407,508,499,974,189,147,211,259,235,418,181,152,196,249,264,556,1384,0,1384
20232,A,골목상권,3110489,불광역 3번,1329,613,716,105,103,232,205,183,501,54,51,113,103,86,206,51,52,119,102,97,295,709,0,709
20232,A,골목상권,3110490,녹번동근린공원,5238,2575,2663,538,575,705,867,847,1706,295,289,389,445,414,743,243,286,316,422,433,963,2447,0,2447
20232,A,골목상권,3110491,불광중학교,1436,705,731,155,156,161,222,224,518,78,86,81,121,103,236,77,70,80,101,121,282,651,0,651
20232,A,골목상권,3110492,하나고등학교,144,72,72,14,21,6,18,32,53,9,11,5,8,17,22,5,10,1,10,15,31,227,0,227
20232,A,골목상권,3110493,북가좌초등학교,1505,758,747,163,139,214,209,227,553,89,74,107,117,121,250,74,65,107,92,106,303,613,0,613
20232,A,골목상권,3110494,증산3교남측,868,427,441,97,91,130,122,149,279,46,43,64,60,75,139,51,48,66,62,74,140,363,0,363
20232,A,골목상권,3110495,북가좌2동주민센터,6502,3141,3361,701,667,883,1134,1004,2113,360,352,418,581,478,952,341,315,465,553,526,1161,3036,0,3036
20232,A,골목상권,3110496,모래내우체국,2178,1065,1113,237,231,314,330,326,740,127,108,158,168,172,332,110,123,156,162,154,408,967,0,967
20232,A,골목상권,3110497,가좌역 3번,31,14,17,3,2,4,2,4,16,2,0,3,1,2,6,1,2,1,1,2,10,135,0,135
20232,A,골목상권,3110498,증산역 1번,3569,1761,1808,311,364,531,587,535,1241,152,204,284,305,267,549,159,160,247,282,268,692,1638,0,1638
20232,A,골목상권,3110499,연가초등학교,6430,3205,3225,711,971,909,994,1132,1713,368,502,499,496,546,794,343,469,410,498,586,919,2724,0,2724
20232,A,골목상권,3110500,남가좌동현대아파트,772,372,400,174,77,106,147,100,168,77,43,51,82,44,75,97,34,55,65,56,93,247,0,247
20232,A,골목상권,3110501,연희어린이공원,1522,758,764,91,152,304,213,229,533,51,80,155,114,104,254,40,72,149,99,125,279,664,0,664
20232,A,골목상권,3110502,남가좌파출소,3808,1878,1930,364,410,529,566,600,1339,190,219,267,301,322,579,174,191,262,265,278,760,1922,0,1922
20232,A,골목상권,3110503,명지대학교교회,5162,2592,2570,441,749,956,713,822,1481,231,345,537,350,432,697,210,404,419,363,390,784,2865,0,2865
20232,A,골목상권,3110504,명지전문대,207,101,106,26,34,20,31,40,56,14,14,14,12,23,24,12,20,6,19,17,32,99,0,99
20232,A,골목상권,3110505,홍남교남측,227,121,106,15,33,26,32,50,71,7,19,15,22,26,32,8,14,11,10,24,39,77,0,77
20232,A,골목상권,3110506,연희임광아파트,582,260,322,57,46,161,127,77,114,24,19,74,58,40,45,33,27,87,69,37,69,354,0,354
20232,A,골목상권,3110507,명지대학교,6854,3335,3519,624,833,1122,970,1117,2188,311,396,595,495,547,991,313,437,527,475,570,1197,3598,0,3598
20232,A,골목상권,3110508,서연중학교,2270,1105,1165,304,223,282,355,352,754,150,124,145,162,168,356,154,99,137,193,184,398,949,0,949
20232,A,골목상권,3110509,연희대우아파트앞,3724,1745,1979,272,370,1238,612,432,800,147,156,573,303,216,350,125,214,665,309,216,450,2210,0,2210
20232,A,골목상권,3110510,홍연시장,1178,609,569,95,129,147,147,195,465,47,71,92,78,111,210,48,58,55,69,84,255,511,0,511
20232,A,골목상권,3110511,연희초등학교,5399,2802,2597,360,693,1944,779,582,1041,182,352,1139,379,280,470,178,341,805,400,302,571,3984,0,3984
20232,A,골목상권,3110512,연희지하차도,3384,1639,1745,316,412,468,503,568,1117,163,218,243,256,273,486,153,194,225,247,295,631,1743,0,1743
20232,A,골목상권,3110513,연희파출소,1052,493,559,139,110,191,183,159,270,67,49,86,88,83,120,72,61,105,95,76,150,489,0,489
20232,A,골목상권,3110514,서대문우체국,2136,1081,1055,82,297,888,251,195,423,45,140,479,137,90,190,37,157,409,114,105,233,1583,0,1583
20232,A,골목상권,3110515,홍은중학교,2507,1210,1297,253,315,310,376,414,839,133,148,158,194,200,377,120,167,152,182,214,462,1163,0,1163
20232,A,골목상권,3110516,정원여중,1230,587,643,109,143,176,184,233,385,43,76,89,92,114,173,66,67,87,92,119,212,468,0,468
20232,A,골목상권,3110517,서대문소방서,969,465,504,196,127,139,135,158,214,109,62,61,61,72,100,87,65,78,74,86,114,430,0,430
20232,A,골목상권,3110518,서대문구청,557,256,301,68,69,73,80,97,170,30,34,33,37,46,76,38,35,40,43,51,94,242,0,242
20232,A,골목상권,3110519,서대문구보건소별관,4078,1910,2168,516,474,523,604,638,1323,223,237,264,310,315,561,293,237,259,294,323,762,1696,0,1696
20232,A,골목상권,3110520,경의중앙 신촌역,1512,713,799,58,223,479,202,170,380,33,86,245,101,94,154,25,137,234,101,76,226,1101,0,1101
20232,A,골목상권,3110521,홍제역 4번,1021,502,519,73,102,145,157,162,382,40,59,72,77,79,175,33,43,73,80,83,207,490,0,490
20232,A,골목상권,3110522,홍제역 3번,1411,646,765,128,164,163,220,223,513,59,84,81,112,101,209,69,80,82,108,122,304,654,0,654
20232,A,골목상권,3110523,홍제성원아파트,575,281,294,49,76,72,77,82,219,24,33,38,40,38,108,25,43,34,37,44,111,227,0,227
20232,A,골목상권,3110524,연희세브란스병원,216,94,122,27,21,70,37,17,44,14,4,30,16,10,20,13,17,40,21,7,24,174,0,174
20232,A,골목상권,3110525,홍은종합사회복지관,415,196,219,50,44,33,71,71,146,25,22,15,34,35,65,25,22,18,37,36,81,251,0,251
20232,A,골목상권,3110526,봉원사,1129,503,626,114,140,338,134,135,268,60,45,137,61,69,131,54,95,201,73,66,137,773,0,773
20232,A,골목상권,3110527,홍제역 2번,1705,820,885,123,172,276,189,301,644,65,90,136,93,150,286,58,82,140,96,151,358,993,0,993
20232,A,골목상권,3110528,서울여자간호대학교,1349,677,672,129,160,160,176,254,470,77,79,88,100,128,205,52,81,72,76,126,265,711,0,711
20232,A,골목상권,3110529,홍제3동주민센터,3657,1771,1886,258,389,461,482,633,1434,125,196,237,282,312,619,133,193,224,200,321,815,1765,0,1765
20232,A,골목상권,3110530,아현역 1번,288,144,144,16,23,47,46,40,116,8,8,28,25,22,53,8,15,19,21,18,63,169,0,169
20232,A,골목상권,3110531,홍지문,460,229,231,29,69,88,57,69,148,14,36,46,30,41,62,15,33,42,27,28,86,228,0,228
20232,A,골목상권,3110532,아현역 2번,2224,1049,1175,159,221,313,332,404,795,74,107,166,179,212,311,85,114,147,153,192,484,1212,0,1212
20232,A,골목상권,3110533,충정로역 7번,1174,606,568,53,121,195,178,216,411,28,64,113,92,119,190,25,57,82,86,97,221,650,0,650
20232,A,골목상권,3110534,경기대학교,1726,845,881,141,205,283,205,286,606,63,96,154,109,154,269,78,109,129,96,132,337,871,0,871
20232,A,골목상권,3110535,영천시장입구,1441,663,778,144,149,180,215,230,523,81,76,85,100,122,199,63,73,95,115,108,324,726,0,726
20232,A,골목상권,3110536,돈의문센트레빌아파트입구,750,392,358,36,81,143,107,146,237,15,47,72,60,76,122,21,34,71,47,70,115,399,0,399
20232,A,골목상권,3110537,충정로현대아파트,760,352,408,85,67,209,123,95,181,33,30,96,55,53,85,52,37,113,68,42,96,607,0,607
20232,A,골목상권,3110538,충정로역 3번,313,159,154,14,30,80,62,37,90,4,16,46,33,21,39,10,14,34,29,16,51,297,0,297
20232,A,골목상권,3110539,미근동,512,263,249,24,34,137,66,67,184,13,21,70,40,34,85,11,13,67,26,33,99,314,0,314
20232,A,골목상권,3110540,망원나들목체육관,3204,1642,1562,407,327,495,604,504,867,212,181,251,314,279,405,195,146,244,290,225,462,1320,0,1320
20232,A,골목상권,3110541,동교초등학교,4956,2368,2588,662,534,739,925,773,1323,318,265,343,445,384,613,344,269,396,480,389,710,2229,0,2229
20232,A,골목상권,3110542,마포구청역 7번,5409,2639,2770,654,573,920,1017,855,1390,334,315,425,504,431,630,320,258,495,513,424,760,2483,0,2483
20232,A,골목상권,3110543,중암중학교,1093,532,561,132,141,180,158,194,288,70,74,97,68,98,125,62,67,83,90,96,163,493,0,493
20232,A,골목상권,3110544,망리단길,13911,6611,7300,1411,1456,2574,2519,2165,3786,739,711,1181,1247,1069,1664,672,745,1393,1272,1096,2122,6618,0,6618
20232,A,골목상권,3110545,마포구청역 1번,2474,1057,1417,230,246,708,526,320,444,108,99,255,223,161,211,122,147,453,303,159,233,3987,0,3987
20232,A,골목상권,3110546,양화대교북단,2927,1427,1500,292,271,679,561,378,746,133,134,341,289,184,346,159,137,338,272,194,400,1357,0,1357
20232,A,골목상권,3110547,KB국민은행 망원동지점,2759,1298,1461,327,302,420,454,446,810,159,156,180,227,222,354,168,146,240,227,224,456,1165,0,1165
20232,A,골목상권,3110548,마포구청역 4번,2818,1341,1477,261,296,537,546,451,727,141,155,248,263,216,318,120,141,289,283,235,409,1437,0,1437
20232,A,골목상권,3110549,새터산,2754,1349,1405,334,319,432,446,453,770,167,161,214,224,238,345,167,158,218,222,215,425,1262,0,1262
20232,A,골목상권,3110550,합정역 8번,6202,2844,3358,614,625,1406,1227,837,1493,287,268,593,625,405,666,327,357,813,602,432,827,3047,0,3047
20232,A,골목상권,3110551,성서초등학교,4480,2137,2343,639,528,633,853,786,1041,315,277,278,397,388,482,324,251,355,456,398,559,1840,0,1840
20232,A,골목상권,3110552,성미산체육관,2104,1010,1094,190,214,342,339,378,641,91,106,162,165,180,306,99,108,180,174,198,335,1133,0,1133
20232,A,골목상권,3110553,가좌역 2번,3229,1595,1634,276,357,485,515,556,1040,158,169,244,252,299,473,118,188,241,263,257,567,1770,0,1770
20232,A,골목상권,3110554,망원역 1번,4497,2051,2446,354,414,906,893,682,1248,171,197,373,418,332,560,183,217,533,475,350,688,2550,0,2550
20232,A,골목상권,3110555,홍익지구대,261,124,137,17,24,59,53,43,65,13,10,22,30,20,29,4,14,37,23,23,36,130,0,130
20232,A,골목상권,3110556,절두산순교성지,1314,629,685,100,126,257,234,190,407,53,71,114,127,77,187,47,55,143,107,113,220,540,0,540
20232,A,골목상권,3110557,홍대부속여중고앞,3595,1650,1945,351,321,747,789,555,832,168,158,331,382,248,363,183,163,416,407,307,469,1775,0,1775
20232,A,골목상권,3110558,경성고등학교,8634,4138,4496,815,880,1547,1561,1342,2489,405,479,729,779,651,1095,410,401,818,782,691,1394,4349,0,4349
20232,A,골목상권,3110559,성산중학교,2954,1362,1592,229,302,676,555,424,768,122,142,287,276,206,329,107,160,389,279,218,439,1347,0,1347
20232,A,골목상권,3110560,마포FM,1685,797,888,155,160,366,339,234,431,84,62,172,167,115,197,71,98,194,172,119,234,874,0,874
20232,A,골목상권,3110561,상수역 4번,2572,1243,1329,140,266,677,540,338,611,71,112,354,284,156,266,69,154,323,256,182,345,1379,0,1379
20232,A,골목상권,3110562,연트럴파크(연남동주민센터),3257,1535,1722,373,291,677,658,434,824,197,148,314,323,200,353,176,143,363,335,234,471,1601,0,1601
20232,A,골목상권,3110563,상수역 3번,765,369,396,62,73,245,139,84,162,37,32,112,72,41,75,25,41,133,67,43,87,453,0,453
20232,A,골목상권,3110564,홍대입구역 3번,767,360,407,57,56,204,174,96,180,31,26,103,78,47,75,26,30,101,96,49,105,398,0,398
20232,A,골목상권,3110565,홍익대,1663,824,839,89,278,550,235,229,282,44,115,323,115,104,123,45,163,227,120,125,159,1065,0,1065
20232,A,골목상권,3110566,경의선책거리,2138,995,1143,135,238,623,394,284,464,73,95,295,188,145,199,62,143,328,206,139,265,1223,0,1223
20232,A,골목상권,3110567,광흥창역 6번,321,136,185,21,36,97,47,35,85,5,15,38,24,17,37,16,21,59,23,18,48,202,0,202
20232,A,골목상권,3110568,광흥창역 1번,350,185,165,54,44,46,59,73,74,31,26,26,30,39,33,23,18,20,29,34,41,150,0,150
20232,A,골목상권,3110569,홍대땡땡거리,2009,986,1023,102,207,651,335,232,482,59,97,316,177,122,215,43,110,335,158,110,267,1348,0,1348
20232,A,골목상권,3110570,KB국민은행 서강지점,556,262,294,120,34,79,124,80,119,60,16,35,62,35,54,60,18,44,62,45,65,255,0,255
20232,A,골목상권,3110571,신수동주민센터,2470,1210,1260,243,265,357,403,391,811,121,139,199,203,201,347,122,126,158,200,190,464,1172,0,1172
20232,A,골목상권,3110572,서강대역 1번,2863,1504,1359,166,370,804,424,392,707,91,185,468,227,217,316,75,185,336,197,175,391,1946,0,1946
20232,A,골목상권,3110573,신촌역 6번,209,114,95,16,23,73,34,22,41,11,13,41,13,15,21,5,10,32,21,7,20,143,0,143
20232,A,골목상권,3110574,서강대학교,166,92,74,13,11,40,30,26,46,6,5,27,16,17,21,7,6,13,14,9,25,107,0,107
20232,A,골목상권,3110575,대흥동주민센터,2817,1400,1417,159,282,548,392,423,1013,78,124,302,214,234,448,81,158,246,178,189,565,1876,0,1876
20232,A,골목상권,3110576,대흥역 3번,1224,606,618,121,118,167,211,176,431,68,56,84,104,90,204,53,62,83,107,86,227,592,0,592
20232,A,골목상권,3110577,용강동주민센터,828,388,440,100,101,113,142,144,228,52,41,56,69,70,100,48,60,57,73,74,128,472,0,472
20232,A,골목상권,3110578,대흥역 2번,2888,1450,1438,216,322,375,384,515,1076,115,180,204,201,267,483,101,142,171,183,248,593,1618,0,1618
20232,A,골목상권,3110579,마포역 4번,849,451,398,66,79,227,144,115,218,42,40,119,82,64,104,24,39,108,62,51,114,469,0,469
20232,A,골목상권,3110580,양원초등학교,1415,709,706,68,184,326,175,202,460,40,96,171,104,97,201,28,88,155,71,105,259,824,0,824
20232,A,골목상권,3110581,염리초등학교,319,163,156,99,12,29,102,34,43,57,7,14,47,19,19,42,5,15,55,15,24,99,0,99
20232,A,골목상권,3110582,이대역 5번,1676,792,884,69,237,362,225,249,534,34,87,182,109,117,263,35,150,180,116,132,271,1021,0,1021
20232,A,골목상권,3110583,공덕래미안3차아파트,185,87,98,13,22,47,31,27,45,6,8,24,15,17,17,7,14,23,16,10,28,111,0,111
20232,A,골목상권,3110584,아현역 4번,101,60,41,6,4,16,11,18,46,4,2,6,4,14,30,2,2,10,7,4,16,39,0,39
20232,A,골목상권,3110585,마포경찰서,247,124,123,61,16,60,57,22,31,40,7,19,35,10,13,21,9,41,22,12,18,93,0,93
20232,A,골목상권,3110586,서울서부지방법원,1395,660,735,59,87,390,298,222,339,34,31,149,140,130,176,25,56,241,158,92,163,1165,0,1165
20232,A,골목상권,3110587,공덕동주민센터,2632,1277,1355,177,206,454,413,463,919,82,104,224,209,240,418,95,102,230,204,223,501,2427,0,2427
20232,A,골목상권,3110588,한겨레신문사,2918,1389,1529,235,338,470,482,516,877,118,160,215,246,259,391,117,178,255,236,257,486,1569,0,1569
20232,A,골목상권,3110589,애오개역 3번,1922,945,977,132,253,291,216,324,706,66,132,166,120,156,305,66,121,125,96,168,401,847,0,847
20232,A,골목상권,3110591,충정로역 6번,2504,1244,1260,173,252,361,348,396,974,85,130,197,187,210,435,88,122,164,161,186,539,1150,0,1150
20232,A,골목상권,3110592,서울금융고등학교,1460,730,730,127,205,220,193,256,459,71,102,115,100,131,211,56,103,105,93,125,248,565,0,565
20232,A,골목상권,3110593,신월3동주민센터,7506,4034,3472,567,754,932,1064,1436,2753,286,367,518,610,850,1403,281,387,414,454,586,1350,3863,0,3863
20232,A,골목상권,3110594,신월중학교,3509,1725,1784,570,426,463,631,549,870,289,227,224,320,257,408,281,199,239,311,292,462,1263,0,1263
20232,A,골목상권,3110595,메디힐병원,6049,2972,3077,602,718,874,909,1044,1902,304,352,438,475,518,885,298,366,436,434,526,1017,2719,0,2719
20232,A,골목상권,3110596,서서울호수공원,3809,1912,1897,462,457,553,597,653,1087,246,235,291,315,306,519,216,222,262,282,347,568,1587,0,1587
20232,A,골목상권,3110597,신월1동주민센터,6370,3302,3068,573,692,862,977,1067,2199,304,359,454,554,545,1086,269,333,408,423,522,1113,3070,0,3070
20232,A,골목상권,3110598,신월문화체육센터,3560,1744,1816,360,397,474,513,591,1225,168,218,258,277,290,533,192,179,216,236,301,692,1385,0,1385
20232,A,골목상권,3110599,신월1파출소,4594,2377,2217,507,530,587,689,808,1473,270,281,316,373,427,710,237,249,271,316,381,763,1946,0,1946
20232,A,골목상권,3110600,신월7동주민센터,5360,2643,2717,407,651,744,736,923,1899,203,332,389,390,468,861,204,319,355,346,455,1038,2225,0,2225
20232,A,골목상권,3110601,신월1동우편취급국,6682,3457,3225,701,725,927,1123,1137,2069,338,383,501,631,576,1028,363,342,426,492,561,1041,3198,0,3198
20232,A,골목상권,3110602,신월시영아파트중문,1603,808,795,107,215,195,210,271,605,51,118,108,116,138,277,56,97,87,94,133,328,632,0,632
20232,A,골목상권,3110603,지향초등학교,349,173,176,73,41,34,41,62,98,39,16,19,21,31,47,34,25,15,20,31,51,133,0,133
20232,A,골목상권,3110604,신월4동주민센터,7161,3539,3622,1192,785,844,1312,1043,1985,598,394,420,667,523,937,594,391,424,645,520,1048,2626,0,2626
20232,A,골목상권,3110605,목동센트럴아이파크앞,1132,555,577,135,142,158,171,177,349,68,75,93,75,84,160,67,67,65,96,93,189,531,0,531
20232,A,골목상권,3110606,신한은행 신월동지점,7141,3474,3667,939,853,903,1159,1137,2150,475,442,443,570,535,1009,464,411,460,589,602,1141,2708,0,2708
20232,A,골목상권,3110607,금빛새마을금고본점,964,500,464,100,109,133,148,145,329,53,68,73,80,78,148,47,41,60,68,67,181,389,0,389
20232,A,골목상권,3110608,신월2동주민센터,9298,4679,4619,1153,1080,1235,1484,1486,2860,587,572,639,774,732,1375,566,508,596,710,754,1485,3561,0,3561
20232,A,골목상권,3110609,신정네거리역 2번,2309,1139,1170,258,272,371,367,363,678,131,138,198,187,166,319,127,134,173,180,197,359,1086,0,1086
20232,A,골목상권,3110610,계남근린공원,3055,1575,1480,234,381,397,442,538,1063,128,210,214,246,272,505,106,171,183,196,266,558,1428,0,1428
20232,A,골목상권,3110611,신정역 1번,4821,2376,2445,546,540,709,873,718,1435,279,276,348,452,340,681,267,264,361,421,378,754,2098,0,2098
20232,A,골목상권,3110612,신정역 5번,8575,4209,4366,888,943,1285,1453,1353,2653,470,475,641,767,635,1221,418,468,644,686,718,1432,4006,0,4006
20232,A,골목상권,3110613,신정네거리역 4번,525,252,273,48,78,50,73,99,177,20,45,26,30,53,78,28,33,24,43,46,99,254,0,254
20232,A,골목상권,3110614,목동로데오거리,2453,1175,1278,306,223,398,420,344,762,136,124,202,212,153,348,170,99,196,208,191,414,1053,0,1053
20232,A,골목상권,3110615,신서초등학교,1139,555,584,175,179,133,170,217,265,97,89,71,78,97,123,78,90,62,92,120,142,385,0,385
20232,A,골목상권,3110616,양목초등학교,977,471,506,145,113,145,209,151,214,71,61,64,116,69,90,74,52,81,93,82,124,361,0,361
20232,A,골목상권,3110617,등촌역 4번,2491,1160,1331,272,255,453,416,360,735,136,137,201,224,155,307,136,118,252,192,205,428,1192,0,1192
20232,A,골목상권,3110618,강서고등학교,6476,3213,3263,733,1030,902,1002,1222,1587,370,605,459,507,561,711,363,425,443,495,661,876,2696,0,2696
20232,A,골목상권,3110619,목4동주민센터,1406,674,732,150,187,221,210,240,398,82,103,109,95,109,176,68,84,112,115,131,222,633,0,633
20232,A,골목상권,3110620,목동보건지소,8846,4409,4437,1187,1466,1115,1339,1730,2009,617,844,557,624,843,924,570,622,558,715,887,1085,3458,0,3458
20232,A,골목상권,3110621,목동역 5번,779,367,412,115,133,96,121,153,161,61,62,42,50,78,74,54,71,54,71,75,87,253,0,253
20232,A,골목상권,3110622,달마을공원,4212,2032,2180,429,476,907,719,607,1074,210,245,428,389,267,493,219,231,479,330,340,581,1886,0,1886
20232,A,골목상권,3110623,갈산공원,202,97,105,46,18,29,39,23,47,26,11,13,16,9,22,20,7,16,23,14,25,64,0,64
20232,A,골목상권,3110624,목동문화체육센터,2611,1278,1333,321,386,372,421,494,617,164,219,186,211,226,272,157,167,186,210,268,345,922,0,922
20232,A,골목상권,3110625,신정2동주민센터,3574,1774,1800,454,633,363,468,814,842,237,340,172,203,412,410,217,293,191,265,402,432,1261,0,1261
20232,A,골목상권,3110626,양화초등학교,6664,3188,3476,720,643,1490,1212,918,1681,374,348,677,620,414,755,346,295,813,592,504,926,3118,0,3118
20232,A,골목상권,3110627,신정롯데캐슬아파트,2534,1263,1271,266,393,325,338,506,706,136,218,172,161,246,330,130,175,153,177,260,376,1036,0,1036
20232,A,골목상권,3110628,신목동역,1474,750,724,174,158,326,250,227,339,99,86,148,137,114,166,75,72,178,113,113,173,706,0,706
20232,A,골목상권,3110629,송정역 4번,955,467,488,55,92,227,150,114,317,27,36,114,83,55,152,28,56,113,67,59,165,529,0,529
20232,A,골목상권,3110630,공항시장역 1번,5954,2910,3044,484,576,1243,857,882,1912,237,264,619,449,451,890,247,312,624,408,431,1022,3565,0,3565
20232,A,골목상권,3110631,방화초등학교,3603,1793,1810,478,404,489,573,608,1051,258,214,227,300,318,476,220,190,262,273,290,575,1654,0,1654
20232,A,골목상권,3110632,방화역 3번,1548,745,803,144,189,246,203,256,510,68,88,128,99,123,239,76,101,118,104,133,271,723,0,723
20232,A,골목상권,3110633,개화산역 1번,395,203,192,35,51,52,50,78,129,14,22,29,28,44,66,21,29,23,22,34,63,228,0,228
20232,A,골목상권,3110634,송정역 3번,8166,4182,3984,926,777,1430,1427,1234,2372,492,370,761,779,648,1132,434,407,669,648,586,1240,4417,0,4417
20232,A,골목상권,3110635,공항시장역 3번,3190,1622,1568,319,350,455,447,482,1137,167,185,242,238,258,532,152,165,213,209,224,605,1395,0,1395
20232,A,골목상권,3110636,방화역 2번,1290,649,641,185,116,208,232,171,378,93,68,94,111,100,183,92,48,114,121,71,195,563,0,563
20232,A,골목상권,3110637,송정역 2번,1930,977,953,176,214,320,281,307,632,86,119,160,155,157,300,90,95,160,126,150,332,1002,0,1002
20232,A,골목상권,3110638,신방화역 2번,5376,2740,2636,637,554,840,913,814,1618,327,297,439,492,419,766,310,257,401,421,395,852,2781,0,2781
20232,A,골목상권,3110639,신방화역 8번,3143,1576,1567,289,379,421,452,507,1095,145,195,214,247,255,520,144,184,207,205,252,575,1435,0,1435
20232,A,골목상권,3110640,방화역 1번,2336,1135,1201,218,200,479,442,360,637,112,85,178,241,211,308,106,115,301,201,149,329,1575,0,1575
20232,A,골목상권,3110641,공항고등학교,1547,785,762,219,159,221,282,241,425,121,80,114,136,121,213,98,79,107,146,120,212,651,0,651
20232,A,골목상권,3110642,정곡초등학교,829,406,423,134,80,116,151,118,230,63,39,62,79,48,115,71,41,54,72,70,115,329,0,329
20232,A,골목상권,3110643,강서구다솔마을,2448,1285,1163,290,206,355,515,396,686,156,107,185,293,209,335,134,99,170,222,187,351,1152,0,1152
20232,A,골목상권,3110644,신광명마을,813,402,411,104,85,102,136,133,253,54,44,52,69,74,109,50,41,50,67,59,144,407,0,407
20232,A,골목상권,3110645,우장산역 4번,7298,3471,3827,1035,1294,801,1135,1426,1607,505,600,394,526,707,739,530,694,407,609,719,868,2826,0,2826
20232,A,골목상권,3110646,푸른들청소년도서관,9126,4439,4687,947,1049,1502,1400,1419,2809,488,529,747,710,665,1300,459,520,755,690,754,1509,3861,0,3861
20232,A,골목상권,3110647,화곡역 5번,9384,4554,4830,1168,877,1617,1869,1341,2512,584,435,777,970,644,1144,584,442,840,899,697,1368,4116,0,4116
20232,A,골목상권,3110648,양천향교역 7번,1356,587,769,9,171,730,302,92,52,5,40,285,177,51,29,4,131,445,125,41,23,3656,0,3656
20232,A,골목상권,3110649,우장산역 1번,3107,1461,1646,521,491,372,535,574,614,244,220,190,234,282,291,277,271,182,301,292,323,1242,0,1242
20232,A,골목상권,3110650,우장산힐스테이트,884,415,469,148,118,94,151,154,219,73,52,43,67,79,101,75,66,51,84,75,118,310,0,310
20232,A,골목상권,3110651,화원중학교,6065,3010,3055,728,674,931,1072,915,1745,370,356,469,565,440,810,358,318,462,507,475,935,2783,0,2783
20232,A,골목상권,3110652,양천향교역 2번,1472,771,701,150,173,294,234,217,404,84,93,153,139,107,195,66,80,141,95,110,209,1193,0,1193
20232,A,골목상권,3110653,화곡역 2번,4682,2237,2445,437,429,852,822,629,1513,241,217,407,424,281,667,196,212,445,398,348,846,1528,0,1528
20232,A,골목상권,3110654,까치산역 4번,12767,6301,6466,1306,1303,2319,2197,1944,3698,665,655,1183,1166,938,1694,641,648,1136,1031,1006,2004,5977,0,5977
20232,A,골목상권,3110655,발산역 5번,1111,542,569,158,139,152,216,178,268,79,66,82,106,84,125,79,73,70,110,94,143,479,0,479
20232,A,골목상권,3110656,까치산역 3번,8787,4484,4303,684,617,2353,1770,1050,2313,307,294,1205,1027,557,1094,377,323,1148,743,493,1219,5966,0,5966
20232,A,골목상권,3110657,양천향교역 5번,962,470,492,73,111,206,184,145,243,41,58,96,99,67,109,32,53,110,85,78,134,1125,0,1125
20232,A,골목상권,3110658,화곡초등학교,3509,1765,1744,285,326,876,715,476,831,151,155,461,390,247,361,134,171,415,325,229,470,1821,0,1821
20232,A,골목상권,3110659,화곡역 4번,21341,10459,10882,3078,2295,3346,4280,3161,5181,1586,1133,1668,2235,1577,2260,1492,1162,1678,2045,1584,2921,8411,0,8411
20232,A,골목상권,3110660,등촌3동주민센터,1635,818,817,136,177,275,196,238,613,68,96,146,107,118,283,68,81,129,89,120,330,968,0,968
20232,A,골목상권,3110661,강서새말어린이공원,1462,716,746,200,160,193,291,238,380,100,81,97,150,113,175,100,79,96,141,125,205,660,0,660
20232,A,골목상권,3110662,까치산역 1번,13489,6575,6914,1612,1334,2120,2590,1941,3892,796,708,1024,1358,938,1751,816,626,1096,1232,1003,2141,5837,0,5837
20232,A,골목상권,3110663,우장산롯데캐슬아파트앞,1571,766,805,182,188,252,276,259,414,97,101,109,141,120,198,85,87,143,135,139,216,642,0,642
20232,A,골목상권,3110664,강서구청옆,672,328,344,122,64,102,147,67,170,68,36,44,80,28,72,54,28,58,67,39,98,240,0,240
20232,A,골목상권,3110665,곰달래도서관,5926,2957,2969,674,500,941,1062,839,1910,352,255,478,552,432,888,322,245,463,510,407,1022,2504,0,2504
20232,A,골목상권,3110666,KC대학교,2040,1034,1006,209,220,311,308,326,666,108,120,159,171,178,298,101,100,152,137,148,368,861,0,861
20232,A,골목상권,3110667,가양역 10번,593,252,341,41,56,103,91,83,219,20,28,38,46,38,82,21,28,65,45,45,137,380,0,380
20232,A,골목상권,3110668,화곡2동주민센터,9692,4732,4960,1393,1007,1410,1926,1484,2472,724,541,695,947,721,1104,669,466,715,979,763,1368,3863,0,3863
20232,A,골목상권,3110669,화곡보람2차아파트,775,378,397,104,83,139,174,112,163,51,48,61,90,53,75,53,35,78,84,59,88,371,0,371
20232,A,골목상권,3110670,신곡초등학교,8201,4004,4197,1204,981,1113,1506,1352,2045,595,500,579,753,652,925,609,481,534,753,700,1120,3183,0,3183
20232,A,골목상권,3110671,등촌1동주민센터,5933,2914,3019,735,571,1340,1102,795,1390,413,287,596,570,392,656,322,284,744,532,403,734,3888,0,3888
20232,A,골목상권,3110672,백석중학교,3285,1674,1611,394,467,497,497,592,838,213,269,272,255,275,390,181,198,225,242,317,448,1424,0,1424
20232,A,골목상권,3110673,뜸부기어린이공원,4489,2216,2273,435,396,765,779,623,1491,209,213,399,414,296,685,226,183,366,365,327,806,2099,0,2099
20232,A,골목상권,3110674,강서구청가양동별관,161,84,77,9,13,15,33,42,49,3,7,9,21,18,26,6,6,6,12,24,23,124,0,124
20232,A,골목상권,3110675,화곡4동주민센터,7877,3873,4004,861,882,1258,1385,1221,2270,447,448,655,732,589,1002,414,434,603,653,632,1268,3535,0,3535
20232,A,골목상권,3110676,등촌역 7번,3643,1728,1915,460,404,731,699,532,817,239,202,319,356,246,366,221,202,412,343,286,451,1562,0,1562
20232,A,골목상권,3110677,등촌역 1번,933,475,458,151,110,129,177,143,223,84,55,68,83,76,109,67,55,61,94,67,114,889,0,889
20232,A,골목상권,3110678,염창무학아파트,965,478,487,138,101,200,146,120,260,75,53,97,79,55,119,63,48,103,67,65,141,610,0,610
20232,A,골목상권,3110679,염창역 2번,774,348,426,61,60,241,160,102,150,26,23,94,85,49,71,35,37,147,75,53,79,667,0,667
20232,A,골목상권,3110680,온수역 5번(온수산업단지),1694,857,837,197,117,248,330,239,563,112,62,118,180,129,256,85,55,130,150,110,307,761,0,761
20232,A,골목상권,3110681,온수역 1번,182,95,87,15,12,36,40,13,66,12,3,18,22,6,34,3,9,18,18,7,32,84,0,84
20232,A,골목상권,3110682,온수역 8번,1003,489,514,126,107,121,168,144,337,62,54,56,82,75,160,64,53,65,86,69,177,433,0,433
20232,A,골목상권,3110683,오류고등학교,1603,800,803,231,222,201,253,258,438,126,119,96,130,131,198,105,103,105,123,127,240,646,0,646
20232,A,골목상권,3110684,서울공연예술고등학교,1392,673,719,158,193,187,213,232,409,76,110,94,103,108,182,82,83,93,110,124,227,602,0,602
20232,A,골목상권,3110685,금강수목원아파트,214,104,110,31,23,23,41,36,60,13,13,11,19,21,27,18,10,12,22,15,33,82,0,82
20232,A,골목상권,3110686,수궁동주민센터,4719,2323,2396,584,541,631,789,766,1408,290,302,312,405,372,642,294,239,319,384,394,766,2114,0,2114
20232,A,골목상권,3110687,"천왕역 3번(오류2동주민센터, 서울오류남초등학교)",631,317,314,77,81,72,122,94,185,39,38,38,69,48,85,38,43,34,53,46,100,244,0,244
20232,A,골목상권,3110688,오류지구대,2559,1261,1298,285,297,366,404,384,823,161,145,180,214,190,371,124,152,186,190,194,452,1254,0,1254
20232,A,골목상권,3110689,오류동역 3번,3159,1565,1594,335,340,450,490,501,1043,159,168,218,263,265,492,176,172,232,227,236,551,1637,0,1637
20232,A,골목상권,3110690,오류2동버들시장,5289,2640,2649,599,481,741,860,824,1784,313,260,348,481,411,827,286,221,393,379,413,957,2555,0,2555
20232,A,골목상권,3110691,개봉중학교,3182,1606,1576,312,393,423,485,534,1035,140,225,224,258,275,484,172,168,199,227,259,551,1362,0,1362
20232,A,골목상권,3110692,큰굴다리,1611,837,774,137,185,206,223,257,603,66,90,106,125,145,305,71,95,100,98,112,298,1025,0,1025
20232,A,골목상권,3110693,오류동역 4번,689,363,326,23,57,283,162,58,106,14,27,136,98,32,56,9,30,147,64,26,50,599,0,599
20232,A,골목상권,3110694,세곡초등학교,7183,3589,3594,671,906,961,988,1334,2323,314,507,470,517,680,1101,357,399,491,471,654,1222,3369,0,3369
20232,A,골목상권,3110695,개봉1동주민센터,5758,2949,2809,437,610,675,771,1004,2261,207,327,360,423,527,1105,230,283,315,348,477,1156,2950,0,2950
20232,A,골목상권,3110696,오류동역 1번,3472,1753,1719,367,352,501,607,554,1091,190,179,247,335,272,530,177,173,254,272,282,561,1590,0,1590
20232,A,골목상권,3110697,개봉3동주민센터,2743,1359,1384,333,329,374,486,452,769,166,158,193,278,212,352,167,171,181,208,240,417,1313,0,1313
20232,A,골목상권,3110698,개웅초등학교(개웅중학교),6663,3271,3392,725,843,893,1051,1127,2024,365,447,468,519,547,925,360,396,425,532,580,1099,2850,0,2850
20232,A,골목상권,3110699,덕의초등학교,1776,892,884,218,205,210,283,318,542,120,101,109,147,162,253,98,104,101,136,156,289,759,0,759
20232,A,골목상권,3110700,고척초등학교,3390,1713,1677,364,414,412,529,557,1114,183,217,222,291,281,519,181,197,190,238,276,595,1605,0,1605
20232,A,골목상권,3110701,고척동성당,1041,506,535,109,107,209,188,125,303,56,49,103,100,54,144,53,58,106,88,71,159,570,0,570
20232,A,골목상권,3110702,개봉초등학교,2019,977,1042,302,185,283,378,284,587,156,97,142,188,124,270,146,88,141,190,160,317,1101,0,1101
20232,A,골목상권,3110703,개봉역,2024,1001,1023,225,184,291,384,283,657,112,89,145,196,148,311,113,95,146,188,135,346,966,0,966
20232,A,골목상권,3110704,고척중학교,109,67,42,0,26,43,13,18,9,0,14,23,11,14,5,0,12,20,2,4,4,87,0,87
20232,A,골목상권,3110705,고산초등학교,551,270,281,78,100,104,105,79,85,45,54,56,52,28,35,33,46,48,53,51,50,287,0,287
20232,A,골목상권,3110706,그라운드 고척,530,295,235,28,49,95,84,81,193,18,25,54,49,49,100,10,24,41,35,32,93,408,0,408
20232,A,골목상권,3110707,구로창업지원센터,2357,1220,1137,196,261,334,320,359,887,88,140,186,173,202,431,108,121,148,147,157,456,1038,0,1038
20232,A,골목상권,3110708,화원어린이공원,1359,690,669,116,100,240,238,207,458,70,48,114,137,115,206,46,52,126,101,92,252,765,0,765
20232,A,골목상권,3110709,구로119안전센터,2908,1482,1426,217,270,371,402,578,1070,98,140,194,240,303,507,119,130,177,162,275,563,1413,0,1413
20232,A,골목상권,3110710,남구로역 3번,6572,3472,3100,419,579,713,850,1211,2800,230,308,383,499,672,1380,189,271,330,351,539,1420,3012,0,3012
20232,A,골목상권,3110711,구로초등학교,4335,2137,2198,379,464,496,571,792,1633,184,234,243,298,434,744,195,230,253,273,358,889,2056,0,2056
20232,A,골목상권,3110712,남구로역 5번,6148,3078,3070,481,695,811,891,1061,2209,252,416,441,464,510,995,229,279,370,427,551,1214,2382,0,2382
20232,A,골목상권,3110713,구로보건소,7582,3801,3781,713,778,1197,1146,1282,2466,342,409,586,620,671,1173,371,369,611,526,611,1293,3672,0,3672
20232,A,골목상권,3110714,구로4동주민센터,4887,2451,2436,465,431,558,725,915,1793,230,228,268,398,502,825,235,203,290,327,413,968,2250,0,2250
20232,A,골목상권,3110715,구로구민회관,1084,560,524,87,123,122,138,202,412,45,70,67,78,102,198,42,53,55,60,100,214,460,0,460
20232,A,골목상권,3110716,구로나눔길,815,414,401,61,83,87,102,156,326,33,38,44,59,91,149,28,45,43,43,65,177,434,0,434
20232,A,골목상권,3110717,남구로역 2번,8335,4343,3992,660,796,971,1249,1549,3110,327,411,512,709,860,1524,333,385,459,540,689,1586,4187,0,4187
20232,A,골목상권,3110718,한국SGI본부,2758,1278,1480,163,279,943,447,346,580,83,103,390,230,172,300,80,176,553,217,174,280,1911,0,1911
20232,A,골목상권,3110719,영서중학교,391,176,215,65,39,48,69,58,112,30,13,28,32,26,47,35,26,20,37,32,65,227,0,227
20232,A,골목상권,3110720,대림역 2번,2822,1404,1418,225,249,352,396,513,1087,110,135,182,212,259,506,115,114,170,184,254,581,1199,0,1199
20232,A,골목상권,3110721,가리봉파출소,2589,1348,1241,195,228,467,414,541,744,98,116,259,230,278,367,97,112,208,184,263,377,1654,0,1654
20232,A,골목상권,3110722,G타워,3967,2182,1785,64,207,2349,800,246,301,38,63,1243,518,162,158,26,144,1106,282,84,143,3378,0,3378
20232,A,골목상권,3110723,가산디지털단지역 1번 출입구,903,466,437,51,76,131,137,164,344,17,40,78,76,88,167,34,36,53,61,76,177,540,0,540
20232,A,골목상권,3110724,금천구립가산도서관,2731,1679,1052,154,190,1009,506,367,505,76,90,651,353,231,278,78,100,358,153,136,227,2068,0,2068
20232,A,골목상권,3110725,가산동주민센터,1069,613,456,13,39,367,184,204,262,4,11,170,108,148,172,9,28,197,76,56,90,1752,0,1752
20232,A,골목상권,3110726,금천철쭉어린이공원(금하마을),2030,1029,1001,187,265,253,304,404,617,89,124,145,175,204,292,98,141,108,129,200,325,884,0,884
20232,A,골목상권,3110727,독산역 1번 출입구,858,463,395,94,48,228,177,107,204,47,25,132,104,46,109,47,23,96,73,61,95,771,0,771
20232,A,골목상권,3110728,두산초등학교,1428,797,631,93,118,584,258,150,225,48,42,327,175,89,116,45,76,257,83,61,109,1123,0,1123
20232,A,골목상권,3110729,가산동우체국,2732,1576,1156,94,227,915,468,399,629,48,81,524,319,266,338,46,146,391,149,133,291,2268,0,2268
20232,A,골목상권,3110730,서울축산농협 독산역지점(독산파출소),2024,1150,874,185,181,452,340,314,552,100,93,268,215,194,280,85,88,184,125,120,272,1728,0,1728
20232,A,골목상권,3110731,금천구청역 1번 출입구,1175,594,581,160,92,240,268,170,245,83,44,115,140,91,121,77,48,125,128,79,124,662,0,662
20232,A,골목상권,3110732,가산초등학교(세일중학교),2396,1296,1100,144,191,699,342,364,656,74,76,367,213,223,343,70,115,332,129,141,313,1961,0,1961
20232,A,골목상권,3110733,금천어울림복지센터,284,144,140,17,30,81,44,35,77,6,16,40,28,14,40,11,14,41,16,21,37,309,0,309
20232,A,골목상권,3110734,금천파출소,208,118,90,14,10,23,28,41,92,8,5,15,16,33,41,6,5,8,12,8,51,210,0,210
20232,A,골목상권,3110736,독산119안전센터,5078,2522,2556,514,540,726,770,927,1601,243,256,383,377,472,791,271,284,343,393,455,810,2240,0,2240
20232,A,골목상권,3110737,금천세무서,2339,1213,1126,174,242,426,328,431,738,83,141,208,179,229,373,91,101,218,149,202,365,1467,0,1467
20232,A,골목상권,3110738,문성초등학교,3587,1805,1782,233,369,384,442,756,1403,119,189,209,219,408,661,114,180,175,223,348,742,2045,0,2045
20232,A,골목상권,3110739,시흥3동 우편취급국,305,157,148,14,48,47,27,61,108,7,27,27,13,31,52,7,21,20,14,30,56,129,0,129
20232,A,골목상권,3110740,금천해태공원,5596,2822,2774,514,613,767,772,985,1945,254,318,413,422,508,907,260,295,354,350,477,1038,2696,0,2696
20232,A,골목상권,3110741,독산2동주민센터,3979,2022,1957,359,478,602,537,789,1214,170,262,327,284,391,588,189,216,275,253,398,626,1857,0,1857
20232,A,골목상권,3110742,KT금천빌딩(금천구시설관리공단),225,111,114,16,26,20,36,49,78,6,16,10,21,22,36,10,10,10,15,27,42,125,0,125
20232,A,골목상권,3110743,시흥초등학교(시흥1동우체국),4739,2391,2348,468,531,640,663,873,1564,250,290,336,351,451,713,218,241,304,312,422,851,2100,0,2100
20232,A,골목상권,3110744,독산동성당,9027,4576,4451,743,1048,1166,1252,1809,3009,363,536,639,666,930,1442,380,512,527,586,879,1567,4148,0,4148
20232,A,골목상권,3110745,독산동정훈단지,3025,1549,1476,247,380,390,383,647,978,125,201,218,202,336,467,122,179,172,181,311,511,1509,0,1509
20232,A,골목상권,3110746,금천금빛공원(은행나무사거리서측),1705,833,872,129,205,220,232,330,589,65,98,108,124,165,273,64,107,112,108,165,316,882,0,882
20232,A,골목상권,3110747,석수역 1번 출입구,1088,544,544,98,100,162,144,149,435,43,57,84,87,66,207,55,43,78,57,83,228,442,0,442
20232,A,골목상권,3110748,백산초등학교,2000,1012,988,176,206,260,316,338,704,92,118,154,144,173,331,84,88,106,172,165,373,978,0,978
20232,A,골목상권,3110749,금산초등학교(금천고등학교),5178,2588,2590,603,548,725,788,788,1726,288,291,380,412,394,823,315,257,345,376,394,903,2009,0,2009
20232,A,골목상권,3110750,시흥4동주민센터(서울신흥초등학교),5109,2598,2511,474,530,608,736,924,1837,241,268,314,413,495,867,233,262,294,323,429,970,2417,0,2417
20232,A,골목상권,3110751,난곡중학교,5859,2920,2939,502,633,844,861,1082,1937,246,336,419,475,542,902,256,297,425,386,540,1035,2857,0,2857
20232,A,골목상권,3110752,한울중학교,6605,3294,3311,685,792,918,924,1205,2081,357,410,472,470,609,976,328,382,446,454,596,1105,2845,0,2845
20232,A,골목상권,3110753,시흥동 은행나무사거리,7155,3629,3526,676,859,897,952,1225,2546,357,440,476,514,635,1207,319,419,421,438,590,1339,3427,0,3427
20232,A,골목상권,3110754,삼성산자연공원(서울금천초등학교),4570,2256,2314,482,533,625,574,824,1532,260,256,345,289,409,697,222,277,280,285,415,835,2625,0,2625
20232,A,골목상권,3110755,동일여자고등학교,1546,786,760,174,207,169,221,306,469,80,106,98,116,163,223,94,101,71,105,143,246,643,0,643
20232,A,골목상권,3110756,문래중학교,2567,1274,1293,411,194,678,703,267,314,217,86,312,380,134,145,194,108,366,323,133,169,1406,0,1406
20232,A,골목상권,3110757,양평역 2번,1494,812,682,57,145,436,271,238,347,28,71,235,169,152,157,29,74,201,102,86,190,1565,0,1565
20232,A,골목상권,3110758,문래소공원,1219,601,618,242,125,196,275,182,199,128,55,90,140,98,90,114,70,106,135,84,109,686,0,686
20232,A,골목상권,3110759,문래예술촌(문래창작촌),1455,814,641,170,70,341,265,183,426,95,32,179,170,120,218,75,38,162,95,63,208,744,0,744
20232,A,골목상권,3110760,선유도역 6번,964,492,472,127,99,221,181,112,224,66,54,114,103,57,98,61,45,107,78,55,126,600,0,600
20232,A,골목상권,3110761,문래동남성맨션,25,16,9,0,0,2,6,0,17,0,0,1,4,0,11,0,0,1,2,0,6,14,0,14
20232,A,골목상권,3110762,선유도역 1번,10608,5340,5268,1338,1012,2473,1896,1447,2442,667,501,1178,1017,777,1200,671,511,1295,879,670,1242,5787,0,5787
20232,A,골목상권,3110763,영등포구청역 2번,1021,514,507,141,77,202,201,125,275,77,32,99,105,66,135,64,45,103,96,59,140,702,0,702
20232,A,골목상권,3110764,문래역 3번,56,33,23,1,4,29,7,6,9,1,2,15,3,5,7,0,2,14,4,1,2,68,0,68
20232,A,골목상권,3110765,문래동사거리,122,66,56,7,6,13,21,13,62,4,3,10,14,9,26,3,3,3,7,4,36,58,0,58
20232,A,골목상권,3110766,대림역 5번,2819,1434,1385,238,241,428,422,500,990,125,128,240,226,258,457,113,113,188,196,242,533,1295,0,1295
20232,A,골목상권,3110767,도림동주민센터,944,505,439,48,56,135,115,194,396,22,32,69,66,116,200,26,24,66,49,78,196,623,0,623
20232,A,골목상권,3110768,도림2동유수지내체육시설,1403,676,727,105,111,525,265,139,258,59,55,218,138,72,134,46,56,307,127,67,124,873,0,873
20232,A,골목상권,3110769,대림차이나타운(대림역 12번),973,464,509,80,84,90,139,180,400,40,49,44,59,86,186,40,35,46,80,94,214,397,0,397
20232,A,골목상권,3110770,영등포구청역 6번,1717,813,904,119,165,362,239,259,573,51,80,165,130,142,245,68,85,197,109,117,328,1223,0,1223
20232,A,골목상권,3110771,대림역 11번,859,428,431,52,62,76,139,183,347,22,35,36,68,100,167,30,27,40,71,83,180,476,0,476
20232,A,골목상권,3110772,신우어린이공원,1357,704,653,138,158,207,207,245,402,76,85,123,92,133,195,62,73,84,115,112,207,568,0,568
20232,A,골목상권,3110773,당산역 13번,139,61,78,6,14,35,34,23,27,3,4,14,13,14,13,3,10,21,21,9,14,111,0,111
20232,A,골목상권,3110774,당산반도유보라팰리스아파트,1173,570,603,82,99,470,216,115,191,50,46,216,114,48,96,32,53,254,102,67,95,935,0,935
20232,A,골목상권,3110775,대동초등학교,925,466,459,75,80,114,119,174,363,47,42,64,58,85,170,28,38,50,61,89,193,402,0,402
20232,A,골목상권,3110776,도신초등학교,3951,2025,1926,377,499,489,532,763,1291,180,287,260,290,393,615,197,212,229,242,370,676,1527,0,1527
20232,A,골목상권,3110777,구로세무서,161,121,40,2,7,6,14,25,107,2,4,2,11,20,82,0,3,4,3,5,25,110,0,110
20232,A,골목상권,3110778,구로디지털단지역 4번,4386,2156,2230,343,409,570,573,769,1722,163,210,299,305,382,797,180,199,271,268,387,925,2361,0,2361
20232,A,골목상권,3110779,대림갑을명가아파트,337,167,170,24,30,27,49,64,143,13,16,12,27,37,62,11,14,15,22,27,81,171,0,171
20232,A,골목상권,3110780,신길대성유니드아파트,3774,1920,1854,407,398,438,592,655,1284,228,209,238,318,342,585,179,189,200,274,313,699,1539,0,1539
20232,A,골목상권,3110781,대림한신아파트,3804,1931,1873,342,465,477,506,684,1330,167,242,278,292,336,616,175,223,199,214,348,714,1609,0,1609
20232,A,골목상권,3110782,영등포시장역 4번,524,283,241,31,44,202,97,52,98,19,19,116,54,29,46,12,25,86,43,23,52,565,0,565
20232,A,골목상권,3110783,영등포시장역 1번,822,451,371,87,63,105,123,141,303,45,28,59,66,84,169,42,35,46,57,57,134,430,0,430
20232,A,골목상권,3110784,신대림초등학교,1161,579,582,98,121,179,173,190,400,42,61,94,96,102,184,56,60,85,77,88,216,558,0,558
20232,A,골목상권,3110785,영등포푸르지오아파트,3762,1908,1854,333,354,486,568,682,1339,172,193,250,309,352,632,161,161,236,259,330,707,1778,0,1778
20232,A,골목상권,3110786,당산역 8번,2123,1085,1038,169,191,582,336,277,568,89,96,305,183,148,264,80,95,277,153,129,304,1368,0,1368
20232,A,골목상권,3110787,신길3동주민센터,3666,1877,1789,276,391,432,497,743,1327,146,211,229,267,398,626,130,180,203,230,345,701,1757,0,1757
20232,A,골목상권,3110788,영등포시장역 3번,29,14,15,0,0,3,6,3,17,0,0,1,4,1,8,0,0,2,2,2,9,170,0,170
20232,A,골목상권,3110789,대림성모병원,1863,931,932,140,175,283,277,319,669,69,93,140,147,172,310,71,82,143,130,147,359,977,0,977
20232,A,골목상권,3110790,대림1동주민센터,3498,1717,1781,257,393,497,461,615,1275,140,210,266,230,295,576,117,183,231,231,320,699,1933,0,1933
20232,A,골목상권,3110791,신풍역 3번,237,125,112,28,18,32,53,28,78,14,13,12,30,15,41,14,5,20,23,13,37,95,0,95
20232,A,골목상권,3110792,영등포역 2번,4329,2212,2117,330,351,736,623,750,1539,173,189,393,342,387,728,157,162,343,281,363,811,2228,0,2228
20232,A,골목상권,3110793,대림썬프라자,9,5,4,0,0,3,0,1,5,0,0,1,0,1,3,0,0,2,0,0,2,1,0,1
20232,A,골목상권,3110794,영동초등학교,2865,1276,1589,144,184,1530,521,203,283,76,79,578,281,115,147,68,105,952,240,88,136,2698,0,2698
20232,A,골목상권,3110795,도림초등학교,1969,978,991,181,196,230,235,356,771,93,110,116,121,180,358,88,86,114,114,176,413,1053,0,1053
20232,A,골목상권,3110796,한림대학교한강성심병원,888,503,385,61,70,279,167,103,208,33,35,142,101,75,117,28,35,137,66,28,91,945,0,945
20232,A,골목상권,3110797,KT대방빌딩,282,143,139,26,21,38,43,42,112,13,12,20,23,23,52,13,9,18,20,19,60,110,0,110
20232,A,골목상권,3110798,신풍역 2번,628,329,299,87,54,94,97,105,191,48,32,52,49,50,98,39,22,42,48,55,93,265,0,265
20232,A,골목상권,3110799,영등포본동주민센터,657,312,345,46,72,107,79,114,239,19,35,59,41,50,108,27,37,48,38,64,131,348,0,348
20232,A,골목상권,3110800,영등포동성당,589,366,223,12,29,264,96,61,127,5,14,175,65,47,60,7,15,89,31,14,67,680,0,680
20232,A,골목상권,3110801,신풍역 6번(신길6동공영주차장),249,128,121,20,19,29,31,40,110,9,11,17,15,24,52,11,8,12,16,16,58,108,0,108
20232,A,골목상권,3110802,신길동홍어거리,1321,639,682,107,145,185,177,240,467,54,80,94,89,119,203,53,65,91,88,121,264,742,0,742
20232,A,골목상권,3110803,신길2동우편취급국,2778,1427,1351,191,250,411,389,419,1118,99,141,224,210,226,527,92,109,187,179,193,591,1531,0,1531
20232,A,골목상권,3110804,신풍역 1번,2096,1012,1084,163,198,362,290,322,761,73,95,203,149,161,331,90,103,159,141,161,430,1383,0,1383
20232,A,골목상권,3110805,신길새마을금고신길4동지점,615,318,297,31,64,98,85,106,231,12,30,55,51,60,110,19,34,43,34,46,121,494,0,494
20232,A,골목상권,3110807,신길역 3번,1313,718,595,35,95,767,229,85,102,20,31,420,141,53,53,15,64,347,88,32,49,1993,0,1993
20232,A,골목상권,3110808,신길역 1번,711,403,308,50,70,173,100,120,198,26,37,116,63,68,93,24,33,57,37,52,105,395,0,395
20232,A,골목상권,3110809,장훈고등학교,781,395,386,55,79,117,104,152,274,26,39,58,55,82,135,29,40,59,49,70,139,379,0,379
20232,A,골목상권,3110810,영신초등학교,3227,1604,1623,233,312,453,414,537,1278,119,168,239,237,266,575,114,144,214,177,271,703,1892,0,1892
20232,A,골목상권,3110811,보라매역 4번,1721,874,847,143,170,378,259,249,522,84,88,190,139,128,245,59,82,188,120,121,277,971,0,971
20232,A,골목상권,3110812,신길6동주민센터,1484,726,758,111,154,355,248,216,400,62,89,148,132,105,190,49,65,207,116,111,210,932,0,932
20232,A,골목상권,3110813,보라매역 6번,2000,1007,993,170,201,295,261,309,764,92,114,152,144,156,349,78,87,143,117,153,415,1397,0,1397
20232,A,골목상권,3110814,서울지방병무청,3842,1926,1916,308,435,738,557,674,1130,171,208,378,318,340,511,137,227,360,239,334,619,1846,0,1846
20232,A,골목상권,3110815,공군호텔,4845,2490,2355,374,451,1078,817,742,1383,198,226,560,454,415,637,176,225,518,363,327,746,3342,0,3342
20232,A,골목상권,3110816,대방역 6번,1934,999,935,149,137,407,359,263,619,77,68,229,204,138,283,72,69,178,155,125,336,1108,0,1108
20232,A,골목상권,3110817,대방역 4번,690,386,304,25,43,271,109,77,165,15,19,157,72,43,80,10,24,114,37,34,85,704,0,704
20232,A,골목상권,3110818,신대방역 3번,811,398,413,58,81,198,143,119,212,20,35,103,78,66,96,38,46,95,65,53,116,551,0,551
20232,A,골목상권,3110819,신대방역 4번,5348,2634,2714,449,596,862,781,920,1740,238,298,444,393,473,788,211,298,418,388,447,952,3065,0,3065
20232,A,골목상권,3110820,성남고등학교,3939,1939,2000,521,582,675,657,706,798,254,320,319,329,355,362,267,262,356,328,351,436,1995,0,1995
20232,A,골목상권,3110821,보라매역 2번,6552,3216,3336,768,722,1103,1219,1011,1729,420,356,537,641,496,766,348,366,566,578,515,963,3036,0,3036
20232,A,골목상권,3110822,신대방삼거리역 4번(대림초등학교),5124,2467,2657,577,706,902,834,858,1247,288,391,420,383,422,563,289,315,482,451,436,684,2442,0,2442
20232,A,골목상권,3110823,신대방삼거리역 3번,3347,1649,1698,317,364,733,558,500,875,181,194,333,291,231,419,136,170,400,267,269,456,2045,0,2045
20232,A,골목상권,3110824,대방역 3번,518,251,267,66,55,140,79,85,93,34,24,66,42,49,36,32,31,74,37,36,57,391,0,391
20232,A,골목상권,3110825,신대방삼거리역 1번,8895,4304,4591,913,877,1863,1596,1202,2444,478,432,879,818,580,1117,435,445,984,778,622,1327,4854,0,4854
20232,A,골목상권,3110826,장승배기역 4번,4270,2092,2178,348,400,1021,723,557,1221,173,204,511,389,264,551,175,196,510,334,293,670,2612,0,2612
20232,A,골목상권,3110827,NH농협은행 상도동지점,2352,1171,1181,199,263,409,381,389,711,100,141,206,202,196,326,99,122,203,179,193,385,1436,0,1436
20232,A,골목상권,3110828,노량진역 6번,7794,3977,3817,514,865,1459,1059,1213,2684,278,439,818,584,622,1236,236,426,641,475,591,1448,4212,0,4212
20232,A,골목상권,3110829,장승배기역 5번,3301,1655,1646,216,334,565,391,563,1232,114,183,289,210,297,562,102,151,276,181,266,670,1658,0,1658
20232,A,골목상권,3110830,상도초등학교,4589,2268,2321,456,417,676,766,710,1564,242,222,346,412,360,686,214,195,330,354,350,878,2109,0,2109
20232,A,골목상권,3110831,상도4동주민센터,2614,1294,1320,335,282,470,447,404,676,178,156,232,228,202,298,157,126,238,219,202,378,1294,0,1294
20232,A,골목상권,3110832,노량진초등학교,3203,1648,1555,209,307,618,428,475,1166,95,156,382,239,258,518,114,151,236,189,217,648,2081,0,2081
20232,A,골목상권,3110833,상도역 2번,2057,1007,1050,212,242,499,350,263,491,118,112,252,181,133,211,94,130,247,169,130,280,1121,0,1121
20232,A,골목상권,3110834,동작구자원봉사센터,1044,560,484,78,108,284,163,138,273,38,52,179,99,79,113,40,56,105,64,59,160,705,0,705
20232,A,골목상권,3110835,상도역 1번,1187,557,630,101,121,321,166,128,350,46,65,151,83,58,154,55,56,170,83,70,196,697,0,697
20232,A,골목상권,3110836,상도역 5번,9006,4589,4417,877,1446,2237,1287,1060,2099,469,710,1308,659,504,939,408,736,929,628,556,1160,5244,0,5244
20232,A,골목상권,3110837,숭실대입구역 1번,4190,2068,2122,348,547,1115,633,472,1075,181,250,590,330,232,485,167,297,525,303,240,590,2434,0,2434
20232,A,골목상권,3110838,상도1동주민센터앞,105,60,45,3,13,28,14,15,32,2,7,18,8,11,14,1,6,10,6,4,18,74,0,74
20232,A,골목상권,3110839,숭실대입구역 4번,1966,1019,947,130,305,594,244,186,507,66,145,364,120,92,232,64,160,230,124,94,275,1183,0,1183
20232,A,골목상권,3110841,중대부중,2378,1172,1206,152,228,387,372,369,870,78,112,212,203,184,383,74,116,175,169,185,487,1081,0,1081
20232,A,골목상권,3110842,흑리단길,564,251,313,50,60,91,72,88,203,23,27,39,33,42,87,27,33,52,39,46,116,287,0,287
20232,A,골목상권,3110843,사당5동주민센터,1751,844,907,192,174,340,316,253,476,110,85,143,166,129,211,82,89,197,150,124,265,966,0,966
20232,A,골목상권,3110844,흑석2치안센터,923,458,465,74,80,140,141,140,348,42,41,80,78,69,148,32,39,60,63,71,200,410,0,410
20232,A,골목상권,3110845,사당종합체육관,1728,845,883,223,191,208,291,276,539,113,101,107,156,137,231,110,90,101,135,139,308,722,0,722
20232,A,골목상권,3110846,남성역 1번,8784,4256,4528,815,864,1586,1558,1270,2691,418,421,779,814,628,1196,397,443,807,744,642,1495,4850,0,4850
20232,A,골목상권,3110847,예술인마을,4390,2167,2223,391,390,913,769,547,1380,216,225,449,393,245,639,175,165,464,376,302,741,2213,0,2213
20232,A,골목상권,3110848,양지어린이공원,4937,2356,2581,497,448,1022,923,673,1374,250,227,472,474,327,606,247,221,550,449,346,768,2701,0,2701
20232,A,골목상권,3110849,이수역 10번,3953,1945,2008,312,355,755,649,612,1270,159,184,389,320,313,580,153,171,366,329,299,690,1849,0,1849
20232,A,골목상권,3110850,사당역 10번,8052,3855,4197,567,657,2250,1377,934,2267,317,324,1046,707,446,1015,250,333,1204,670,488,1252,5113,0,5113
20232,A,골목상권,3110851,경문고등학교(동작동성당),3500,1719,1781,296,339,584,540,525,1216,145,200,295,285,248,546,151,139,289,255,277,670,1778,0,1778
20232,A,골목상권,3110852,이수역 9번,1866,887,979,123,139,402,319,268,615,68,74,160,181,135,269,55,65,242,138,133,346,1198,0,1198
20232,A,골목상권,3110853,KT구로지사,2045,1088,957,152,121,623,369,266,514,81,53,338,222,147,247,71,68,285,147,119,267,1645,0,1645
20232,A,골목상권,3110854,조원동주민센터,2214,1144,1070,212,217,390,417,326,652,110,101,220,233,167,313,102,116,170,184,159,339,1233,0,1233
20232,A,골목상권,3110855,신대방역 2번,4326,2140,2186,328,397,1214,790,564,1033,165,168,594,410,300,503,163,229,620,380,264,530,3109,0,3109
20232,A,골목상권,3110856,미성초등학교,3964,1960,2004,390,379,751,631,606,1207,196,174,395,355,299,541,194,205,356,276,307,666,2252,0,2252
20232,A,골목상권,3110857,미성동주민센터,5001,2552,2449,518,567,697,781,833,1605,286,303,376,416,426,745,232,264,321,365,407,860,2338,0,2338
20232,A,골목상권,3110858,신대방역 1번,803,395,408,57,70,227,129,108,212,32,30,106,58,64,105,25,40,121,71,44,107,586,0,586
20232,A,골목상권,3110859,난향초등학교,3305,1704,1601,318,367,406,495,531,1188,151,201,219,277,305,551,167,166,187,218,226,637,1407,0,1407
20232,A,골목상권,3110860,호림박물관(성보고등학교),2239,1110,1129,119,313,608,365,326,508,59,132,317,204,151,247,60,181,291,161,175,261,1478,0,1478
20232,A,골목상권,3110861,관악구신사동주민센터,7384,3718,3666,629,835,1600,1213,1263,1844,330,427,833,645,614,869,299,408,767,568,649,975,4152,0,4152
20232,A,골목상권,3110862,난곡초등학교(난곡동벽화마을),2392,1185,1207,215,259,394,357,388,779,97,125,215,181,196,371,118,134,179,176,192,408,1181,0,1181
20232,A,골목상권,3110863,난우초등학교,4371,2206,2165,497,540,583,664,742,1345,249,293,306,355,367,636,248,247,277,309,375,709,1873,0,1873
20232,A,골목상권,3110864,신림우방아파트,5109,2576,2533,492,562,1020,850,770,1415,257,282,549,425,387,676,235,280,471,425,383,739,3022,0,3022
20232,A,골목상권,3110865,남강고등학교(남강중학교),9533,4766,4767,1018,1168,1336,1392,1715,2904,532,600,720,750,833,1331,486,568,616,642,882,1573,4205,0,4205
20232,A,골목상권,3110866,난우중학교,5150,2631,2519,508,563,686,786,807,1800,272,283,385,435,416,840,236,280,301,351,391,960,2473,0,2473
20232,A,골목상권,3110867,국제신학대학원대학교(남서울중학교),3398,1712,1686,232,300,870,560,431,1005,114,146,460,315,205,472,118,154,410,245,226,533,2280,0,2280
20232,A,골목상권,3110868,남부초등학교,3111,1602,1509,261,319,668,499,461,903,140,170,369,275,229,419,121,149,299,224,232,484,1864,0,1864
20232,A,골목상권,3110869,"신림역 5번(신림동주민센터, 신림동별빛거리)",10494,5254,5240,479,953,4207,1949,1014,1892,257,387,2137,1099,525,849,222,566,2070,850,489,1043,8805,0,8805
20232,A,골목상권,3110870,신림주공2단지(광신고등학교),2327,1168,1159,181,227,256,348,400,915,98,117,143,192,201,417,83,110,113,156,199,498,934,0,934
20232,A,골목상권,3110871,신원동주민센터,1957,971,986,130,183,457,301,267,619,64,94,250,165,126,272,66,89,207,136,141,347,1512,0,1512
20232,A,골목상권,3110872,신림초등학교,2895,1430,1465,286,328,565,518,409,789,149,171,306,260,211,333,137,157,259,258,198,456,1495,0,1495
20232,A,골목상권,3110873,당곡중학교,4993,2495,2498,475,547,857,815,799,1500,251,293,443,416,404,688,224,254,414,399,395,812,2473,0,2473
20232,A,골목상권,3110874,원신초등학교(구세군관악영문교회),3303,1679,1624,179,262,376,417,536,1533,89,123,227,244,321,675,90,139,149,173,215,858,1765,0,1765
20232,A,골목상권,3110875,보라매동주민센터(당곡고등학교),3019,1512,1507,288,289,573,537,456,876,138,150,319,284,215,406,150,139,254,253,241,470,1751,0,1751
20232,A,골목상권,3110876,서원동주민센터(신관중학교),2916,1485,1431,155,245,1036,542,302,636,79,116,561,298,152,279,76,129,475,244,150,357,1925,0,1925
20232,A,골목상권,3110877,신림역 8번,3188,1649,1539,101,308,1354,539,285,601,55,109,709,321,171,284,46,199,645,218,114,317,2898,0,2898
20232,A,골목상권,3110878,미림여고,1998,1022,976,204,215,314,301,340,624,110,117,163,167,174,291,94,98,151,134,166,333,790,0,790
20232,A,골목상권,3110879,신림현대아파트,1784,959,825,108,157,297,251,309,662,68,77,163,162,177,312,40,80,134,89,132,350,1092,0,1092
20232,A,골목상권,3110880,신림역 1번,1419,703,716,90,132,437,256,160,344,50,56,240,131,70,156,40,76,197,125,90,188,959,0,959
20232,A,골목상권,3110881,구립대학경로당(관악산샘말공원),9588,6116,3472,437,1037,3103,1809,1328,1874,241,531,2148,1299,956,941,196,506,955,510,372,933,7777,0,7777
20232,A,골목상권,3110882,신성초등학교,5168,2995,2173,329,529,1493,952,716,1149,173,271,948,616,429,558,156,258,545,336,287,591,3577,0,3577
20232,A,골목상권,3110883,은천초등학교(은천교앞),4525,2275,2250,403,384,882,789,633,1434,205,197,463,448,336,626,198,187,419,341,297,808,2668,0,2668
20232,A,골목상권,3110884,봉천역 4번(봉천110안전센터),1189,576,613,83,112,327,169,149,349,42,52,145,97,73,167,41,60,182,72,76,182,827,0,827
20232,A,골목상권,3110885,영락고등학교,6068,3189,2879,492,634,1516,1034,796,1596,256,326,850,594,425,738,236,308,666,440,371,858,4361,0,4361
20232,A,골목상권,3110886,관악해태어린이공원,3250,2111,1139,117,402,1415,552,301,463,73,208,986,409,206,229,44,194,429,143,95,234,2813,0,2813
20232,A,골목상권,3110887,서울산업정보학교(서울삼성초등학교),1703,1054,649,98,199,648,270,166,322,51,117,467,178,97,144,47,82,181,92,69,178,1392,0,1392
20232,A,골목상권,3110888,청룡동주민센터,1357,708,649,72,100,225,212,235,513,46,44,109,106,146,257,26,56,116,106,89,256,1027,0,1027
20232,A,골목상권,3110889,봉천역 6번,2316,1164,1152,203,205,576,396,282,654,112,108,292,204,143,305,91,97,284,192,139,349,1347,0,1347
20232,A,골목상권,3110890,봉천역 1번(관악초등학교),3044,1466,1578,165,317,1102,490,333,637,80,150,518,267,162,289,85,167,584,223,171,348,2373,0,2373
20232,A,골목상권,3110891,구암초등학교,983,489,494,95,118,121,143,168,338,43,58,73,71,97,147,52,60,48,72,71,191,336,0,336
20232,A,골목상권,3110892,관악구 중앙길,11827,5825,6002,881,1159,2939,1791,1603,3454,459,540,1484,970,820,1552,422,619,1455,821,783,1902,7180,0,7180
20232,A,골목상권,3110893,관악소방서(문영여고),292,145,147,17,50,96,45,36,48,8,19,51,23,20,24,9,31,45,22,16,24,164,0,164
20232,A,골목상권,3110894,관악동부센트레빌아파트(은천로35라길),1703,832,871,217,168,270,334,242,472,113,86,137,163,115,218,104,82,133,171,127,254,820,0,820
20232,A,골목상권,3110895,샤로수길,9132,4648,4484,684,1011,2923,1389,1045,2080,365,461,1568,761,543,950,319,550,1355,628,502,1130,5577,0,5577
20232,A,골목상권,3110896,관악우성아파트,222,115,107,23,25,31,36,33,74,13,14,19,18,18,33,10,11,12,18,15,41,152,0,152
20232,A,골목상권,3110897,서울대입구역 8번,5445,2717,2728,368,494,1410,800,701,1672,177,245,720,436,369,770,191,249,690,364,332,902,3553,0,3553
20232,A,골목상권,3110898,청림동주민센터(상도중학교),2605,1303,1302,325,283,326,391,424,856,159,145,199,204,219,377,166,138,127,187,205,479,992,0,992
20232,A,골목상권,3110899,낙성대역 5번(관악중학교),3172,1513,1659,155,232,1282,598,281,624,80,90,607,322,144,270,75,142,675,276,137,354,2234,0,2234
20232,A,골목상권,3110900,낙성대역 1번(관악구민 종합체육센터),6613,3335,3278,512,611,2338,1116,733,1303,246,307,1184,628,384,586,266,304,1154,488,349,717,3992,0,3992
20232,A,골목상권,3110901,인헌고등학교(인헌중학교),5321,2566,2755,524,567,1001,932,828,1469,275,290,489,449,398,665,249,277,512,483,430,804,2485,0,2485
20232,A,골목상권,3110902,사당역 4번,9327,4431,4896,794,814,2483,1568,1105,2563,400,359,1186,812,506,1168,394,455,1297,756,599,1395,5442,0,5442
20232,A,골목상권,3110903,방배아이파크아파트,4273,1955,2318,466,667,602,638,886,1014,238,266,283,287,412,469,228,401,319,351,474,545,1661,0,1661
20232,A,골목상권,3110904,이수역 5번,902,421,481,93,106,162,138,129,274,46,46,68,64,62,135,47,60,94,74,67,139,486,0,486
20232,A,골목상권,3110905,방배노인종합복지관(이수중학교),4142,1966,2176,504,518,696,668,661,1095,250,261,335,328,306,486,254,257,361,340,355,609,1635,0,1635
20232,A,골목상권,3110906,서문여고,1209,535,674,156,191,171,198,226,267,67,70,84,84,109,121,89,121,87,114,117,146,501,0,501
20232,A,골목상권,3110907,방배초등학교,3382,1521,1861,493,474,477,585,600,753,234,182,204,277,277,347,259,292,273,308,323,406,1441,0,1441
20232,A,골목상권,3110908,구반포역,85,47,38,12,17,3,8,27,18,7,9,3,3,14,11,5,8,0,5,13,7,81,0,81
20232,A,골목상권,3110909,남태령역(서울전자고등학교),769,380,389,60,98,115,101,111,284,31,45,68,53,51,132,29,53,47,48,60,152,362,0,362
20232,A,골목상권,3110910,내방역 5번,2373,1061,1312,306,221,494,512,357,483,142,93,199,236,174,217,164,128,295,276,183,266,1168,0,1168
20232,A,골목상권,3110911,방배배수지체육공원,29,14,15,2,5,8,2,3,9,1,2,4,1,1,5,1,3,4,1,2,4,72,0,72
20232,A,골목상권,3110912,방배동사이길,359,163,196,59,30,54,69,60,87,30,13,21,36,27,36,29,17,33,33,33,51,146,0,146
20232,A,골목상권,3110913,방현초등학교(방배119안전센터),4942,2345,2597,410,663,828,764,800,1477,200,326,417,377,364,661,210,337,411,387,436,816,1749,0,1749
20232,A,골목상권,3110914,내방역 6번,234,121,113,19,35,48,36,40,56,11,19,25,18,21,27,8,16,23,18,19,29,150,0,150
20232,A,골목상권,3110915,서래초등학교,1494,687,807,266,176,200,234,244,374,122,92,82,100,112,179,144,84,118,134,132,195,542,0,542
20232,A,골목상권,3110916,내방역 4번,3749,1760,1989,433,402,729,747,532,906,223,215,302,377,233,410,210,187,427,370,299,496,1829,0,1829
20232,A,골목상권,3110917,서초소방서,851,406,445,128,95,135,137,154,202,69,49,57,59,73,99,59,46,78,78,81,103,370,0,370
20232,A,골목상권,3110918,방배역 3번,2876,1347,1529,289,387,485,516,449,750,149,222,207,236,193,340,140,165,278,280,256,410,1298,0,1298
20232,A,골목상권,3110919,내방역 8번,2558,1237,1321,326,346,358,379,467,682,175,191,156,165,219,331,151,155,202,214,248,351,1195,0,1195
20232,A,골목상권,3110920,방배역 2번(백석예술대학교),152,75,77,20,22,32,21,25,32,11,12,13,11,11,17,9,10,19,10,14,15,53,0,53
20232,A,골목상권,3110921,서울프랑스학교,1174,537,637,177,124,176,205,179,313,86,64,86,73,82,146,91,60,90,132,97,167,443,0,443
20232,A,골목상권,3110922,내방역 1번,2568,1261,1307,298,260,535,482,380,613,168,146,250,239,177,281,130,114,285,243,203,332,1261,0,1261
20232,A,골목상권,3110923,방배역 1번,492,228,264,46,66,81,74,76,149,22,30,39,36,35,66,24,36,42,38,41,83,189,0,189
20232,A,골목상권,3110924,반포4동주민센터(몽마르뜨공원),2203,1012,1191,290,232,342,389,348,602,151,113,143,177,160,268,139,119,199,212,188,334,1118,0,1118
20232,A,골목상권,3110925,서초중학교,3146,1528,1618,329,449,499,504,588,777,166,265,225,246,275,351,163,184,274,258,313,426,1263,0,1263
20232,A,골목상권,3110926,신중초등학교,3535,1702,1833,424,509,545,508,636,913,218,298,246,238,291,411,206,211,299,270,345,502,1596,0,1596
20232,A,골목상권,3110927,잠원역,121,46,75,13,7,17,19,15,50,5,3,6,6,5,21,8,4,11,13,10,29,152,0,152
20232,A,골목상권,3110928,서초우방유쉘아파트,452,230,222,39,37,109,69,51,147,19,18,58,38,26,71,20,19,51,31,25,76,234,0,234
20232,A,골목상권,3110929,남부터미널역 1번,4523,2273,2250,642,522,700,814,692,1153,328,288,353,429,337,538,314,234,347,385,355,615,1776,0,1776
20232,A,골목상권,3110930,서초동성당,1776,875,901,264,219,277,291,289,436,136,124,131,137,149,198,128,95,146,154,140,238,825,0,825
20232,A,골목상권,3110931,삼성전자서울R&D(서울우면초등학교),147,69,78,15,14,16,22,17,63,8,7,9,10,9,26,7,7,7,12,8,37,66,0,66
20232,A,골목상권,3110932,서울시인재개발원,654,310,344,106,68,108,148,97,127,49,33,57,74,45,52,57,35,51,74,52,75,281,0,281
20232,A,골목상권,3110933,한국상담대학원대학교,481,247,234,97,50,63,84,87,100,57,28,28,39,46,49,40,22,35,45,41,51,163,0,163
20232,A,골목상권,3110934,우면주공아파트,3084,1509,1575,332,315,513,558,381,985,176,169,277,290,186,411,156,146,236,268,195,574,1300,0,1300
20232,A,골목상권,3110935,한전아트센터,1161,588,573,172,138,174,202,195,280,91,86,86,106,88,131,81,52,88,96,107,149,461,0,461
20232,A,골목상권,3110936,더케이호텔(양재리본타워2단지아파트),892,448,444,97,71,174,182,122,246,50,45,85,93,60,115,47,26,89,89,62,131,425,0,425
20232,A,골목상권,3110937,방아다리근린공원(횃불트리니티신학대학원대학교),326,163,163,30,24,46,31,33,162,17,11,20,15,19,81,13,13,26,16,14,81,191,0,191
20232,A,골목상권,3110938,바우뫼공원,690,335,355,77,60,135,125,97,196,45,29,58,65,46,92,32,31,77,60,51,104,385,0,385
20232,A,골목상권,3110939,양재역 8번(양재동우체국),6221,2973,3248,649,489,1378,1214,805,1686,337,241,668,601,370,756,312,248,710,613,435,930,3102,0,3102
20232,A,골목상권,3110940,양재근린공원(양재2동주민센터),1204,591,613,154,116,253,245,182,254,72,54,131,125,95,114,82,62,122,120,87,140,531,0,531
20232,A,골목상권,3110941,언남고등학교,973,496,477,100,96,191,188,145,253,51,54,95,103,72,121,49,42,96,85,73,132,425,0,425
20232,A,골목상권,3110942,염곡동 구룡사(포이동성당),8851,4329,4522,1078,884,1807,1696,1366,2020,539,449,903,858,682,898,539,435,904,838,684,1122,3987,0,3987
20232,A,골목상권,3110943,법제교육센터(버들어린이공원),1664,864,800,187,161,355,351,263,347,94,97,187,193,132,161,93,64,168,158,131,186,756,0,756
20232,A,골목상권,3110944,서울나래학교(염곡어린이공원),538,265,273,54,45,90,66,65,218,26,17,56,34,28,104,28,28,34,32,37,114,318,0,318
20232,A,골목상권,3110945,본마을노인복지센터(서초구립내곡도서관),372,191,181,22,35,51,42,65,157,8,17,28,22,33,83,14,18,23,20,32,74,146,0,146
20232,A,골목상권,3110947,청계산입구역 2번(내곡동주민센터),336,183,153,34,17,33,51,40,161,22,14,16,30,23,78,12,3,17,21,17,83,181,0,181
20232,A,골목상권,3110948,헌인가구단지,159,85,74,7,4,19,17,20,92,5,1,10,8,13,48,2,3,9,9,7,44,54,0,54
20232,A,골목상권,3110949,한남IC,613,281,332,68,69,133,123,103,117,33,37,54,54,47,56,35,32,79,69,56,61,281,0,281
20232,A,골목상권,3110950,논현역 7번,822,383,439,90,72,124,163,116,257,46,30,57,77,46,127,44,42,67,86,70,130,338,0,338
20232,A,골목상권,3110951,신사은행나무공원,1055,466,589,104,92,282,209,137,231,56,41,112,93,66,98,48,51,170,116,71,133,557,0,557
20232,A,골목상권,3110952,논현목련공원,925,408,517,56,75,283,218,101,192,35,34,118,96,43,82,21,41,165,122,58,110,571,0,571
20232,A,골목상권,3110953,학동근린공원,912,403,509,98,83,175,166,120,270,46,41,76,64,53,123,52,42,99,102,67,147,442,0,442
20232,A,골목상권,3110954,국기원,483,242,241,25,28,163,115,52,100,9,22,75,58,25,53,16,6,88,57,27,47,303,0,303
20232,A,골목상권,3110955,논현초등학교,7070,3285,3785,474,548,2063,1677,849,1459,233,271,913,796,427,645,241,277,1150,881,422,814,4495,0,4495
20232,A,골목상권,3110956,언주역 8번,573,267,306,57,36,133,132,65,150,19,15,69,58,36,70,38,21,64,74,29,80,384,0,384
20232,A,골목상권,3110957,언북중학교,1907,855,1052,158,149,452,462,267,419,81,67,183,216,131,177,77,82,269,246,136,242,1088,0,1088
20232,A,골목상권,3110958,역삼역 4번,825,427,398,59,48,245,195,98,180,28,24,119,103,62,91,31,24,126,92,36,89,512,0,512
20232,A,골목상권,3110959,신구중학교,361,165,196,58,42,44,74,57,86,33,18,14,42,25,33,25,24,30,32,32,53,170,0,170
20232,A,골목상권,3110960,은광여고,678,340,338,62,51,219,141,80,125,28,24,102,82,45,59,34,27,117,59,35,66,476,0,476
20232,A,골목상권,3110961,언주역 3번,2098,956,1142,171,143,578,493,258,455,87,67,243,223,127,209,84,76,335,270,131,246,1314,0,1314
20232,A,골목상권,3110962,도산공원북측,28,11,17,3,4,8,6,3,4,3,0,4,1,1,2,0,4,4,5,2,2,16,0,16
20232,A,골목상권,3110963,역삼월드메르디앙아파트,1866,877,989,194,168,412,405,253,434,110,90,167,198,123,189,84,78,245,207,130,245,873,0,873
20232,A,골목상권,3110964,싸리고개근린공원,959,443,516,130,109,110,149,144,317,49,53,45,67,73,156,81,56,65,82,71,161,370,0,370
20232,A,골목상권,3110965,언주역 6번,2376,1026,1350,177,149,733,632,290,395,82,60,288,262,150,184,95,89,445,370,140,211,1500,0,1500
20232,A,골목상권,3110966,논현2동주민센터,2647,1183,1464,241,269,590,537,347,663,122,124,234,255,158,290,119,145,356,282,189,373,1558,0,1558
20232,A,골목상권,3110967,역삼역 8번,1326,598,728,99,81,383,354,164,245,50,32,163,160,80,113,49,49,220,194,84,132,864,0,864
20232,A,골목상권,3110968,강남구청역 2번,567,262,305,43,51,124,142,85,122,19,24,59,66,38,56,24,27,65,76,47,66,314,0,314
20232,A,골목상권,3110969,베르사이유1아파트,1391,679,712,107,117,343,349,213,262,48,57,159,175,116,124,59,60,184,174,97,138,754,0,754
20232,A,골목상권,3110970,학동초등학교,852,389,463,86,97,184,172,123,190,42,57,74,69,61,86,44,40,110,103,62,104,540,0,540
20232,A,골목상권,3110971,선정릉역 4번,3781,1684,2097,213,291,1103,971,501,702,99,131,468,443,244,299,114,160,635,528,257,403,2549,0,2549
20232,A,골목상권,3110972,강남세브란스병원미래의학연구센터,2073,957,1116,212,193,460,429,288,491,107,88,194,196,149,223,105,105,266,233,139,268,1003,0,1003
20232,A,골목상권,3110973,강남구청역 4번,2417,1124,1293,397,299,338,475,391,517,210,153,132,205,194,230,187,146,206,270,197,287,952,0,952
20232,A,골목상권,3110974,언주중학교,1418,653,765,130,182,303,313,238,252,68,93,121,137,116,118,62,89,182,176,122,134,765,0,765
20232,A,골목상권,3110975,매봉역 1번,929,435,494,100,113,157,116,136,307,54,57,69,51,63,141,46,56,88,65,73,166,353,0,353
20232,A,골목상권,3110976,언북초등학교,2077,957,1120,216,237,440,383,334,467,107,117,192,189,156,196,109,120,248,194,178,271,1080,0,1080
20232,A,골목상권,3110977,논현로18길,728,354,374,62,99,138,95,147,187,32,42,70,52,69,89,30,57,68,43,78,98,340,0,340
20232,A,골목상권,3110978,도곡2동주민센터(대치중학교),282,125,157,6,17,32,41,55,131,3,9,13,16,25,59,3,8,19,25,30,72,255,0,255
20232,A,골목상권,3110979,청담초등학교,1114,532,582,189,151,118,143,201,312,97,82,50,58,91,154,92,69,68,85,110,158,397,0,397
20232,A,골목상권,3110980,개포지구대옆,2531,1233,1298,336,322,362,478,434,599,185,159,176,225,205,283,151,163,186,253,229,316,1125,0,1125
20232,A,골목상권,3110981,국악고교사거리,2055,1003,1052,245,307,318,346,425,414,124,162,150,177,195,195,121,145,168,169,230,219,907,0,907
20232,A,골목상권,3110982,강남구보훈회관,841,377,464,100,104,160,165,132,180,46,58,66,67,60,80,54,46,94,98,72,100,406,0,406
20232,A,골목상권,3110983,국립국악고등학교,2786,1348,1438,324,391,328,500,565,678,165,191,152,240,284,316,159,200,176,260,281,362,1231,0,1231
20232,A,골목상권,3110984,포이초등학교(개포목련어린이공원),4410,2215,2195,571,564,730,786,779,980,300,306,367,413,376,453,271,258,363,373,403,527,1912,0,1912
20232,A,골목상권,3110985,청담근린공원,1031,497,534,92,125,187,174,180,273,50,67,95,87,83,115,42,58,92,87,97,158,480,0,480
20232,A,골목상권,3110986,삼성중앙역 7번,734,338,396,76,68,151,195,103,141,40,35,70,84,47,62,36,33,81,111,56,79,396,0,396
20232,A,골목상권,3110987,영동대교남단,505,242,263,60,72,80,69,80,144,30,37,35,33,35,72,30,35,45,36,45,72,199,0,199
20232,A,골목상권,3110988,청담역 3번,1347,673,674,149,184,175,188,215,436,83,117,89,82,100,202,66,67,86,106,115,234,474,0,474
20232,A,골목상권,3110989,대치동아우편취급국,1499,686,813,120,198,348,339,244,250,56,94,151,150,118,117,64,104,197,189,126,133,904,0,904
20232,A,골목상권,3110990,청담역 12번,157,77,80,13,20,36,19,25,44,7,10,20,10,10,20,6,10,16,9,15,24,77,0,77
20232,A,골목상권,3110991,삼성중앙역 5번,341,165,176,33,31,60,55,52,110,20,20,26,26,23,50,13,11,34,29,29,60,154,0,154
20232,A,골목상권,3110992,도곡초등학교,8225,3886,4339,735,1542,1256,1332,1835,1525,395,827,587,560,824,693,340,715,669,772,1011,832,3681,0,3681
20232,A,골목상권,3110993,개포지하차도 북측,236,107,129,28,25,45,44,31,63,17,15,19,14,13,29,11,10,26,30,18,34,119,0,119
20232,A,골목상권,3110994,개포고등학교,1848,928,920,196,238,262,270,293,589,108,134,144,131,129,282,88,104,118,139,164,307,797,0,797
20232,A,골목상권,3110995,봉은사역 4번,2831,1382,1449,360,414,421,431,500,705,170,244,209,199,225,335,190,170,212,232,275,370,1097,0,1097
20232,A,골목상권,3110996,대치2동주민센터,1387,701,686,105,248,123,165,335,411,65,155,60,76,159,186,40,93,63,89,176,225,664,0,664
20232,A,골목상권,3110997,대청초등학교,7646,3808,3838,839,1015,1452,1066,1294,1980,458,593,665,526,625,941,381,422,787,540,669,1039,3441,0,3441
20232,A,골목상권,3110998,은곡마을(은곡마을공원),225,106,119,50,15,35,49,32,44,19,12,17,23,16,19,31,3,18,26,16,25,312,0,312
20232,A,골목상권,3110999,윗방죽마을공원,2348,1105,1243,166,149,796,523,277,437,78,75,321,280,152,199,88,74,475,243,125,238,2418,0,2418
20232,A,골목상권,3111000,대왕초등학교(세곡동사거리서남측),416,199,217,52,41,52,54,55,162,23,22,29,26,27,72,29,19,23,28,28,90,196,0,196
20232,A,골목상권,3111001,아래방죽마을공원(율현초등학교),814,387,427,175,58,108,186,82,205,83,29,58,93,34,90,92,29,50,93,48,115,777,0,777
20232,A,골목상권,3111003,삼전역 4번,11562,5503,6059,1301,1345,2239,2351,1741,2585,665,647,1034,1156,821,1180,636,698,1205,1195,920,1405,5373,0,5373
20232,A,골목상권,3111004,삼전역 1번,10291,4856,5435,911,1051,2265,1996,1569,2499,498,534,1025,958,734,1107,413,517,1240,1038,835,1392,5691,0,5691
20232,A,골목상권,3111005,삼전역 3번,9342,4577,4765,1092,1027,1801,1801,1436,2185,555,549,867,920,685,1001,537,478,934,881,751,1184,4280,0,4280
20232,A,골목상권,3111006,석촌고분역 1번,9335,4356,4979,980,917,1856,1980,1367,2235,503,466,823,956,635,973,477,451,1033,1024,732,1262,4597,0,4597
20232,A,골목상권,3111007,석촌고분역 4번,8691,4241,4450,1080,918,1633,1795,1295,1970,551,527,778,902,612,871,529,391,855,893,683,1099,4119,0,4119
20232,A,골목상권,3111008,석촌고분역 3번,5167,2549,2618,588,532,942,924,814,1367,291,290,470,478,391,629,297,242,472,446,423,738,2338,0,2338
20232,A,골목상권,3111009,송파책박물관,1250,643,607,113,159,202,206,204,366,65,89,104,116,103,166,48,70,98,90,101,200,523,0,523
20232,A,골목상권,3111010,석촌역 7번,9772,4595,5177,1076,797,2267,2070,1253,2309,567,396,994,1017,598,1023,509,401,1273,1053,655,1286,4884,0,4884
20232,A,골목상권,3111011,잠실나루역,328,167,161,64,42,32,64,48,78,35,27,13,29,24,39,29,15,19,35,24,39,102,0,102
20232,A,골목상권,3111012,석촌역 6번,6850,3364,3486,776,674,1190,1250,1118,1842,386,354,577,632,566,849,390,320,613,618,552,993,3287,0,3287
20232,A,골목상권,3111013,송파나루역 1번(송리단길),9152,4325,4827,990,818,2039,1845,1202,2258,483,404,913,902,576,1047,507,414,1126,943,626,1211,4484,0,4484
20232,A,골목상권,3111014,송파나루역 2번,3551,1717,1834,334,304,753,681,486,993,165,174,349,364,228,437,169,130,404,317,258,556,1683,0,1683
20232,A,골목상권,3111015,석촌역 3번,10674,5103,5571,1097,1151,2217,1943,1623,2643,540,559,1032,979,758,1235,557,592,1185,964,865,1408,5279,0,5279
20232,A,골목상권,3111016,송파역 2번,3633,1735,1898,403,527,548,500,620,1035,194,253,274,258,300,456,209,274,274,242,320,579,1498,0,1498
20232,A,골목상권,3111017,송파나루역 3번,1086,527,559,110,122,189,191,181,293,52,62,96,96,80,141,58,60,93,95,101,152,504,0,504
20232,A,골목상권,3111018,풍납초등학교(풍납백제문화공원),952,508,444,125,112,114,171,145,285,66,68,69,97,79,129,59,44,45,74,66,156,331,0,331
20232,A,골목상권,3111019,한성백제역 3번,8922,4344,4578,1086,1012,1552,1566,1344,2362,602,529,753,758,612,1090,484,483,799,808,732,1272,3835,0,3835
20232,A,골목상권,3111020,방이동고분군(방산고등학교),656,334,322,69,116,106,85,125,155,43,63,58,40,52,78,26,53,48,45,73,77,276,0,276
20232,A,골목상권,3111021,방이역 4번,9517,4621,4896,1201,1321,1347,1567,1694,2387,589,679,662,751,821,1119,612,642,685,816,873,1268,4179,0,4179
20232,A,골목상권,3111022,석촌중학교(방이육교),2863,1447,1416,303,409,480,425,488,758,168,238,239,220,212,370,135,171,241,205,276,388,1218,0,1218
20232,A,골목상권,3111023,문정역 1번,2201,1101,1100,196,253,452,391,360,549,97,124,232,212,174,262,99,129,220,179,186,287,1026,0,1026
20232,A,골목상권,3111024,경찰병원역 4번(건너말공원),1605,813,792,170,207,294,277,267,390,93,113,150,142,149,166,77,94,144,135,118,224,738,0,738
20232,A,골목상권,3111025,경찰병원역 3번,3177,1579,1598,307,370,749,534,483,734,165,194,339,298,231,352,142,176,410,236,252,382,1468,0,1468
20232,A,골목상권,3111026,문정역 2번,4486,2219,2267,595,492,791,772,692,1144,314,238,421,392,330,524,281,254,370,380,362,620,1963,0,1963
20232,A,골목상권,3111027,문정초등학교,5390,2660,2730,614,640,1043,874,889,1330,308,326,528,472,413,613,306,314,515,402,476,717,2489,0,2489
20232,A,골목상권,3111028,문현중학교(장지역 1번),1734,848,886,176,197,316,304,278,463,95,94,149,158,141,211,81,103,167,146,137,252,915,0,915
20232,A,골목상권,3111029,오금역 4번,1254,630,624,104,132,186,173,227,432,54,67,92,93,108,216,50,65,94,80,119,216,664,0,664
20232,A,골목상권,3111030,방이역 2번,1695,830,865,160,246,270,222,308,489,82,133,134,93,152,236,78,113,136,129,156,253,803,0,803
20232,A,골목상권,3111031,장지동주민센터(한림연예예술고교),3682,1814,1868,472,503,496,574,657,980,244,242,267,273,330,458,228,261,229,301,327,522,1605,0,1605
20232,A,골목상권,3111032,방이역 1번,1872,908,964,189,267,299,224,301,592,100,135,157,101,129,286,89,132,142,123,172,306,636,0,636
20232,A,골목상권,3111033,문정동성당,703,349,354,87,83,106,135,108,184,37,44,55,73,57,83,50,39,51,62,51,101,325,0,325
20232,A,골목상권,3111034,오동나무공원(송파레미니스1단지),3817,1897,1920,459,525,570,569,704,990,236,280,284,282,340,475,223,245,286,287,364,515,2058,0,2058
20232,A,골목상권,3111035,오금공원(오주중학교),3963,1981,1982,471,510,580,596,717,1089,248,263,293,312,361,504,223,247,287,284,356,585,1672,0,1672
20232,A,골목상권,3111036,투구봉어린이공원,1368,684,684,158,196,214,225,240,335,76,100,117,124,114,153,82,96,97,101,126,182,570,0,570
20232,A,골목상권,3111037,Sh수협은행 오금동금융센터(아랫말어린이공원),537,295,242,56,54,83,86,108,150,30,35,47,43,57,83,26,19,36,43,51,67,245,0,245
20232,A,골목상권,3111038,보인중학교,2669,1334,1335,354,350,357,412,473,723,204,183,172,208,226,341,150,167,185,204,247,382,1006,0,1006
20232,A,골목상권,3111039,벌말어린이공원,1887,987,900,192,248,277,293,338,539,99,134,158,169,164,263,93,114,119,124,174,276,960,0,960
20232,A,골목상권,3111040,거여초등학교,2546,1262,1284,261,351,370,355,472,737,133,187,203,174,215,350,128,164,167,181,257,387,961,0,961
20232,A,골목상권,3111041,거여역 8번,288,156,132,20,32,36,37,43,120,11,15,21,22,26,61,9,17,15,15,17,59,666,0,666
20232,A,골목상권,3111042,거여역 1번(거여공원),5600,2883,2717,584,703,702,842,1028,1741,308,377,393,419,539,847,276,326,309,423,489,894,2667,0,2667
20232,A,골목상권,3111043,마천공원,2741,1436,1305,285,339,393,439,489,796,154,205,220,237,245,375,131,134,173,202,244,421,1302,0,1302
20232,A,골목상권,3111044,남천초등학교,5301,2683,2618,574,590,646,796,934,1761,284,325,342,428,489,815,290,265,304,368,445,946,2445,0,2445
20232,A,골목상권,3111045,개미어린이공원,2557,1284,1273,274,302,325,398,433,825,118,173,183,210,233,367,156,129,142,188,200,458,1020,0,1020
20232,A,골목상권,3111046,마천역(마천초등학교),10304,5230,5074,1068,1052,1198,1579,1717,3690,544,545,632,816,932,1761,524,507,566,763,785,1929,4437,0,4437
20232,A,골목상권,3111047,마천1치안센터,2809,1469,1340,253,298,306,381,500,1071,126,147,172,218,285,521,127,151,134,163,215,550,1315,0,1315
20232,A,골목상권,3111048,천호역 1번(천호문구완구거리),2502,1237,1265,171,196,423,362,400,950,71,105,219,200,216,426,100,91,204,162,184,524,1328,0,1328
20232,A,골목상권,3111049,천호지구대(천호동자전거거리),3521,1826,1695,394,339,510,566,569,1143,217,175,271,300,307,556,177,164,239,266,262,587,2053,0,2053
20232,A,골목상권,3111050,강동구청(강동구청역 2번),1106,534,572,159,112,172,188,161,314,82,59,80,89,77,147,77,53,92,99,84,167,412,0,412
20232,A,골목상권,3111051,천호역 6번,6263,3109,3154,523,576,1078,973,1026,2087,266,287,536,525,533,962,257,289,542,448,493,1125,3895,0,3895
20232,A,골목상권,3111052,암사역 3번(천호동자전거거리),4815,2414,2401,654,437,849,909,743,1223,322,213,390,515,390,584,332,224,459,394,353,639,2679,0,2679
20232,A,골목상권,3111053,성내천어린이공원(하니사랑길),3839,1871,1968,534,425,563,694,577,1046,271,235,296,331,275,463,263,190,267,363,302,583,1768,0,1768
20232,A,골목상권,3111054,암사역 4번(삼성광나루아파트),393,189,204,50,27,58,80,46,132,21,15,30,38,25,60,29,12,28,42,21,72,234,0,234
20232,A,골목상권,3111055,선사초등학교,103,60,43,13,17,12,14,19,28,11,11,9,7,10,12,2,6,3,7,9,16,60,0,60
20232,A,골목상권,3111056,천호태영아파트,411,207,204,14,21,123,104,74,75,8,10,52,46,47,44,6,11,71,58,27,31,681,0,681
20232,A,골목상권,3111057,천호공원(해공체육문화센터),3883,1993,1890,364,404,498,532,669,1416,181,230,266,283,338,695,183,174,232,249,331,721,2178,0,2178
20232,A,골목상권,3111058,성내중학교,1635,810,825,204,189,285,290,255,412,104,97,137,152,132,188,100,92,148,138,123,224,702,0,702
20232,A,골목상권,3111059,강동역 4번(강풀만화거리),11657,5873,5784,1167,1062,2035,2035,1707,3651,631,540,1044,1074,845,1739,536,522,991,961,862,1912,5801,0,5801
20232,A,골목상권,3111060,암사역 2번(서울강동초등학교),9658,4824,4834,1121,995,1477,1635,1551,2879,583,541,754,865,769,1312,538,454,723,770,782,1567,4684,0,4684
20232,A,골목상권,3111061,암사역 1번,9628,4750,4878,1059,976,1440,1747,1521,2885,523,538,706,933,753,1297,536,438,734,814,768,1588,4713,0,4713
20232,A,골목상권,3111062,둔촌동역 3번(성내3동주민센터),3392,1729,1663,473,423,435,584,591,886,263,237,245,287,287,410,210,186,190,297,304,476,1406,0,1406
20232,A,골목상권,3111063,강동구립 천호도서관,5742,2947,2795,500,471,983,846,923,2019,246,253,512,482,498,956,254,218,471,364,425,1063,3706,0,3706
20232,A,골목상권,3111064,둔촌동역 4번,2476,1240,1236,274,335,350,432,424,661,143,192,186,228,213,278,131,143,164,204,211,383,1196,0,1196
20232,A,골목상권,3111065,천일초등학교,2673,1391,1282,226,312,363,369,469,934,114,165,204,209,246,453,112,147,159,160,223,481,1431,0,1431
20232,A,골목상권,3111066,암사동성당(효정하나플러스아파트),5397,2711,2686,589,579,824,899,907,1599,294,321,424,464,463,745,295,258,400,435,444,854,2600,0,2600
20232,A,골목상권,3111067,강동구립성내도서관,9505,4678,4827,1073,891,1686,1790,1373,2692,552,506,811,932,678,1199,521,385,875,858,695,1493,4459,0,4459
20232,A,골목상권,3111068,강동성심병원,386,187,199,59,19,95,89,58,66,34,9,37,48,29,30,25,10,58,41,29,36,171,0,171
20232,A,골목상권,3111069,천호1동주민센터,5164,2658,2506,479,533,697,792,890,1773,258,273,364,427,473,863,221,260,333,365,417,910,2810,0,2810
20232,A,골목상권,3111070,천호초등학교,2407,1189,1218,302,241,343,384,372,765,148,123,171,204,191,352,154,118,172,180,181,413,1283,0,1283
20232,A,골목상권,3111071,천동초등학교,1018,515,503,119,94,165,173,135,332,65,52,82,95,63,158,54,42,83,78,72,174,531,0,531
20232,A,골목상권,3111072,굽은다리역 1번(십자성마을),7213,3605,3608,875,823,1067,1191,1062,2195,455,420,550,641,519,1020,420,403,517,550,543,1175,3168,0,3168
20232,A,골목상권,3111073,둔촌동역 1번(한산중학교),7458,3688,3770,878,889,1141,1140,1256,2154,473,439,596,562,600,1018,405,450,545,578,656,1136,3295,0,3295
20232,A,골목상권,3111074,명일역 1번,2307,1124,1183,320,252,335,406,345,649,164,124,176,208,165,287,156,128,159,198,180,362,964,0,964
20232,A,골목상권,3111075,굽은다리역 2번,4718,2349,2369,461,521,703,656,739,1638,217,264,390,355,357,766,244,257,313,301,382,872,2011,0,2011
20232,A,골목상권,3111076,둔촌2동주민센터,1743,898,845,149,204,250,246,302,592,80,102,136,142,149,289,69,102,114,104,153,303,1011,0,1011
20232,A,골목상권,3111077,길동주민센터(강동도서관),11358,5637,5721,1309,1147,1759,1965,1764,3414,701,597,869,1010,867,1593,608,550,890,955,897,1821,5387,0,5387
20232,A,골목상권,3111078,굽은다리역 4번,10272,5040,5232,1043,1233,1645,1625,1616,3110,549,634,809,845,783,1420,494,599,836,780,833,1690,4316,0,4316
20232,A,골목상권,3111079,둔촌고등학교(둔촌중학교),1969,981,988,193,248,311,268,325,624,100,134,154,148,166,279,93,114,157,120,159,345,910,0,910
20232,A,골목상권,3111080,굽은다리역 3번,3247,1574,1673,385,444,447,452,551,968,205,216,241,221,253,438,180,228,206,231,298,530,1228,0,1228
20232,A,골목상권,3111081,둔촌푸르지오아파트,284,140,144,14,50,41,29,59,91,5,31,22,14,28,40,9,19,19,15,31,51,114,0,114
20232,A,골목상권,3111082,중앙보훈병원,1250,610,640,155,167,176,182,196,374,87,79,97,89,93,165,68,88,79,93,103,209,480,0,480
20232,A,골목상권,3111083,GS강동자이아파트,3443,1725,1718,404,413,503,563,583,977,205,217,258,302,287,456,199,196,245,261,296,521,1379,0,1379
20232,A,골목상권,3111084,길동신동아아파트,1100,531,569,173,164,135,174,190,264,89,88,63,77,85,129,84,76,72,97,105,135,354,0,354
20232,A,골목상권,3111085,묘곡초등학교(고덕아이파크아파트),5017,2602,2415,480,688,676,602,915,1656,245,387,381,322,465,802,235,301,295,280,450,854,1980,0,1980
20232,A,골목상권,3111086,한영중고,2818,1392,1426,332,473,313,355,553,792,174,262,168,170,263,355,158,211,145,185,290,437,1056,0,1056
20232,A,골목상권,3111087,고덕중학교(고덕2동주민센터),2973,1575,1398,251,378,374,361,550,1059,130,219,220,200,288,518,121,159,154,161,262,541,1224,0,1224
20232,A,골목상권,3111088,고덕동성당,2415,1236,1179,214,260,303,298,427,913,107,152,169,157,227,424,107,108,134,141,200,489,967,0,967
20232,A,골목상권,3111089,상일여고(상일초등학교),4387,2269,2118,440,557,662,531,803,1394,238,280,371,288,401,691,202,277,291,243,402,703,1702,0,1702
20232,A,골목상권,3111090,강일동주민센터,604,322,282,27,45,172,141,95,124,17,15,88,86,49,67,10,30,84,55,46,57,826,0,826
20232,D,발달상권,3120001,서대문역,643,344,299,36,57,112,88,110,240,18,18,47,52,75,134,18,39,65,36,35,106,513,0,513
20232,D,발달상권,3120002,서촌(경복궁역),1803,837,966,185,193,260,274,308,583,95,98,130,122,140,252,90,95,130,152,168,331,798,0,798
20232,D,발달상권,3120003,광화문역,2270,1028,1242,307,171,302,446,310,734,159,81,121,186,138,343,148,90,181,260,172,391,1571,0,1571
20232,D,발달상권,3120004,종로구청,279,157,122,16,16,45,41,50,111,14,7,28,23,25,60,2,9,17,18,25,51,276,0,276
20232,D,발달상권,3120005,삼청동,1224,565,659,95,123,147,202,166,491,45,52,73,96,80,219,50,71,74,106,86,272,582,0,582
20232,D,발달상권,3120006,종각역,300,187,113,6,17,64,35,54,124,3,9,44,20,33,78,3,8,20,15,21,46,356,0,356
20232,D,발달상권,3120007,북촌(안국역),1503,686,817,118,146,170,203,242,624,67,69,78,104,107,261,51,77,92,99,135,363,817,0,817
20232,D,발달상권,3120008,인사동,271,153,118,6,12,30,34,43,146,2,7,14,17,30,83,4,5,16,17,13,63,308,0,308
20232,D,발달상권,3120009,종로3가역,3675,2407,1268,105,136,374,383,688,1989,67,68,253,248,522,1249,38,68,121,135,166,740,3116,0,3116
20232,D,발달상권,3120010,원남동사거리,902,366,536,21,266,205,84,81,245,11,24,97,55,52,127,10,242,108,29,29,118,589,0,589
20232,D,발달상권,3120011,종로4가,1001,499,502,168,88,168,161,123,293,80,46,90,78,58,147,88,42,78,83,65,146,368,0,368
20232,D,발달상권,3120012,대학로(혜화역),1973,921,1052,99,284,599,242,255,494,54,102,297,117,122,229,45,182,302,125,133,265,1346,0,1346
20232,D,발달상권,3120013,이화사거리,646,326,320,59,42,176,97,83,189,32,17,79,54,48,96,27,25,97,43,35,93,631,0,631
20232,D,발달상권,3120014,종로5가역,721,420,301,22,39,78,91,128,363,12,16,44,57,78,213,10,23,34,34,50,150,847,0,847
20232,D,발달상권,3120015,종로6가,186,111,75,9,11,17,22,36,91,6,5,8,14,22,56,3,6,9,8,14,35,101,0,101
20232,D,발달상권,3120016,동대문역,677,460,217,18,36,61,54,120,388,8,22,35,33,90,272,10,14,26,21,30,116,466,0,466
20232,D,발달상권,3120017,동묘앞역(동묘),991,513,478,39,95,174,135,164,384,21,43,100,74,89,186,18,52,74,61,75,198,703,0,703
20232,D,발달상권,3120018,중림동,1598,931,667,123,104,273,301,269,528,64,50,121,176,196,324,59,54,152,125,73,204,1266,0,1266
20232,D,발달상권,3120019,경찰청앞교차로,258,119,139,46,8,65,76,28,35,24,1,33,35,9,17,22,7,32,41,19,18,194,0,194
20232,D,발달상권,3120020,시청역_1번,18,11,7,1,1,3,4,5,4,0,1,3,1,4,2,1,0,0,3,1,2,7,0,7
20232,D,발달상권,3120021,시청역_8번,18,12,6,1,1,4,1,2,9,1,1,2,1,0,7,0,0,2,0,2,2,14,0,14
20232,D,발달상권,3120022,북창동(시청역_6번),240,153,87,3,4,27,25,49,132,1,2,19,22,28,81,2,2,8,3,21,51,234,0,234
20232,D,발달상권,3120023,서울시청,17,11,6,0,0,0,2,2,13,0,0,0,1,0,10,0,0,0,1,2,3,14,0,14
20232,D,발달상권,3120024,회현역,1741,923,818,72,104,140,202,247,976,36,45,75,126,131,510,36,59,65,76,116,466,1109,0,1109
20232,D,발달상권,3120026,을지로입구역,73,42,31,7,3,2,16,7,38,5,1,0,9,3,24,2,2,2,7,4,14,48,0,48
20232,D,발달상권,3120027,명동역(명동재미로),1307,630,677,120,87,168,196,203,533,61,36,81,91,105,256,59,51,87,105,98,277,695,0,695
20232,D,발달상권,3120028,명동(명동거리),114,66,48,2,4,14,16,24,54,0,2,8,7,18,31,2,2,6,9,6,23,85,0,85
20232,D,발달상권,3120029,을지로2가,25,16,9,0,2,4,2,7,10,0,2,2,2,3,7,0,0,2,0,4,3,10,0,10
20232,D,발달상권,3120030,중부경찰서(영화인의거리),185,127,58,1,12,24,19,49,80,0,8,16,14,39,50,1,4,8,5,10,30,316,0,316
20232,D,발달상권,3120031,을지로3가역,507,340,167,4,16,21,56,80,330,3,7,14,38,56,222,1,9,7,18,24,108,588,0,588
20232,D,발달상권,3120032,충무로역,2496,1260,1236,148,197,388,339,353,1071,73,89,219,184,187,508,75,108,169,155,166,563,1495,0,1495
20232,D,발달상권,3120033,을지로4가역,106,66,40,0,1,5,6,12,82,0,0,5,5,7,49,0,1,0,1,5,33,57,0,57
20232,D,발달상권,3120034,중구청(퇴계로4가),988,513,475,105,70,233,166,137,277,46,35,105,85,74,168,59,35,128,81,63,109,739,0,739
20232,D,발달상권,3120035,퇴계로5가,271,163,108,12,23,36,35,54,111,5,12,19,26,35,66,7,11,17,9,19,45,288,0,288
20232,D,발달상권,3120036,장충동족발거리(남소영길),267,141,126,7,48,60,33,34,85,4,17,38,22,19,41,3,31,22,11,15,44,208,0,208
20232,D,발달상권,3120037,동대문역사문화공원역,2146,1133,1013,97,150,312,266,332,989,48,75,162,148,196,504,49,75,150,118,136,485,1352,0,1352
20232,D,발달상권,3120038,약수역,2438,1145,1293,169,247,399,365,378,880,85,123,191,179,170,397,84,124,208,186,208,483,1252,0,1252
20232,D,발달상권,3120039,신당역,2615,1365,1250,228,257,450,393,457,830,128,136,220,206,247,428,100,121,230,187,210,402,2095,0,2095
20232,D,발달상권,3120040,용산전자상가(용산역),1280,708,572,129,92,236,261,205,357,72,57,126,156,122,175,57,35,110,105,83,182,843,0,843
20232,D,발달상권,3120041,신용산역(용산역),2372,1140,1232,185,142,501,453,322,769,91,77,213,203,177,379,94,65,288,250,145,390,4109,0,4109
20232,D,발달상권,3120042,"숙대입구역(남영역, 남영동)",192,96,96,6,13,65,46,22,40,1,4,31,27,14,19,5,9,34,19,8,21,261,0,261
20232,D,발달상권,3120043,서울역,1032,900,132,3,4,29,86,252,658,3,1,22,76,237,561,0,3,7,10,15,97,836,0,836
20232,D,발달상권,3120044,삼각지역,1666,840,826,159,112,295,280,239,581,82,59,148,155,122,274,77,53,147,125,117,307,1029,0,1029
20232,D,발달상권,3120045,남영동 먹자골목,646,384,262,17,38,112,107,116,256,8,20,67,71,75,143,9,18,45,36,41,113,487,0,487
20232,D,발달상권,3120046,이태원(이태원역),2931,1464,1467,171,220,613,557,457,913,83,108,338,277,236,422,88,112,275,280,221,491,1705,0,1705
20232,D,발달상권,3120047,한남오거리,1433,674,759,130,84,240,326,263,390,70,47,93,152,127,185,60,37,147,174,136,205,1075,0,1075
20232,D,발달상권,3120048,금호역,1531,740,791,91,168,205,200,275,592,49,81,106,100,135,269,42,87,99,100,140,323,787,0,787
20232,D,발달상권,3120049,왕십리역(왕십리),2362,1132,1230,113,333,938,292,217,469,55,143,440,160,109,225,58,190,498,132,108,244,1765,0,1765
20232,D,발달상권,3120050,서울숲역,1080,565,515,99,127,249,168,169,268,57,60,148,94,81,125,42,67,101,74,88,143,491,0,491
20232,D,발달상권,3120051,뚝섬역,2558,1314,1244,219,261,467,424,452,735,102,126,228,226,244,388,117,135,239,198,208,347,1248,0,1248
20232,D,발달상권,3120052,성수역,993,581,412,46,103,190,158,198,298,22,60,106,88,128,177,24,43,84,70,70,121,722,0,722
20232,D,발달상권,3120053,건대입구역(건대),4782,2180,2602,209,476,1461,645,500,1491,103,198,620,329,243,687,106,278,841,316,257,804,2966,0,2966
20232,D,발달상권,3120054,어린이대공원역,2783,1407,1376,203,354,786,411,394,635,98,160,404,219,210,316,105,194,382,192,184,319,2832,0,2832
20232,D,발달상권,3120055,군자역,5277,2519,2758,421,440,1408,904,687,1417,229,206,602,437,350,695,192,234,806,467,337,722,4160,0,4160
20232,D,발달상권,3120056,구의역,3681,1717,1964,208,308,1160,725,482,798,111,133,470,374,259,370,97,175,690,351,223,428,3114,0,3114
20232,D,발달상권,3120057,아차산역,3403,1619,1784,340,386,621,525,576,955,188,169,279,261,285,437,152,217,342,264,291,518,1831,0,1831
20232,D,발달상권,3120058,구의사거리,1820,898,922,215,194,315,276,272,548,112,88,159,136,136,267,103,106,156,140,136,281,925,0,925
20232,D,발달상권,3120059,구삼강변맛길,3771,1821,1950,422,521,553,573,667,1035,201,264,262,272,335,487,221,257,291,301,332,548,1946,0,1946
20232,D,발달상권,3120061,올림픽대교북단,192,90,102,23,24,39,29,31,46,8,15,24,14,13,16,15,9,15,15,18,30,156,0,156
20232,D,발달상권,3120062,신설동역,2696,1448,1248,86,248,863,420,371,708,47,95,397,228,240,441,39,153,466,192,131,267,2999,0,2999
20232,D,발달상권,3120063,청량리역(청량리),1102,632,470,53,91,179,152,171,456,26,41,85,89,111,280,27,50,94,63,60,176,1025,0,1025
20232,D,발달상권,3120064,경희대학교(경희대),672,315,357,32,119,191,87,67,176,13,44,95,41,39,83,19,75,96,46,28,93,481,0,481
20232,D,발달상권,3120065,회기역,1539,736,803,97,215,499,234,160,334,49,79,257,121,83,147,48,136,242,113,77,187,1486,0,1486
20232,D,발달상권,3120066,장한평역(장한평),3268,1775,1493,231,293,767,604,493,880,127,123,391,355,287,492,104,170,376,249,206,388,3035,0,3035
20232,D,발달상권,3120067,장안동사거리,5130,2644,2486,558,442,1042,1082,756,1250,297,226,533,573,404,611,261,216,509,509,352,639,3467,0,3467
20232,D,발달상권,3120068,사가정역,718,381,337,27,38,101,111,134,307,18,19,48,62,83,151,9,19,53,49,51,156,530,0,530
20232,D,발달상권,3120069,상봉역,5808,2844,2964,685,641,1049,974,951,1508,347,305,485,462,490,755,338,336,564,512,461,753,3444,0,3444
20232,D,발달상권,3120070,한성대입구역,1175,552,623,65,136,268,175,180,351,32,66,116,84,90,164,33,70,152,91,90,187,701,0,701
20232,D,발달상권,3120071,성북구청,747,302,445,42,97,282,116,77,133,18,30,99,59,42,54,24,67,183,57,35,79,746,0,746
20232,D,발달상권,3120072,성신여대,2820,1146,1674,133,445,996,399,288,559,76,110,363,181,155,261,57,335,633,218,133,298,2335,0,2335
20232,D,발달상권,3120073,미아사거리,376,171,205,14,52,83,50,42,135,8,15,28,24,28,68,6,37,55,26,14,67,685,0,685
20232,D,발달상권,3120075,월곡역,2116,971,1145,209,313,436,268,354,536,112,100,185,137,175,262,97,213,251,131,179,274,1269,0,1269
20232,D,발달상권,3120076,수유역,5393,2695,2698,266,504,1301,992,858,1472,144,178,626,541,474,732,122,326,675,451,384,740,4009,0,4009
20232,D,발달상권,3120077,미아역,1793,900,893,133,179,285,271,309,616,68,89,138,138,164,303,65,90,147,133,145,313,1077,0,1077
20232,D,발달상권,3120078,미아사거리역,571,308,263,16,40,78,84,111,242,13,22,43,48,63,119,3,18,35,36,48,123,322,0,322
20232,D,발달상권,3120079,창동역,417,254,163,9,35,119,60,100,94,5,9,52,38,75,75,4,26,67,22,25,19,450,0,450
20232,D,발달상권,3120080,마들역,16,14,2,0,0,1,1,4,10,0,0,1,1,4,8,0,0,0,0,0,2,3,0,3
20232,D,발달상권,3120081,노원역,899,517,382,26,101,212,146,163,251,12,44,95,93,103,170,14,57,117,53,60,81,855,0,855
20232,D,발달상권,3120082,상계백병원,100,48,52,11,12,24,14,13,26,5,4,15,9,4,11,6,8,9,5,9,15,47,0,47
20232,D,발달상권,3120083,등나무근린공원,1592,759,833,237,267,208,317,353,210,123,129,96,154,166,91,114,138,112,163,187,119,633,0,633
20232,D,발달상권,3120084,공릉역,1109,558,551,73,171,238,152,160,315,44,75,117,88,70,164,29,96,121,64,90,151,1077,0,1077
20232,D,발달상권,3120085,은행사거리,39,22,17,3,8,2,6,12,8,2,5,0,2,8,5,1,3,2,4,4,3,100,0,100
20232,D,발달상권,3120086,태릉입구역,1562,754,808,146,247,313,235,258,363,75,107,127,118,137,190,71,140,186,117,121,173,934,0,934
20232,D,발달상권,3120087,응암역,2360,1086,1274,206,207,573,506,322,546,111,89,247,243,160,236,95,118,326,263,162,310,1374,0,1374
20232,D,발달상권,3120088,구산역,1589,719,870,164,206,268,248,298,405,78,89,104,112,153,183,86,117,164,136,145,222,772,0,772
20232,D,발달상권,3120089,구파발역,131,67,64,31,18,9,29,23,21,16,11,4,13,14,9,15,7,5,16,9,12,1612,0,1612
20232,D,발달상권,3120090,연신내역,2351,1085,1266,136,216,685,351,304,659,75,95,306,169,152,288,61,121,379,182,152,371,2194,0,2194
20232,D,발달상권,3120091,본서부병원,3305,1542,1763,382,338,619,660,484,822,192,164,248,335,232,371,190,174,371,325,252,451,1936,0,1936
20232,D,발달상권,3120092,불광역,1170,557,613,82,94,280,174,166,374,36,31,143,92,78,177,46,63,137,82,88,197,845,0,845
20232,D,발달상권,3120093,연희동,1167,545,622,93,129,353,184,127,281,39,48,186,77,59,136,54,81,167,107,68,145,700,0,700
20232,D,발달상권,3120094,"신촌역(신촌역, 신촌로터리)",3443,1693,1750,99,434,1421,467,336,686,56,175,683,252,192,335,43,259,738,215,144,351,2990,0,2990
20232,D,발달상권,3120095,홍제역,1341,646,695,63,100,139,185,237,617,30,49,73,96,123,275,33,51,66,89,114,342,940,0,940
20232,D,발달상권,3120096,"이화여대(이대역, 이대)",1935,712,1223,56,322,556,256,266,479,23,60,180,118,127,204,33,262,376,138,139,275,2265,0,2265
20232,D,발달상권,3120097,충정로역,401,164,237,32,21,135,117,44,52,11,7,47,57,16,26,21,14,88,60,28,26,718,0,718
20232,D,발달상권,3120098,DMC(디지털미디어시티),708,329,379,85,88,179,156,122,78,39,41,65,83,61,40,46,47,114,73,61,38,981,0,981
20232,D,발달상권,3120100,망원역,1261,580,681,99,128,286,216,191,341,61,54,123,90,100,152,38,74,163,126,91,189,633,0,633
20232,D,발달상권,3120101,합정역,4090,2036,2054,769,465,784,557,526,989,449,228,357,283,269,450,320,237,427,274,257,539,3485,0,3485
20232,D,발달상권,3120102,서교동(홍대),3575,1747,1828,380,312,845,688,480,870,207,144,403,360,239,394,173,168,442,328,241,476,1861,0,1861
20232,D,발달상권,3120103,홍대입구역(홍대),3865,1826,2039,283,388,1069,724,510,891,150,148,515,362,251,400,133,240,554,362,259,491,3238,0,3238
20232,D,발달상권,3120104,연남동(홍대),8655,3976,4679,650,790,2235,1672,1099,2209,324,369,1002,781,515,985,326,421,1233,891,584,1224,4471,0,4471
20232,D,발달상권,3120105,상수역(홍대),1603,709,894,69,186,559,310,149,330,42,71,264,129,57,146,27,115,295,181,92,184,991,0,991
20232,D,발달상권,3120106,마포역,2160,1056,1104,262,156,445,459,363,475,134,69,194,237,203,219,128,87,251,222,160,256,2059,0,2059
20232,D,발달상권,3120107,공덕역(공덕오거리),1457,693,764,156,132,321,247,245,356,87,61,127,127,122,169,69,71,194,120,123,187,1269,0,1269
20232,D,발달상권,3120108,신정네거리역,3299,1672,1627,265,307,587,559,550,1031,124,159,289,302,300,498,141,148,298,257,250,533,1994,0,1994
20232,D,발달상권,3120109,서울남부지방법원,2272,1156,1116,253,281,288,355,398,697,136,145,135,184,212,344,117,136,153,171,186,353,1055,0,1055
20232,D,발달상권,3120110,목동역 8번출구,2147,1123,1024,209,225,386,326,360,641,100,125,190,171,193,344,109,100,196,155,167,297,1182,0,1182
20232,D,발달상권,3120111,목동사거리,2515,1293,1222,218,261,454,434,416,732,119,155,215,227,208,369,99,106,239,207,208,363,1306,0,1306
20232,D,발달상권,3120112,등촌역,3638,1716,1922,318,336,938,663,466,917,159,167,400,338,226,426,159,169,538,325,240,491,2850,0,2850
20232,D,발달상권,3120113,오목교역,3648,1748,1900,502,607,443,522,706,868,257,296,203,235,346,411,245,311,240,287,360,457,1227,0,1227
20232,D,발달상권,3120114,목동신시가지,7731,3643,4088,1255,1266,831,1215,1726,1438,630,636,339,455,872,711,625,630,492,760,854,727,3858,0,3858
20232,D,발달상권,3120116,송정역,664,333,331,39,56,206,94,72,197,24,19,91,52,42,105,15,37,115,42,30,92,628,0,628
20232,D,발달상권,3120117,강서농산물도매시장,14,5,9,0,5,6,3,0,0,0,1,2,2,0,0,0,4,4,1,0,0,41,0,41
20232,D,발달상권,3120118,마곡역(마곡),291,137,154,2,38,156,64,18,13,0,12,69,42,8,6,2,26,87,22,10,7,1583,0,1583
20232,D,발달상권,3120119,발산역(마곡),1513,645,868,15,217,714,318,154,95,7,59,278,156,88,57,8,158,436,162,66,38,2112,0,2112
20232,D,발달상권,3120120,화곡역,2432,1184,1248,175,214,643,429,357,614,94,108,292,215,173,302,81,106,351,214,184,312,1729,0,1729
20232,D,발달상권,3120121,까치산역,2907,1342,1565,238,201,766,616,328,758,113,96,333,317,144,339,125,105,433,299,184,419,2142,0,2142
20232,D,발달상권,3120122,강서구청,4330,2059,2271,401,413,1199,802,581,934,184,182,481,441,320,451,217,231,718,361,261,483,4582,0,4582
20232,D,발달상권,3120123,오류동역,2296,1090,1206,116,195,886,507,243,349,58,67,363,290,145,167,58,128,523,217,98,182,3946,0,3946
20232,D,발달상권,3120124,개봉동 현대아파트,3704,1847,1857,399,308,496,636,590,1275,216,143,257,347,300,584,183,165,239,289,290,691,1831,0,1831
20232,D,발달상권,3120125,구로역,1698,869,829,188,136,411,393,233,337,103,66,187,210,128,175,85,70,224,183,105,162,1144,0,1144
20232,D,발달상권,3120126,디지털단지오거리,684,402,282,19,40,92,51,150,332,14,21,55,37,89,186,5,19,37,14,61,146,446,0,446
20232,D,발달상권,3120127,구로구청,5057,2394,2663,437,484,1708,1240,563,625,227,165,709,659,318,316,210,319,999,581,245,309,3664,0,3664
20232,D,발달상권,3120128,신도림역,1194,553,641,186,108,248,310,165,177,97,48,100,149,76,83,89,60,148,161,89,94,1605,0,1605
20232,D,발달상권,3120129,구로디지털단지,1538,766,772,83,90,696,312,167,190,39,34,319,195,97,82,44,56,377,117,70,108,1148,0,1148
20232,D,발달상권,3120130,구로디지털단지역,2019,1121,898,44,110,965,430,189,281,26,38,497,270,124,166,18,72,468,160,65,115,1747,0,1747
20232,D,발달상권,3120131,가산디지털단지,1668,890,778,80,70,651,346,165,356,38,24,307,223,110,188,42,46,344,123,55,168,4135,0,4135
20232,D,발달상권,3120132,독산동,5866,3402,2464,423,429,1842,1135,787,1250,225,204,1127,722,475,649,198,225,715,413,312,601,4547,0,4547
20232,D,발달상권,3120133,서울시흥동우체국(홈플러스시흥점),444,218,226,31,50,75,52,69,167,15,27,40,26,35,75,16,23,35,26,34,92,337,0,337
20232,D,발달상권,3120134,구로전화국,2984,1568,1416,208,237,560,513,546,920,106,120,301,298,282,461,102,117,259,215,264,459,2172,0,2172
20232,D,발달상권,3120135,양평역,463,222,241,47,30,127,107,43,109,28,15,47,53,23,56,19,15,80,54,20,53,321,0,321
20232,D,발달상권,3120136,영등포구청역,2664,1334,1330,148,254,741,451,334,736,81,142,355,235,171,350,67,112,386,216,163,386,2043,0,2043
20232,D,발달상권,3120138,당산2동(영등포우체국),1435,675,760,87,113,344,171,206,514,35,54,167,86,107,226,52,59,177,85,99,288,1119,0,1119
20232,D,발달상권,3120139,대림3동사거리,2461,1294,1167,245,265,273,390,487,801,123,140,129,197,281,424,122,125,144,193,206,377,1232,0,1232
20232,D,발달상권,3120140,문래동주민센터,1161,593,568,166,79,123,197,179,417,82,39,61,96,101,214,84,40,62,101,78,203,597,0,597
20232,D,발달상권,3120141,영등포청과시장교차로,1247,638,609,124,98,303,195,166,361,59,47,150,117,91,174,65,51,153,78,75,187,843,0,843
20232,D,발달상권,3120142,대림역,1961,1053,908,110,178,405,345,327,596,55,93,228,196,176,305,55,85,177,149,151,291,1022,0,1022
20232,D,발달상권,3120143,당산역,2378,1044,1334,70,206,1123,461,197,321,36,71,421,242,118,156,34,135,702,219,79,165,2355,0,2355
20232,D,발달상권,3120144,영중로,837,381,456,37,70,334,127,62,207,21,30,123,72,32,103,16,40,211,55,30,104,1356,0,1356
20232,D,발달상권,3120145,영등포역(영등포),3113,1943,1170,66,173,846,522,519,987,35,62,400,349,393,704,31,111,446,173,126,283,4219,0,4219
20232,D,발달상권,3120146,한강성심병원,1233,711,522,40,101,615,178,112,187,24,41,362,118,61,105,16,60,253,60,51,82,2068,0,2068
20232,D,발달상권,3120147,보라매역,1127,514,613,125,104,319,196,134,249,67,39,117,91,69,131,58,65,202,105,65,118,645,0,645
20232,D,발달상권,3120148,국회의사당역(국회의사당),1512,753,759,205,93,297,340,234,343,101,44,132,166,124,186,104,49,165,174,110,157,1658,0,1658
20232,D,발달상권,3120149,여의도역(여의도),2929,1428,1501,379,319,385,416,506,924,193,169,162,192,239,473,186,150,223,224,267,451,1075,0,1075
20232,D,발달상권,3120150,63빌딩,648,303,345,69,62,66,81,98,272,27,31,32,39,48,126,42,31,34,42,50,146,263,0,263
20232,D,발달상권,3120151,보라매공원,2989,1447,1542,370,316,444,474,412,973,195,166,207,221,202,456,175,150,237,253,210,517,2091,0,2091
20232,D,발달상권,3120152,신대방삼거리역,2654,1264,1390,268,254,722,445,378,587,137,131,288,207,198,303,131,123,434,238,180,284,1709,0,1709
20232,D,발달상권,3120153,노량진역(노량진),1508,754,754,47,273,616,158,160,254,23,90,339,104,87,111,24,183,277,54,73,143,1856,0,1856
20232,D,발달상권,3120154,장승배기역,939,459,480,66,105,240,138,131,259,37,40,114,80,66,122,29,65,126,58,65,137,648,0,648
20232,D,발달상권,3120155,총신대학교,1763,862,901,205,154,309,344,236,515,94,82,167,169,121,229,111,72,142,175,115,286,996,0,996
20232,D,발달상권,3120156,"총신대입구역(이수, 총신대)",3931,1793,2138,337,391,817,683,585,1118,185,151,319,325,303,510,152,240,498,358,282,608,2369,0,2369
20232,D,발달상권,3120157,신림역(신림),7149,3651,3498,270,667,3043,1247,713,1209,151,271,1536,716,382,595,119,396,1507,531,331,614,6728,0,6728
20232,D,발달상권,3120158,녹두거리(대학동),1876,1147,729,54,207,647,334,247,387,33,93,417,242,176,186,21,114,230,92,71,201,1747,0,1747
20232,D,발달상권,3120159,서울대입구역,6240,2841,3399,192,765,2866,962,532,923,86,281,1206,485,296,487,106,484,1660,477,236,436,7285,0,7285
20232,D,발달상권,3120160,사당역(사당),3654,1683,1971,307,375,1163,598,430,781,153,169,495,302,200,364,154,206,668,296,230,417,2376,0,2376
20232,D,발달상권,3120161,방배동가구거리(사당동가구거리),1348,610,738,201,160,211,266,232,278,105,76,89,124,104,112,96,84,122,142,128,166,542,0,542
20232,D,발달상권,3120162,방배동카페골목,2069,1021,1048,290,276,287,330,388,498,140,145,144,154,197,241,150,131,143,176,191,257,1096,0,1096
20232,D,발달상권,3120163,사당역 11번(사당역먹자골목),3399,1613,1786,403,400,564,605,492,935,212,212,262,283,228,416,191,188,302,322,264,519,1661,0,1661
20232,D,발달상권,3120164,내방역,2784,1337,1447,284,274,480,467,448,831,139,157,197,230,238,376,145,117,283,237,210,455,1480,0,1480
20232,D,발달상권,3120165,서래마을카페거리(서래마을),1587,729,858,252,194,214,278,264,385,126,104,84,120,126,169,126,90,130,158,138,216,618,0,618
20232,D,발달상권,3120166,방배역,3039,1480,1559,275,290,515,540,500,919,156,143,233,281,251,416,119,147,282,259,249,503,1703,0,1703
20232,D,발달상권,3120167,고속터미널(고속터미널역),284,138,146,65,39,20,55,58,47,29,23,7,25,31,23,36,16,13,30,27,24,96,0,96
20232,D,발달상권,3120168,서울고교교차로,229,115,114,32,29,32,26,43,67,15,15,19,11,22,33,17,14,13,15,21,34,149,0,149
20232,D,발달상권,3120169,서초역,1785,852,933,156,214,339,230,313,533,83,104,152,105,150,258,73,110,187,125,163,275,917,0,917
20232,D,발달상권,3120170,삼호가든사거리,572,253,319,105,67,86,97,85,132,53,34,34,44,36,52,52,33,52,53,49,80,259,0,259
20232,D,발달상권,3120171,서초3동사거리,2374,1163,1211,247,317,470,370,387,583,125,169,211,184,198,276,122,148,259,186,189,307,1771,0,1771
20232,D,발달상권,3120172,교대입구교차로,2105,1030,1075,139,187,500,482,335,462,74,94,203,241,187,231,65,93,297,241,148,231,2327,0,2327
20232,D,발달상권,3120173,교대역(법원.검찰청),4041,1902,2139,321,524,896,750,597,953,153,268,416,330,301,434,168,256,480,420,296,519,2857,0,2857
20232,D,발달상권,3120174,논현역 5번,1494,707,787,162,137,330,260,228,377,90,69,141,119,109,179,72,68,189,141,119,198,717,0,717
20232,D,발달상권,3120175,남부터미널역,3351,1552,1799,340,321,650,665,569,806,168,157,277,296,258,396,172,164,373,369,311,410,2394,0,2394
20232,D,발달상권,3120176,논현역 4번,5137,2456,2681,331,348,1411,1216,675,1156,173,164,636,626,354,503,158,184,775,590,321,653,3227,0,3227
20232,D,발달상권,3120177,신논현역 1번,4639,2292,2347,211,334,1487,1004,615,988,106,155,674,541,349,467,105,179,813,463,266,521,3223,0,3223
20232,D,발달상권,3120178,신사역,4060,1950,2110,261,311,1054,830,587,1017,137,136,448,408,333,488,124,175,606,422,254,529,2447,0,2447
20232,D,발달상권,3120179,양재역,5081,2355,2726,539,514,1083,1057,737,1151,254,245,472,496,333,555,285,269,611,561,404,596,2769,0,2769
20232,D,발달상권,3120180,양재화물트럭터미널앞,1492,708,784,418,133,120,360,173,288,227,55,51,169,91,115,191,78,69,191,82,173,392,0,392
20232,D,발달상권,3120181,교육개발원입구사거리,1028,483,545,79,78,225,203,125,318,47,38,96,105,65,132,32,40,129,98,60,186,578,0,578
20232,D,발달상권,3120182,"양재시민의숲역(양재동꽃시장, aT센터)",2012,1025,987,200,163,357,384,335,573,105,90,166,202,178,284,95,73,191,182,157,289,1043,0,1043
20232,D,발달상권,3120183,양재천카페거리,1359,678,681,117,109,275,325,221,312,68,62,127,163,116,142,49,47,148,162,105,170,700,0,700
20232,D,발달상권,3120184,포이사거리(삼호물산),5580,2936,2644,562,537,1111,1087,981,1302,301,283,583,586,523,660,261,254,528,501,458,642,3235,0,3235
20232,D,발달상권,3120185,논현역,3906,1889,2017,235,287,967,854,605,958,127,133,454,404,318,453,108,154,513,450,287,505,2397,0,2397
20232,D,발달상권,3120186,가로수길,3522,1580,1942,330,356,673,721,584,858,165,163,260,316,297,379,165,193,413,405,287,479,1777,0,1777
20232,D,발달상권,3120187,신논현역,5248,2505,2743,247,398,1414,1150,730,1309,118,168,618,584,401,616,129,230,796,566,329,693,3959,0,3959
20232,D,발달상권,3120188,압구정역,1134,521,613,147,93,195,238,152,309,76,38,86,107,66,148,71,55,109,131,86,161,598,0,598
20232,D,발달상권,3120189,강남역,5924,2776,3148,470,703,1655,1198,784,1114,247,317,716,558,405,533,223,386,939,640,379,581,4029,0,4029
20232,D,발달상권,3120190,강남을지병원,2543,1188,1355,219,225,595,543,366,595,119,105,256,247,175,286,100,120,339,296,191,309,1367,0,1367
20232,D,발달상권,3120191,학동역,4811,2200,2611,266,334,1153,1170,761,1127,129,155,491,526,395,504,137,179,662,644,366,623,2983,0,2983
20232,D,발달상권,3120192,뱅뱅사거리,5192,2441,2751,399,481,1534,1130,743,905,208,223,695,521,372,422,191,258,839,609,371,483,4718,0,4718
20232,D,발달상권,3120193,도산공원교차로,1111,515,596,78,110,218,222,168,315,36,62,107,102,76,132,42,48,111,120,92,183,596,0,596
20232,D,발달상권,3120194,언주역(차병원),2437,1131,1306,148,148,707,599,315,520,73,70,298,278,167,245,75,78,409,321,148,275,1764,0,1764
20232,D,발달상권,3120195,성수대교남단,486,239,247,56,32,81,115,59,143,28,16,41,59,31,64,28,16,40,56,28,79,224,0,224
20232,D,발달상권,3120196,서울세관,1441,690,751,101,106,244,285,265,440,52,52,109,137,140,200,49,54,135,148,125,240,940,0,940
20232,D,발달상권,3120197,역삼역,5286,2833,2453,786,456,1408,1020,620,996,494,216,686,563,370,504,292,240,722,457,250,492,4337,0,4337
20232,D,발달상권,3120198,구역삼세무서,7396,3741,3655,453,538,1942,1721,1124,1618,221,252,932,903,641,792,232,286,1010,818,483,826,5072,0,5072
20232,D,발달상권,3120199,경복아파트교차로,587,283,304,30,48,181,156,89,83,15,20,87,66,50,45,15,28,94,90,39,38,598,0,598
20232,D,발달상권,3120200,학동사거리,1197,548,649,92,92,261,254,168,330,45,39,113,118,85,148,47,53,148,136,83,182,565,0,565
20232,D,발달상권,3120201,도곡1동,1796,851,945,158,188,384,371,281,414,82,91,173,181,128,196,76,97,211,190,153,218,1108,0,1108
20232,D,발달상권,3120202,압구정로데오역(압구정로데오),1934,926,1008,231,220,250,327,311,595,115,105,119,146,154,287,116,115,131,181,157,308,793,0,793
20232,D,발달상권,3120203,강남구청역,1322,632,690,97,118,321,276,214,296,44,61,149,118,111,149,53,57,172,158,103,147,920,0,920
20232,D,발달상권,3120204,르네상스호텔사거리,1498,639,859,90,108,467,394,224,215,45,41,171,180,103,99,45,67,296,214,121,116,1127,0,1127
20232,D,발달상권,3120205,매봉역,1161,557,604,72,148,261,171,210,299,38,70,109,90,107,143,34,78,152,81,103,156,592,0,592
20232,D,발달상권,3120206,개나리아파트,3987,1899,2088,484,554,583,741,661,964,264,265,272,350,322,426,220,289,311,391,339,538,2106,0,2106
20232,D,발달상권,3120207,선정릉역,7038,3203,3835,644,724,1470,1554,1136,1510,319,381,628,667,550,658,325,343,842,887,586,852,3816,0,3816
20232,D,발달상권,3120208,청담사거리(청담동명품거리),3534,1617,1917,285,325,598,641,593,1092,153,155,253,309,262,485,132,170,345,332,331,607,1999,0,1999
20232,D,발달상권,3120209,"강남구청(청담역_8번, 강남세무서)",1251,585,666,161,149,208,212,215,306,85,83,91,90,97,139,76,66,117,122,118,167,671,0,671
20232,D,발달상권,3120210,선릉역,4480,2146,2334,247,433,1079,1108,745,868,128,160,480,532,417,429,119,273,599,576,328,439,3339,0,3339
20232,D,발달상권,3120211,도성초등학교,1580,756,824,147,279,239,238,351,326,85,145,100,101,171,154,62,134,139,137,180,172,726,0,726
20232,D,발달상권,3120212,한티역,1716,826,890,129,344,220,218,415,390,64,172,98,111,182,199,65,172,122,107,233,191,683,0,683
20232,D,발달상권,3120213,삼성중앙역,4267,2036,2231,339,449,958,846,666,1009,182,239,434,416,316,449,157,210,524,430,350,560,2324,0,2324
20232,D,발달상권,3120214,영동대교남단교차로,365,184,181,43,52,52,57,69,92,24,28,24,26,32,50,19,24,28,31,37,42,303,0,303
20232,D,발달상권,3120215,포스코사거리,2954,1396,1558,231,305,639,700,526,553,130,163,260,288,276,279,101,142,379,412,250,274,2275,0,2275
20232,D,발달상권,3120216,경기고교사거리(경기고교앞사거리),198,94,104,6,23,60,34,33,42,3,9,30,14,17,21,3,14,30,20,16,21,151,0,151
20232,D,발달상권,3120217,대치사거리,4089,2033,2056,353,711,787,749,734,755,185,409,373,351,360,355,168,302,414,398,374,400,2031,0,2031
20232,D,발달상권,3120218,코엑스,15,9,6,4,0,0,4,0,7,2,0,0,2,0,5,2,0,0,2,0,2,17,0,17
20232,D,발달상권,3120219,은마아파트,1319,669,650,113,302,145,147,379,233,66,170,68,63,194,108,47,132,77,84,185,125,436,0,436
20232,D,발달상권,3120220,대치역,1365,658,707,218,288,114,152,345,248,111,139,59,58,166,125,107,149,55,94,179,123,391,0,391
20232,D,발달상권,3120221,봉은사역,659,340,319,34,61,118,128,112,206,18,36,65,68,53,100,16,25,53,60,59,106,493,0,493
20232,D,발달상권,3120222,삼성역,355,192,163,31,48,67,43,65,101,15,30,32,16,41,58,16,18,35,27,24,43,508,0,508
20232,D,발달상권,3120223,휘문고교사거리,325,182,143,49,57,42,37,61,79,35,39,19,19,27,43,14,18,23,18,34,36,111,0,111
20232,D,발달상권,3120224,수서역,285,140,145,40,17,47,52,50,79,18,10,16,22,32,42,22,7,31,30,18,37,437,0,437
20232,D,발달상권,3120225,잠실새내역(신천),3794,1800,1994,234,297,805,727,604,1127,116,147,363,355,315,504,118,150,442,372,289,623,2702,0,2702
20232,D,발달상권,3120226,석촌고분역,1942,924,1018,181,179,433,374,273,502,89,96,204,183,131,221,92,83,229,191,142,281,1092,0,1092
20232,D,발달상권,3120227,잠실역,4458,2108,2350,561,503,687,586,711,1410,251,250,323,277,309,698,310,253,364,309,402,712,2183,0,2183
20232,D,발달상권,3120228,석촌역(석촌호수),4598,2195,2403,466,421,1046,861,646,1158,251,208,481,411,291,553,215,213,565,450,355,605,2293,0,2293
20232,D,발달상권,3120229,방이동먹자골목,2635,1334,1301,188,169,633,590,377,678,105,77,314,307,195,336,83,92,319,283,182,342,2005,0,2005
20232,D,발달상권,3120230,송파사거리(송파역),1109,594,515,78,133,183,174,194,347,45,69,92,96,112,180,33,64,91,78,82,167,906,0,906
20232,D,발달상권,3120232,송파나루역,950,452,498,101,95,192,170,158,234,54,51,82,82,78,105,47,44,110,88,80,129,462,0,462
20232,D,발달상권,3120233,몽촌토성역,904,445,459,47,51,267,197,143,199,18,26,125,93,78,105,29,25,142,104,65,94,2871,0,2871
20232,D,발달상권,3120234,가락시장역,1751,930,821,93,144,292,304,340,578,42,65,137,168,208,310,51,79,155,136,132,268,1472,0,1472
20232,D,발달상권,3120235,문정역,654,336,318,80,80,118,137,98,141,47,39,56,81,51,62,33,41,62,56,47,79,3480,0,3480
20232,D,발달상권,3120236,장지역(가든파이브),188,109,79,26,24,28,31,33,46,14,16,20,17,22,20,12,8,8,14,11,26,89,0,89
20232,D,발달상권,3120237,경찰병원역,3652,1938,1714,314,343,694,647,635,1019,164,189,358,349,354,524,150,154,336,298,281,495,2305,0,2305
20232,D,발달상권,3120238,방이역,531,275,256,62,63,72,75,104,155,36,38,37,32,54,78,26,25,35,43,50,77,251,0,251
20232,D,발달상권,3120239,오금역,4301,2115,2186,442,518,790,648,751,1152,221,258,398,315,369,554,221,260,392,333,382,598,2024,0,2024
20232,D,발달상권,3120240,개롱역,3745,1797,1948,495,519,581,643,622,885,259,253,270,315,295,405,236,266,311,328,327,480,1478,0,1478
20232,D,발달상권,3120241,거여역,1959,1006,953,201,241,293,312,347,565,108,128,154,158,183,275,93,113,139,154,164,290,883,0,883
20232,D,발달상권,3120242,강동구청역,3768,1822,1946,471,388,611,665,561,1072,245,198,274,327,281,497,226,190,337,338,280,575,1741,0,1741
20232,D,발달상권,3120243,천호역,2895,1384,1511,178,213,786,609,400,709,86,101,356,293,212,336,92,112,430,316,188,373,2801,0,2801
20232,D,발달상권,3120244,암사역,2226,1140,1086,210,170,475,436,334,601,118,78,233,231,180,300,92,92,242,205,154,301,1394,0,1394
20232,D,발달상권,3120245,둔촌역,2701,1415,1286,312,311,370,432,501,775,189,179,195,222,264,366,123,132,175,210,237,409,1358,0,1358
20232,D,발달상권,3120246,길동역,5185,2536,2649,396,418,1420,996,713,1242,215,186,582,538,395,620,181,232,838,458,318,622,4215,0,4215
20232,D,발달상권,3120247,굽은다리역,1781,840,941,189,207,285,271,285,544,85,115,132,129,136,243,104,92,153,142,149,301,888,0,888
20232,D,발달상권,3120248,명일역,2297,1156,1141,214,249,304,382,376,772,122,133,149,188,194,370,92,116,155,194,182,402,1153,0,1153
20232,D,발달상권,3120249,고덕역,899,436,463,116,152,128,117,184,202,65,79,55,46,91,100,51,73,73,71,93,102,627,0,627
20232,R,전통시장,3130001,통인시장,813,381,432,86,78,99,134,130,286,47,38,47,59,68,122,39,40,52,75,62,164,344,0,344
20232,R,전통시장,3130002,세종마을음식문화거리(금천교시장),656,305,351,59,55,104,98,106,234,32,23,49,46,53,102,27,32,55,52,53,132,318,0,318
20232,R,전통시장,3130004,낙원시장(낙원지하시장(대일상가)),360,177,183,52,21,47,53,44,143,31,13,27,31,21,54,21,8,20,22,23,89,144,0,144
20232,R,전통시장,3130005,세운상가가동,21,17,4,0,0,2,5,4,10,0,0,2,4,3,8,0,0,0,1,1,2,22,0,22
20232,R,전통시장,3130007,광장시장(광장전통시장),78,32,46,1,3,2,3,13,56,1,3,0,3,4,21,0,0,2,0,9,35,66,0,66
20232,R,전통시장,3130010,종로신진시장,96,57,39,0,6,7,5,23,55,0,4,5,4,12,32,0,2,2,1,11,23,102,0,102
20232,R,전통시장,3130011,충신시장,242,126,116,13,36,27,22,54,90,7,18,17,12,26,46,6,18,10,10,28,44,98,0,98
20232,R,전통시장,3130012,"동대문종합시장(동대문종합시장 신관, 동대문종합시장D동상가)",1,1,0,0,0,0,0,1,0,0,0,0,0,1,0,0,0,0,0,0,0,2,0,2
20232,R,전통시장,3130013,동대문상가A동,50,26,24,3,0,6,7,6,28,1,0,3,5,4,13,2,0,3,2,2,15,27,0,27
20232,R,전통시장,3130014,동문시장,149,91,58,2,7,7,17,34,82,0,3,5,10,20,53,2,4,2,7,14,29,100,0,100
20232,R,전통시장,3130015,창신골목시장,820,430,390,33,58,97,80,154,398,17,33,61,38,89,192,16,25,36,42,65,206,502,0,502
20232,R,전통시장,3130016,동대문상가B동,60,29,31,1,7,14,11,5,22,0,4,8,5,2,10,1,3,6,6,3,12,28,0,28
20232,R,전통시장,3130017,동대문상가C동,87,54,33,5,2,10,10,16,44,2,2,9,8,8,25,3,0,1,2,8,19,55,0,55
20232,R,전통시장,3130018,동대문문구완구거리(동대문문구완구시장),196,109,87,8,15,23,18,28,104,4,8,14,12,14,57,4,7,9,6,14,47,87,0,87
20232,R,전통시장,3130019,동대문상가D동,47,26,21,2,1,7,7,8,22,1,1,5,3,5,11,1,0,2,4,3,11,33,0,33
20232,R,전통시장,3130020,동묘시장(동묘벼룩시장),361,200,161,10,32,84,36,63,136,4,13,43,20,45,75,6,19,41,16,18,61,349,0,349
20232,R,전통시장,3130021,신설종합시장,17,12,5,0,1,1,0,3,12,0,1,1,0,2,8,0,0,0,0,1,4,7,0,7
20232,R,전통시장,3130024,남대문시장(자유상가),68,40,28,1,2,6,10,10,39,1,2,5,6,6,20,0,0,1,4,4,19,49,0,49
20232,R,전통시장,3130031,청계천공구상가,40,28,12,0,3,1,3,12,21,0,1,1,3,10,13,0,2,0,0,2,8,33,0,33
20232,R,전통시장,3130032,인현시장,153,87,66,5,12,21,9,27,79,4,4,13,6,14,46,1,8,8,3,13,33,94,0,94
20232,R,전통시장,3130033,대림상가(청계상가),137,85,52,5,11,15,4,30,72,2,5,8,2,21,47,3,6,7,2,9,25,87,0,87
20232,R,전통시장,3130034,필동 골목형상점가,14,9,5,0,1,1,2,5,5,0,1,0,2,4,2,0,0,1,0,1,3,6,0,6
20232,R,전통시장,3130035,방산종합시장(방산시장),282,183,99,9,20,40,30,48,135,5,12,24,15,36,91,4,8,16,15,12,44,253,0,253
20232,R,전통시장,3130036,중부시장(신중부시장),223,137,86,5,9,20,17,46,126,4,7,7,10,30,79,1,2,13,7,16,47,326,0,326
20232,R,전통시장,3130038,"평화시장(통일상가, 동화상가)",9,6,3,0,1,1,1,1,5,0,1,1,0,1,3,0,0,0,1,0,2,8,0,8
20232,R,전통시장,3130042,약수시장,497,250,247,46,36,82,76,77,180,27,19,37,40,47,80,19,17,45,36,30,100,256,0,256
20232,R,전통시장,3130046,team204(팀204),3,2,1,0,0,0,1,1,1,0,0,0,0,1,1,0,0,0,1,0,0,1,0,1
20232,R,전통시장,3130047,테크노상가(엘리시움),7,4,3,1,0,0,2,1,3,1,0,0,0,1,2,0,0,0,2,0,1,6,0,6
20232,R,전통시장,3130048,동평화시장,7,6,1,0,0,0,2,3,2,0,0,0,2,3,1,0,0,0,0,0,1,37,0,37
20232,R,전통시장,3130049,신당 미래유산 먹거리 골목형상점가,149,93,56,4,6,24,20,33,62,2,3,16,16,24,32,2,3,8,4,9,30,121,0,121
20232,R,전통시장,3130050,청평화시장,5,2,3,0,0,0,0,2,3,0,0,0,0,1,1,0,0,0,0,1,2,3,0,3
20232,R,전통시장,3130051,동화동 골목형상점가,1605,799,806,163,177,268,257,255,485,85,85,134,130,143,222,78,92,134,127,112,263,683,0,683
20232,R,전통시장,3130052,서울중앙시장(신중앙시장),1508,818,690,89,128,165,155,253,718,52,74,82,99,149,362,37,54,83,56,104,356,787,0,787
20232,R,전통시장,3130053,백학시장,1064,551,513,67,101,120,148,207,421,32,61,70,91,103,194,35,40,50,57,104,227,540,0,540
20232,R,전통시장,3130054,황학동주방가구거리상점가,1122,625,497,54,113,218,154,181,402,23,59,127,101,101,214,31,54,91,53,80,188,771,0,771
20232,R,전통시장,3130055,"황학시장(서울중앙시장, 신중앙시장)",1234,656,578,94,111,142,179,209,499,49,56,69,114,122,246,45,55,73,65,87,253,909,0,909
20232,R,전통시장,3130056,용산용문시장,679,330,349,50,60,125,84,109,251,20,32,66,48,63,101,30,28,59,36,46,150,394,0,394
20232,R,전통시장,3130057,만리시장,27,16,11,0,1,1,2,6,17,0,1,1,2,4,8,0,0,0,0,2,9,17,0,17
20232,R,전통시장,3130058,이촌종합시장,85,45,40,6,9,13,9,20,28,2,5,9,5,11,13,4,4,4,4,9,15,60,0,60
20232,R,전통시장,3130059,후암시장,793,401,392,70,90,102,86,140,305,39,49,59,48,75,131,31,41,43,38,65,174,371,0,371
20232,R,전통시장,3130060,신흥시장,130,69,61,6,6,23,10,17,68,1,3,13,5,11,36,5,3,10,5,6,32,48,0,48
20232,R,전통시장,3130061,이태원시장,64,29,35,7,5,11,5,10,26,4,1,3,3,7,11,3,4,8,2,3,15,34,0,34
20232,R,전통시장,3130062,보광시장,84,42,42,5,4,13,12,11,39,3,2,8,6,7,16,2,2,5,6,4,23,58,0,58
20232,R,전통시장,3130063,신금호역 골목형상점가,468,243,225,44,48,68,77,84,147,23,23,34,44,48,71,21,25,34,33,36,76,240,0,240
20232,R,전통시장,3130064,금남시장,233,121,112,8,19,23,33,41,109,1,11,16,20,24,49,7,8,7,13,17,60,128,0,128
20232,R,전통시장,3130065,무학봉상점가,3013,1554,1459,222,314,480,415,521,1061,117,168,271,219,270,509,105,146,209,196,251,552,1592,0,1592
20232,R,전통시장,3130066,행당시장상점가,1686,829,857,105,202,347,221,271,540,47,97,172,121,132,260,58,105,175,100,139,280,1241,0,1241
20232,R,전통시장,3130067,왕십리도선동상점가,3178,1557,1621,302,328,629,499,544,876,155,153,304,278,269,398,147,175,325,221,275,478,2024,0,2024
20232,R,전통시장,3130068,마장축산물시장,1614,835,779,129,170,244,233,267,571,77,88,139,127,137,267,52,82,105,106,130,304,923,0,923
20232,R,전통시장,3130069,"한양대앞상점가(한양시장, 왕십리맛골목)",480,249,231,4,89,242,36,37,72,2,43,131,19,20,34,2,46,111,17,17,38,451,0,451
20232,R,전통시장,3130070,뚝섬역상점가,1308,683,625,77,121,309,243,210,348,37,64,154,135,125,168,40,57,155,108,85,180,920,0,920
20232,R,전통시장,3130071,성수역 골목형상점가,3,2,1,0,0,0,0,2,1,0,0,0,0,2,0,0,0,0,0,0,1,5,0,5
20232,R,전통시장,3130072,성동용답상가시장,4754,2382,2372,432,520,745,714,840,1503,214,268,371,392,447,690,218,252,374,322,393,813,2147,0,2147
20232,R,전통시장,3130073,뚝도시장,580,306,274,31,70,60,75,129,215,17,39,35,39,72,104,14,31,25,36,57,111,300,0,300
20232,R,전통시장,3130074,영동교골목시장,482,248,234,20,43,74,67,98,180,10,28,34,37,56,83,10,15,40,30,42,97,275,0,275
20232,R,전통시장,3130075,노룬산시장(노룬산골목시장),91,43,48,2,7,11,12,19,40,2,4,6,5,9,17,0,3,5,7,10,23,62,0,62
20232,R,전통시장,3130076,능동로골목시장,876,426,450,47,90,139,107,134,359,21,43,67,59,69,167,26,47,72,48,65,192,448,0,448
20232,R,전통시장,3130077,조양시장,76,33,43,0,13,31,4,4,24,0,4,17,1,1,10,0,9,14,3,3,14,54,0,54
20232,R,전통시장,3130078,화양제일골목시장,900,426,474,34,112,353,127,94,180,16,38,169,73,51,79,18,74,184,54,43,101,683,0,683
20232,R,전통시장,3130079,한아름시장,302,128,174,11,51,131,32,28,49,6,15,53,18,15,21,5,36,78,14,13,28,264,0,264
20232,R,전통시장,3130080,자양종합시장(기능상실),59,30,29,10,9,6,14,8,12,5,4,3,7,4,7,5,5,3,7,4,5,19,0,19
20232,R,전통시장,3130081,자양골목전통시장(자양골목시장),2006,978,1028,193,219,346,351,314,583,95,107,171,184,149,272,98,112,175,167,165,311,982,0,982
20232,R,전통시장,3130082,면곡골목시장,257,125,132,23,28,46,30,48,82,10,13,21,15,24,42,13,15,25,15,24,40,118,0,118
20232,R,전통시장,3130083,"중곡제일시장(중곡제일골목시장, 광성시장)",848,429,419,85,96,120,101,165,281,45,44,71,49,82,138,40,52,49,52,83,143,392,0,392
20232,R,전통시장,3130084,신성시장(신성골목시장),243,122,121,19,25,45,38,40,76,12,13,19,22,19,37,7,12,26,16,21,39,111,0,111
20232,R,전통시장,3130085,용두시장,18,12,6,0,1,2,2,3,10,0,1,1,2,2,6,0,0,1,0,1,4,18,0,18
20232,R,전통시장,3130086,서울약령시장,1983,1076,907,73,143,313,251,319,884,48,77,185,160,185,421,25,66,128,91,134,463,1493,0,1493
20232,R,전통시장,3130087,경동광성상가(경동시장),75,34,41,1,3,8,6,12,45,0,0,5,3,8,18,1,3,3,3,4,27,50,0,50
20232,R,전통시장,3130088,경동시장,6,4,2,0,0,0,1,1,4,0,0,0,1,1,2,0,0,0,0,0,2,3,0,3
20232,R,전통시장,3130089,청량리수산시장,380,198,182,27,16,36,54,49,198,12,11,23,28,30,94,15,5,13,26,19,104,222,0,222
20232,R,전통시장,3130090,청량리종합시장,115,67,48,5,6,11,14,12,67,4,2,8,8,9,36,1,4,3,6,3,31,61,0,61
20232,R,전통시장,3130091,청량종합도매시장,437,227,210,18,27,87,44,55,206,8,17,56,24,32,90,10,10,31,20,23,116,412,0,412
20232,R,전통시장,3130092,청량리농수산물시장,450,247,203,29,43,62,36,64,216,18,26,32,20,34,117,11,17,30,16,30,99,229,0,229
20232,R,전통시장,3130094,청량리청과물시장,66,44,22,3,0,2,8,14,39,2,0,1,6,11,24,1,0,1,2,3,15,48,0,48
20232,R,전통시장,3130095,청량리전통시장,365,232,133,3,12,38,39,50,223,1,6,21,26,41,137,2,6,17,13,9,86,348,0,348
20232,R,전통시장,3130097,답십리 건축자재시장,1682,831,851,125,179,216,234,300,628,55,97,116,113,151,299,70,82,100,121,149,329,816,0,816
20232,R,전통시장,3130098,회기시장,1181,526,655,44,192,404,141,127,273,24,64,189,75,53,121,20,128,215,66,74,152,958,0,958
20232,R,전통시장,3130099,전농로터리시장,45,30,15,1,8,3,3,18,12,1,6,3,2,10,8,0,2,0,1,8,4,54,0,54
20232,R,전통시장,3130100,답십리시장,446,210,236,35,57,60,59,92,143,13,30,24,36,40,67,22,27,36,23,52,76,210,0,210
20232,R,전통시장,3130102,이문제일시장,66,27,39,8,7,5,11,16,19,0,3,2,6,8,8,8,4,3,5,8,11,34,0,34
20232,R,전통시장,3130103,이경시장,225,111,114,15,25,30,25,36,94,7,12,16,13,17,46,8,13,14,12,19,48,135,0,135
20232,R,전통시장,3130104,전곡시장,674,334,340,58,69,97,90,112,248,29,33,50,49,57,116,29,36,47,41,55,132,312,0,312
20232,R,전통시장,3130105,장미제일시장(중화동제일시장),967,481,486,98,99,138,148,163,321,50,42,75,81,86,147,48,57,63,67,77,174,570,0,570
20232,R,전통시장,3130106,중랑동부시장,1326,678,648,98,155,285,207,204,377,47,70,158,109,113,181,51,85,127,98,91,196,812,0,812
20232,R,전통시장,3130107,중랑동부시장(중랑교종합상가),184,99,85,10,9,64,40,15,46,4,5,36,24,9,21,6,4,28,16,6,25,117,0,117
20232,R,전통시장,3130108,태능엔터피아(태릉시장),326,169,157,36,35,56,46,50,103,17,21,26,29,24,52,19,14,30,17,26,51,118,0,118
20232,R,전통시장,3130109,묵1동도깨비시장,808,400,408,93,101,103,127,135,249,55,59,46,60,66,114,38,42,57,67,69,135,383,0,383
20232,R,전통시장,3130110,면목골목시장(면목시장),1775,902,873,172,171,260,293,286,593,85,94,129,159,154,281,87,77,131,134,132,312,865,0,865
20232,R,전통시장,3130111,"동원전통종합시장(동원시장, 동원전통시장 상점가)",2093,1061,1032,190,222,296,315,354,716,101,115,156,174,180,335,89,107,140,141,174,381,1035,0,1035
20232,R,전통시장,3130112,사가정시장,2023,1016,1007,146,223,331,279,346,698,72,113,177,158,174,322,74,110,154,121,172,376,1132,0,1132
20232,R,전통시장,3130113,신아타운,119,65,54,4,12,13,15,30,45,2,7,4,8,20,24,2,5,9,7,10,21,119,0,119
20232,R,전통시장,3130114,유영시장,120,57,63,13,20,12,16,25,34,7,12,6,7,10,15,6,8,6,9,15,19,45,0,45
20232,R,전통시장,3130115,우림골목시장,2050,1047,1003,149,195,290,284,357,775,74,99,166,164,185,359,75,96,124,120,172,416,1274,0,1274
20232,R,전통시장,3130116,동성타워프라자,301,154,147,41,33,41,46,43,97,23,17,25,24,19,46,18,16,16,22,24,51,98,0,98
20232,R,전통시장,3130117,정릉시장,847,423,424,62,83,142,101,122,337,29,43,80,63,67,141,33,40,62,38,55,196,516,0,516
20232,R,전통시장,3130118,정릉골 골목형상점가,660,323,337,79,74,95,113,98,201,48,29,42,62,53,89,31,45,53,51,45,112,274,0,274
20232,R,전통시장,3130119,정릉아리랑시장,387,196,191,37,37,60,59,53,141,21,21,34,32,25,63,16,16,26,27,28,78,229,0,229
20232,R,전통시장,3130120,돈암시장(돈암제일시장),295,134,161,20,21,58,33,32,131,10,10,29,18,20,47,10,11,29,15,12,84,130,0,130
20232,R,전통시장,3130121,길음시장,8,8,0,0,0,3,2,3,0,0,0,3,2,3,0,0,0,0,0,0,0,29,0,29
20232,R,전통시장,3130122,밤나무골시장,244,117,127,22,23,24,41,41,93,13,8,16,22,20,38,9,15,8,19,21,55,120,0,120
20232,R,전통시장,3130123,꿈의숲 장곡 골목형상점가,396,203,193,41,53,47,50,82,123,25,29,22,24,42,61,16,24,25,26,40,62,142,0,142
20232,R,전통시장,3130124,번동시장,32,19,13,8,1,4,4,2,13,6,0,3,1,1,8,2,1,1,3,1,5,8,0,8
20232,R,전통시장,3130125,장위전통시장,916,453,463,86,102,106,108,166,348,46,52,55,57,87,156,40,50,51,51,79,192,397,0,397
20232,R,전통시장,3130126,새석관시장,9,2,7,1,1,5,0,2,0,0,0,1,0,1,0,1,1,4,0,1,0,34,0,34
20232,R,전통시장,3130127,석관시장,182,108,74,14,16,23,27,39,63,10,10,14,17,28,29,4,6,9,10,11,34,87,0,87
20232,R,전통시장,3130128,돌곶이시장(석관황금시장),1959,998,961,149,208,257,275,339,731,81,108,134,149,176,350,68,100,123,126,163,381,924,0,924
20232,R,전통시장,3130129,장미원골목시장,1234,599,635,124,144,164,176,202,424,76,72,88,91,88,184,48,72,76,85,114,240,662,0,662
20232,R,전통시장,3130130,수유북부골목시장,67,34,33,3,3,9,10,6,36,2,2,7,5,4,14,1,1,2,5,2,22,30,0,30
20232,R,전통시장,3130131,동북프라자,26,12,14,4,3,1,3,4,11,1,0,0,2,3,6,3,3,1,1,1,5,16,0,16
20232,R,전통시장,3130132,삼양골목시장(삼양시장),697,350,347,55,68,93,102,127,252,36,24,49,51,70,120,19,44,44,51,57,132,351,0,351
20232,R,전통시장,3130133,우이골목시장(우이시장),1558,776,782,161,199,171,223,290,514,87,106,87,112,156,228,74,93,84,111,134,286,734,0,734
20232,R,전통시장,3130134,"솔샘시장(미아6,7동골목시장)",130,67,63,10,11,20,14,26,49,6,7,13,7,14,20,4,4,7,7,12,29,78,0,78
20232,R,전통시장,3130135,수유중앙골목시장(수유중앙시장),983,488,495,94,103,147,139,168,332,46,52,75,75,83,157,48,51,72,64,85,175,457,0,457
20232,R,전통시장,3130136,수유재래시장,492,252,240,40,54,67,61,89,181,18,26,44,34,44,86,22,28,23,27,45,95,220,0,220
20232,R,전통시장,3130137,"수유전통시장(수유시장, 수유골목시장)",493,251,242,37,51,73,76,79,177,19,28,44,38,40,82,18,23,29,38,39,95,299,0,299
20232,R,전통시장,3130138,수유프라자,241,107,134,21,26,39,34,29,92,9,12,16,14,11,45,12,14,23,20,18,47,87,0,87
20232,R,전통시장,3130139,강북종합전통시장(강북종합골목시장),2101,1033,1068,167,194,378,304,320,738,87,99,191,167,157,332,80,95,187,137,163,406,1343,0,1343
20232,R,전통시장,3130140,숭인시장,148,69,79,15,16,22,24,22,49,8,6,10,11,12,22,7,10,12,13,10,27,140,0,140
20232,R,전통시장,3130141,강북북부골목시장,987,471,516,118,89,136,186,139,319,53,49,60,92,78,139,65,40,76,94,61,180,526,0,526
20232,R,전통시장,3130143,방천골목시장,617,297,320,40,58,92,95,117,215,26,25,45,50,59,92,14,33,47,45,58,123,389,0,389
20232,R,전통시장,3130144,백운시장,370,174,196,37,46,50,51,54,132,17,21,28,21,25,62,20,25,22,30,29,70,210,0,210
20232,R,전통시장,3130145,쌍문역둘리상점가,592,294,298,44,69,99,67,92,221,20,35,54,34,40,111,24,34,45,33,52,110,473,0,473
20232,R,전통시장,3130146,쌍문시장(쌍문역골목시장),3414,1694,1720,235,315,613,537,550,1164,121,156,316,275,284,542,114,159,297,262,266,622,1953,0,1953
20232,R,전통시장,3130147,쌍문역동측상점가,866,425,441,76,69,142,144,137,298,38,33,72,71,66,145,38,36,70,73,71,153,473,0,473
20232,R,전통시장,3130148,방학동도깨비시장,1176,593,583,88,148,134,148,222,436,49,88,79,77,110,190,39,60,55,71,112,246,528,0,528
20232,R,전통시장,3130149,창동신창시장,2288,1106,1182,229,296,302,347,423,691,101,145,158,172,211,319,128,151,144,175,212,372,987,0,987
20232,R,전통시장,3130150,창동골목시장,1298,646,652,104,141,151,193,214,495,53,78,81,93,128,213,51,63,70,100,86,282,632,0,632
20232,R,전통시장,3130151,신도봉시장,211,109,102,15,39,26,19,44,68,4,19,16,11,23,36,11,20,10,8,21,32,80,0,80
20232,R,전통시장,3130152,오!도봉거리 상점가,720,397,323,49,80,80,95,133,283,24,40,45,58,80,150,25,40,35,37,53,133,411,0,411
20232,R,전통시장,3130153,창동역상점가,162,132,30,0,8,29,31,35,59,0,6,21,26,32,47,0,2,8,5,3,12,159,0,159
20232,R,전통시장,3130154,상계주공1단지(가)상가,191,104,87,113,14,17,2,18,27,66,9,7,2,8,12,47,5,10,0,10,15,24,0,24
20232,R,전통시장,3130156,시영2단지 무지개종합상가(중계 무지개2단지아파트상가),509,230,279,77,64,69,94,78,127,46,28,30,47,33,46,31,36,39,47,45,81,209,0,209
20232,R,전통시장,3130157,상계중앙시장,1835,894,941,111,194,259,228,310,733,66,93,142,121,144,328,45,101,117,107,166,405,945,0,945
20232,R,전통시장,3130158,상계역전종합상가,1165,524,641,140,132,201,189,192,311,69,62,101,81,89,122,71,70,100,108,103,189,469,0,469
20232,R,전통시장,3130159,공릉동 도깨비시장,1354,676,678,113,142,274,208,191,426,51,71,135,113,97,209,62,71,139,95,94,217,916,0,916
20232,R,전통시장,3130160,수일시장,92,45,47,2,6,7,7,15,55,1,4,2,6,9,23,1,2,5,1,6,32,61,0,61
20232,R,전통시장,3130161,증산종합시장,151,72,79,15,12,21,22,27,54,4,6,10,13,12,27,11,6,11,9,15,27,71,0,71
20232,R,전통시장,3130162,증산골목시장,97,58,39,6,8,16,17,19,31,3,7,11,10,11,16,3,1,5,7,8,15,96,0,96
20232,R,전통시장,3130163,응암오거리상점가,1250,614,636,102,107,252,199,192,398,57,54,116,105,101,181,45,53,136,94,91,217,846,0,846
20232,R,전통시장,3130164,역촌중앙시장,151,75,76,9,15,27,27,19,54,7,6,16,13,9,24,2,9,11,14,10,30,56,0,56
20232,R,전통시장,3130165,"대림골목시장(대림시장, 양지시장)",572,277,295,42,71,57,77,102,223,23,40,28,39,51,96,19,31,29,38,51,127,257,0,257
20232,R,전통시장,3130166,응암시장(신응암시장),215,120,95,33,13,29,51,28,61,21,8,18,29,15,29,12,5,11,22,13,32,81,0,81
20232,R,전통시장,3130167,연신내상점가(연빛거리),1685,852,833,113,189,379,276,264,464,57,90,194,157,137,217,56,99,185,119,127,247,923,0,923
20232,R,전통시장,3130168,연서시장,102,63,39,8,4,12,13,9,56,4,3,5,8,7,36,4,1,7,5,2,20,167,0,167
20232,R,전통시장,3130169,대조시장,1925,868,1057,139,153,391,340,269,633,63,70,171,175,124,265,76,83,220,165,145,368,1100,0,1100
20232,R,전통시장,3130170,제일시장,78,39,39,6,4,21,16,10,21,3,3,10,7,5,11,3,1,11,9,5,10,45,0,45
20232,R,전통시장,3130171,불광먹자골목 골목형상점가,1115,542,573,56,97,310,195,157,300,36,41,137,112,78,138,20,56,173,83,79,162,809,0,809
20232,R,전통시장,3130172,모래내시장(서중시장),47,31,16,0,2,5,2,9,29,0,2,4,2,5,18,0,0,1,0,4,11,59,0,59
20232,R,전통시장,3130173,백련시장,151,68,83,11,8,25,20,22,65,7,4,13,9,10,25,4,4,12,11,12,40,71,0,71
20232,R,전통시장,3130175,신촌 상인회(신촌상점가),6,3,3,0,1,4,0,0,1,0,1,1,0,0,1,0,0,3,0,0,0,3,0,3
20232,R,전통시장,3130176,유진상가,316,161,155,15,40,44,22,56,139,11,18,31,12,23,66,4,22,13,10,33,73,107,0,107
20232,R,전통시장,3130177,인왕시장(홍제골목형상점가),272,138,134,18,33,39,34,38,110,12,13,25,22,18,48,6,20,14,12,20,62,152,0,152
20232,R,전통시장,3130178,이대 앞 스타트업 상점가,44,17,27,0,7,15,4,2,16,0,0,10,1,0,6,0,7,5,3,2,10,35,0,35
20232,R,전통시장,3130179,"이화여대 3,5,7길 상점가",501,136,365,13,129,166,46,45,102,4,6,30,23,22,51,9,123,136,23,23,51,1238,0,1238
20232,R,전통시장,3130180,포방터시장,598,291,307,40,82,72,62,115,227,20,45,41,31,56,98,20,37,31,31,59,129,310,0,310
20232,R,전통시장,3130181,아현가구거리상점가,656,334,322,34,58,116,93,116,239,19,34,60,55,57,109,15,24,56,38,59,130,399,0,399
20232,R,전통시장,3130182,영천시장,558,280,278,23,50,71,69,100,245,11,24,38,44,54,109,12,26,33,25,46,136,294,0,294
20232,R,전통시장,3130183,상암동상점가,3058,1552,1506,297,295,669,504,464,829,148,155,329,279,255,386,149,140,340,225,209,443,1679,0,1679
20232,R,전통시장,3130185,망원월드컵시장,911,427,484,100,105,138,171,139,258,49,52,66,73,68,119,51,53,72,98,71,139,452,0,452
20232,R,전통시장,3130186,망원시장,2120,1006,1114,181,172,369,400,331,667,101,90,161,206,162,286,80,82,208,194,169,381,1068,0,1068
20232,R,전통시장,3130187,영진시장,222,99,123,17,17,39,35,28,86,8,11,16,17,10,37,9,6,23,18,18,49,134,0,134
20232,R,전통시장,3130189,서교시장,37,28,9,0,3,12,10,1,11,0,2,10,9,0,7,0,1,2,1,1,4,21,0,21
20232,R,전통시장,3130190,홍대소상공인상점가,431,214,217,18,55,150,66,45,97,11,24,81,28,26,44,7,31,69,38,19,53,258,0,258
20232,R,전통시장,3130191,홍대 걷고싶은 거리,694,321,373,34,87,211,88,79,195,19,39,104,46,35,78,15,48,107,42,44,117,328,0,328
20232,R,전통시장,3130192,동진시장,33,16,17,5,3,10,5,3,7,1,3,4,3,1,4,4,0,6,2,2,3,18,0,18
20232,R,전통시장,3130193,신수시장,72,35,37,5,9,11,7,13,27,2,5,4,4,7,13,3,4,7,3,6,14,40,0,40
20232,R,전통시장,3130194,용강동 상점가,727,360,367,132,64,85,139,125,182,62,35,42,72,71,78,70,29,43,67,54,104,358,0,358
20232,R,전통시장,3130195,도화동 상점가,2663,1220,1443,214,260,547,427,402,813,107,123,231,210,200,349,107,137,316,217,202,464,1475,0,1475
20232,R,전통시장,3130196,공덕시장,3,2,1,0,0,0,1,2,0,0,0,0,0,2,0,0,0,0,1,0,0,5,0,5
20232,R,전통시장,3130197,마포시장,78,56,22,3,3,7,7,21,37,1,0,7,6,19,23,2,3,0,1,2,14,59,0,59
20232,R,전통시장,3130198,아현시장,606,294,312,40,74,75,87,91,239,21,40,41,47,41,104,19,34,34,40,50,135,404,0,404
20232,R,전통시장,3130199,신월3동 골목시장,967,526,441,63,109,100,124,190,381,33,57,51,81,107,197,30,52,49,43,83,184,497,0,497
20232,R,전통시장,3130200,"신월7동 골목시장(약수시장, 우성상가)",269,128,141,21,25,46,36,46,95,10,9,26,21,21,41,11,16,20,15,25,54,110,0,110
20232,R,전통시장,3130201,월정로시장,1535,793,742,157,132,192,236,263,555,79,69,103,125,152,265,78,63,89,111,111,290,756,0,756
20232,R,전통시장,3130202,신영시장,1216,584,632,125,133,132,198,224,404,53,60,65,98,118,190,72,73,67,100,106,214,582,0,582
20232,R,전통시장,3130203,서서울 골목형상점가,656,319,337,43,53,104,89,118,249,16,27,57,46,58,115,27,26,47,43,60,134,345,0,345
20232,R,전통시장,3130204,경창시장,821,391,430,128,71,85,147,112,278,64,44,37,72,52,122,64,27,48,75,60,156,322,0,322
20232,R,전통시장,3130205,신곡종합시장(신월6동 골목시장),162,93,69,14,15,14,25,33,61,11,10,9,14,18,31,3,5,5,11,15,30,72,0,72
20232,R,전통시장,3130206,신정3동 골목시장,52,25,27,5,6,9,5,5,22,3,1,4,2,4,11,2,5,5,3,1,11,30,0,30
20232,R,전통시장,3130207,신정1동 골목시장(신정제일시장),181,76,105,13,18,23,16,28,83,3,4,10,6,15,38,10,14,13,10,13,45,106,0,106
20232,R,전통시장,3130208,목동깨비시장(목3동시장),1253,635,618,130,117,254,228,189,335,64,70,129,124,95,153,66,47,125,104,94,182,643,0,643
20232,R,전통시장,3130209,목사랑시장(목4동시장),1703,857,846,175,283,216,222,325,482,100,173,116,99,149,220,75,110,100,123,176,262,645,0,645
20232,R,전통시장,3130210,목2동시장,1050,532,518,62,74,196,139,146,433,29,32,103,79,77,212,33,42,93,60,69,221,841,0,841
20232,R,전통시장,3130211,신정2동 골목시장(오목교중앙시장),931,457,474,82,127,119,113,179,311,42,61,65,56,91,142,40,66,54,57,88,169,369,0,369
20232,R,전통시장,3130212,공항시장,351,157,194,5,30,142,45,43,86,3,10,53,26,26,39,2,20,89,19,17,47,307,0,307
20232,R,전통시장,3130213,방신전통시장,792,396,396,53,65,91,102,153,328,27,26,47,55,78,163,26,39,44,47,75,165,194,0,194
20232,R,전통시장,3130214,송화벽화시장(송화골목시장),543,267,276,60,83,68,98,99,135,30,41,27,46,52,71,30,42,41,52,47,64,320,0,320
20232,R,전통시장,3130216,화곡중앙시장,1042,500,542,148,100,172,187,149,286,65,51,92,91,67,134,83,49,80,96,82,152,455,0,455
20232,R,전통시장,3130217,화곡본동시장,348,153,195,34,32,68,67,45,102,18,13,28,28,19,47,16,19,40,39,26,55,179,0,179
20232,R,전통시장,3130218,신월중앙시장,86,50,36,15,4,17,25,8,17,7,4,9,14,7,9,8,0,8,11,1,8,45,0,45
20232,R,전통시장,3130219,까치산시장,960,422,538,97,77,173,185,125,303,51,32,77,89,51,122,46,45,96,96,74,181,512,0,512
20232,R,전통시장,3130220,등마루시장,631,252,379,24,25,26,21,38,497,14,8,13,11,14,192,10,17,13,10,24,305,393,0,393
20232,R,전통시장,3130221,"남부골목시장(남부화곡시장, 남부시장)",2164,1028,1136,201,183,319,374,316,771,103,103,155,188,152,327,98,80,164,186,164,444,951,0,951
20232,R,전통시장,3130222,오류시장,132,68,64,12,5,13,16,28,58,6,4,7,10,18,23,6,1,6,6,10,35,109,0,109
20232,R,전통시장,3130223,고척근린시장,636,304,332,44,72,79,75,109,257,20,34,41,38,54,117,24,38,38,37,55,140,313,0,313
20232,R,전통시장,3130225,개봉중앙시장,3138,1523,1615,300,370,436,492,511,1029,174,184,215,257,236,457,126,186,221,235,275,572,1332,0,1332
20232,R,전통시장,3130226,고척프라자,35,19,16,3,0,8,3,6,15,2,0,5,2,2,8,1,0,3,1,4,7,19,0,19
20232,R,전통시장,3130227,고척골목시장상점가(그라운드 고척),301,143,158,5,33,52,35,47,129,0,18,30,21,22,52,5,15,22,14,25,77,160,0,160
20232,R,전통시장,3130228,구로시장,249,129,120,17,26,25,26,56,99,10,11,10,18,33,47,7,15,15,8,23,52,135,0,135
20232,R,전통시장,3130229,남구로시장,763,442,321,69,60,72,122,134,306,36,30,42,74,94,166,33,30,30,48,40,140,402,0,402
20232,R,전통시장,3130230,가리봉시장,223,115,108,14,19,25,17,43,105,7,10,15,10,24,49,7,9,10,7,19,56,103,0,103
20232,R,전통시장,3130231,독산동 우시장,78,40,38,0,6,41,10,12,9,0,1,18,8,8,5,0,5,23,2,4,4,881,0,881
20232,R,전통시장,3130232,독산동 맛나는거리상점가(독산동 맛나는거리),1004,503,501,80,108,138,139,201,338,44,50,73,66,109,161,36,58,65,73,92,177,470,0,470
20232,R,전통시장,3130233,남문시장,1694,859,835,153,153,219,220,368,581,74,69,125,118,186,287,79,84,94,102,182,294,781,0,781
20232,R,전통시장,3130234,푸른터시장(기능상실),184,96,88,28,12,26,34,25,59,15,5,16,18,15,27,13,7,10,16,10,32,127,0,127
20232,R,전통시장,3130235,대명여울빛거리시장(대명시장),947,513,434,24,43,118,158,176,428,14,20,66,91,109,213,10,23,52,67,67,215,843,0,843
20232,R,전통시장,3130236,비단길현대시장(현대시장),2368,1137,1231,176,240,368,279,406,899,90,117,173,140,198,419,86,123,195,139,208,480,1174,0,1174
20232,R,전통시장,3130237,박미시장(기능상실),294,159,135,18,24,29,37,54,132,13,13,14,19,32,68,5,11,15,18,22,64,174,0,174
20232,R,전통시장,3130238,은행나무시장,1077,531,546,100,130,124,160,183,380,50,72,58,89,94,168,50,58,66,71,89,212,592,0,592
20232,R,전통시장,3130240,영등포유통상가,19,17,2,0,0,3,5,3,8,0,0,2,5,3,7,0,0,1,0,0,1,47,0,47
20232,R,전통시장,3130241,선유도역 골목형상점가,1220,616,604,174,121,234,240,176,275,77,70,117,135,91,126,97,51,117,105,85,149,777,0,777
20232,R,전통시장,3130242,대림중앙 골목형상점가,523,267,256,22,48,51,56,114,232,9,30,23,29,60,116,13,18,28,27,54,116,228,0,228
20232,R,전통시장,3130243,도림시장,53,26,27,4,6,4,9,11,19,2,5,2,6,6,5,2,1,2,3,5,14,52,0,52
20232,R,전통시장,3130244,대림중앙시장,1201,589,612,88,111,131,144,228,499,49,62,77,79,108,214,39,49,54,65,120,285,533,0,533
20232,R,전통시장,3130245,영일시장,237,166,71,5,6,22,20,48,136,3,5,15,13,43,87,2,1,7,7,5,49,138,0,138
20232,R,전통시장,3130246,영등포청과시장(조광시장),1206,678,528,68,100,151,153,219,515,34,53,97,98,134,262,34,47,54,55,85,253,1118,0,1118
20232,R,전통시장,3130247,우리시장,437,220,217,33,48,50,47,79,180,17,26,28,24,39,86,16,22,22,23,40,94,182,0,182
20232,R,전통시장,3130248,영등포역지하도상점가,49,27,22,3,1,5,10,8,22,2,1,5,4,6,9,1,0,0,6,2,13,33,0,33
20232,R,전통시장,3130249,동남상가,164,80,84,8,13,26,23,28,66,6,8,11,15,14,26,2,5,15,8,14,40,69,0,69
20232,R,전통시장,3130250,삼구시장(로타리상가),4,3,1,0,0,0,0,1,3,0,0,0,0,1,2,0,0,0,0,0,1,7,0,7
20232,R,전통시장,3130253,영신상가(제일상가),21,19,2,0,0,0,2,3,16,0,0,0,2,3,14,0,0,0,0,0,2,42,0,42
20232,R,전통시장,3130255,영등포전통시장,839,503,336,31,45,79,87,149,448,20,30,54,54,105,240,11,15,25,33,44,208,757,0,757
20232,R,전통시장,3130256,신동시장,51,26,25,3,5,3,9,11,20,2,5,2,6,5,6,1,0,1,3,6,14,25,0,25
20232,R,전통시장,3130257,영등포시장기계공구상가,155,116,39,6,3,6,15,48,77,2,2,4,14,40,54,4,1,2,1,8,23,473,0,473
20232,R,전통시장,3130258,영진시장A동,132,69,63,14,13,15,19,17,54,8,4,11,10,8,28,6,9,4,9,9,26,47,0,47
20232,R,전통시장,3130259,대신시장,234,103,131,23,27,21,40,37,86,11,11,10,16,19,36,12,16,11,24,18,50,82,0,82
20232,R,전통시장,3130260,신대방1동골목상권,605,300,305,44,60,76,82,107,236,23,26,40,45,51,115,21,34,36,37,56,121,303,0,303
20232,R,전통시장,3130261,성대전통시장(성대시장),1937,910,1027,135,170,360,302,317,653,70,88,148,147,155,302,65,82,212,155,162,351,1222,0,1222
20232,R,전통시장,3130262,상도도깨비 골목형상점가,913,433,480,69,97,152,129,145,321,35,49,84,58,72,135,34,48,68,71,73,186,488,0,488
20232,R,전통시장,3130263,신노량진시장(기능상실),193,97,96,11,14,38,25,34,71,6,5,18,13,16,39,5,9,20,12,18,32,132,0,132
20232,R,전통시장,3130264,상도약수골목형상점가,474,227,247,54,53,98,65,74,130,23,32,41,36,34,61,31,21,57,29,40,69,260,0,260
20232,R,전통시장,3130265,노량진중앙시장,91,50,41,3,14,39,10,5,20,1,10,21,7,2,9,2,4,18,3,3,11,97,0,97
20232,R,전통시장,3130266,만양로상점가,75,43,32,2,4,29,7,9,24,2,1,19,5,4,12,0,3,10,2,5,12,53,0,53
20232,R,전통시장,3130267,본동인정시장(기능상실),265,143,122,16,21,58,43,37,90,7,13,36,26,20,41,9,8,22,17,17,49,184,0,184
20232,R,전통시장,3130268,상도전통시장,1531,742,789,96,152,291,222,230,540,57,74,148,119,114,230,39,78,143,103,116,310,975,0,975
20232,R,전통시장,3130269,강남시장(동작구 강남시장),157,71,86,11,16,34,19,24,53,8,7,15,10,8,23,3,9,19,9,16,30,57,0,57
20232,R,전통시장,3130270,흑석시장,53,21,32,2,1,8,6,5,31,2,0,3,5,1,10,0,1,5,1,4,21,32,0,32
20232,R,전통시장,3130271,남성역골목시장,533,238,295,43,47,86,86,77,194,22,23,38,37,36,82,21,24,48,49,41,112,325,0,325
20232,R,전통시장,3130272,사당시장,13,9,4,0,3,1,2,5,2,0,1,1,2,4,1,0,2,0,0,1,1,5,0,5
20232,R,전통시장,3130273,남성사계시장(남성시장),748,374,374,38,50,175,125,90,270,20,24,71,74,55,130,18,26,104,51,35,140,463,0,463
20232,R,전통시장,3130274,사당1동먹자골목상점가(사당1동먹자골목),747,358,389,31,70,214,121,91,220,15,35,93,56,56,103,16,35,121,65,35,117,544,0,544
20232,R,전통시장,3130275,강남골목시장,409,199,210,40,32,89,74,60,114,14,13,45,44,35,48,26,19,44,30,25,66,247,0,247
20232,R,전통시장,3130276,신림중앙시장(조원동 펭귄시장),63,30,33,4,6,26,13,4,10,2,1,13,6,2,6,2,5,13,7,2,4,56,0,56
20232,R,전통시장,3130277,조원동 펭귄시장(신림중앙시장),1393,704,689,124,136,339,215,207,372,57,62,187,123,104,171,67,74,152,92,103,201,832,0,832
20232,R,전통시장,3130278,미성동 도깨비시장 골목형상점가,875,415,460,68,90,114,119,153,331,30,41,59,61,77,147,38,49,55,58,76,184,407,0,407
20232,R,전통시장,3130279,관악신사시장,2214,1128,1086,163,215,403,334,404,695,95,105,206,186,216,320,68,110,197,148,188,375,1355,0,1355
20232,R,전통시장,3130280,신림종합시장,279,147,132,18,29,102,46,35,49,12,12,61,19,17,26,6,17,41,27,18,23,191,0,191
20232,R,전통시장,3130281,우림시장,73,31,42,7,4,16,11,6,29,3,2,7,5,3,11,4,2,9,6,3,18,35,0,35
20232,R,전통시장,3130282,난곡 골목형상점가,339,174,165,32,26,59,55,43,124,19,15,33,32,17,58,13,11,26,23,26,66,166,0,166
20232,R,전통시장,3130283,신원시장,381,213,168,25,30,79,42,55,150,15,13,49,22,33,81,10,17,30,20,22,69,300,0,300
20232,R,전통시장,3130285,서원동상점가,488,221,267,5,48,238,89,59,49,3,15,100,48,29,26,2,33,138,41,30,23,751,0,751
20232,R,전통시장,3130286,신신림시장(삼성동시장),33,18,15,4,1,5,5,7,11,2,0,2,3,6,5,2,1,3,2,1,6,21,0,21
20232,R,전통시장,3130287,삼성동 시장(삼성동시장),181,101,80,10,11,15,23,31,91,6,7,12,15,18,43,4,4,3,8,13,48,117,0,117
20232,R,전통시장,3130288,신림현대종합상가,18,11,7,0,0,5,3,4,6,0,0,1,3,4,3,0,0,4,0,0,3,10,0,10
20232,R,전통시장,3130290,영림시장,1771,851,920,142,121,290,267,257,694,84,69,134,146,119,299,58,52,156,121,138,395,1468,0,1468
20232,R,전통시장,3130291,봉천제일종합시장,103,47,56,5,8,31,16,16,27,1,3,13,10,7,13,4,5,18,6,9,14,151,0,151
20232,R,전통시장,3130293,봉천중앙시장,321,145,176,9,34,159,44,41,34,5,9,69,22,21,19,4,25,90,22,20,15,322,0,322
20232,R,전통시장,3130294,관악중부시장,549,274,275,21,45,183,72,59,169,9,23,84,42,36,80,12,22,99,30,23,89,409,0,409
20232,R,전통시장,3130295,인헌시장(원당종합시장),1291,660,631,58,78,352,223,178,402,34,42,180,115,97,192,24,36,172,108,81,210,951,0,951
20232,R,전통시장,3130296,남부종합시장,131,66,65,22,23,15,13,25,33,16,11,6,5,13,15,6,12,9,8,12,18,79,0,79
20232,R,전통시장,3130301,양재시장,139,69,70,7,13,37,20,26,36,5,7,19,10,10,18,2,6,18,10,16,18,132,0,132
20232,R,전통시장,3130302,강남시장(강남구 강남시장),303,148,155,39,19,54,62,32,97,24,9,23,34,16,42,15,10,31,28,16,55,109,0,109
20232,R,전통시장,3130303,영동전통시장,1246,567,679,77,102,319,268,191,289,34,54,135,126,96,122,43,48,184,142,95,167,728,0,728
20232,R,전통시장,3130305,논현종합시장,89,34,55,6,8,12,17,15,31,2,3,2,6,7,14,4,5,10,11,8,17,47,0,47
20232,R,전통시장,3130318,로데오거리상점가,580,280,300,12,29,195,173,73,98,3,16,88,78,40,55,9,13,107,95,33,43,670,0,670
20232,R,전통시장,3130319,성내전통시장,1150,596,554,102,90,199,172,181,406,51,43,108,93,95,206,51,47,91,79,86,200,715,0,715
20232,R,전통시장,3130320,암사종합시장,955,490,465,67,99,186,181,144,278,31,61,96,99,74,129,36,38,90,82,70,149,556,0,556
20232,R,전통시장,3130321,장신구 특화거리 상점가,1046,516,530,129,131,173,204,154,255,57,72,82,109,73,123,72,59,91,95,81,132,664,0,664
20232,R,전통시장,3130322,고분다리전통시장,824,432,392,45,98,98,111,147,325,24,49,50,64,82,163,21,49,48,47,65,162,437,0,437
20232,R,전통시장,3130323,둔촌역전통시장,1781,870,911,161,238,272,254,311,545,81,137,144,125,146,237,80,101,128,129,165,308,718,0,718
20232,R,전통시장,3130324,길동복조리시장,1337,649,688,128,152,184,214,191,468,72,78,92,113,89,205,56,74,92,101,102,263,489,0,489
20232,U,관광특구,3001493,동대문패션타운 관광특구,1807,941,866,163,161,338,303,288,554,90,83,154,153,155,306,73,78,184,150,133,248,1704,0,1704
20232,U,관광특구,3001494,종로?청계 관광특구,1720,1092,628,32,94,178,157,304,955,14,51,123,103,207,594,18,43,55,54,97,361,1475,0,1475
20232,U,관광특구,3001495,잠실 관광특구,5902,2885,3017,572,462,1173,1128,849,1718,319,223,536,531,406,870,253,239,637,597,443,848,6271,0,6271
20232,U,관광특구,3001496,강남 마이스 관광특구,19,11,8,6,0,1,4,1,7,3,0,0,2,1,5,3,0,1,2,0,2,18,0,18
20233,A,골목상권,3110412,창동중학교,382,189,193,48,56,59,58,61,100,20,33,32,28,24,52,28,23,27,30,37,48,154,0,154
20233,A,골목상권,3110413,누원고등학교,772,370,402,119,81,86,122,115,249,59,40,44,59,57,111,60,41,42,63,58,138,1047,0,1047
20233,A,골목상권,3110414,장석교회,1149,582,567,135,154,138,176,177,369,73,78,79,87,95,170,62,76,59,89,82,199,465,0,465
20233,A,골목상권,3110415,수락산역 4번,5231,2638,2593,543,671,747,762,909,1599,275,363,419,380,440,761,268,308,328,382,469,838,2328,0,2328
20233,A,골목상권,3110416,노원초등학교,2601,1251,1350,321,398,336,378,477,691,151,210,161,179,218,332,170,188,175,199,259,359,920,0,920
20233,A,골목상권,3110417,월계역 3번,958,506,452,66,111,131,142,153,355,39,59,66,86,82,174,27,52,65,56,71,181,590,0,590
20233,A,골목상권,3110418,광운대학교 남단,1590,891,699,99,265,310,181,221,514,49,158,208,109,113,254,50,107,102,72,108,260,824,0,824
20233,A,골목상권,3110419,수락산디자인거리,3256,1582,1674,303,397,494,442,530,1090,161,200,256,206,248,511,142,197,238,236,282,579,1365,0,1365
20233,A,골목상권,3110420,광운대역 1번,1358,778,580,107,287,247,161,185,371,52,174,183,86,109,174,55,113,64,75,76,197,856,0,856
20233,A,골목상권,3110421,석계역 1번,1483,779,704,94,139,191,206,231,622,50,83,106,114,135,291,44,56,85,92,96,331,735,0,735
20233,A,골목상권,3110422,노원역 9번,1005,489,516,124,138,135,177,174,257,62,65,65,89,85,123,62,73,70,88,89,134,354,0,354
20233,A,골목상권,3110423,석계역 2번,547,260,287,108,40,75,81,79,164,47,17,33,43,40,80,61,23,42,38,39,84,229,0,229
20233,A,골목상권,3110424,상계초등학교,3092,1569,1523,265,435,445,419,531,997,130,239,215,227,257,501,135,196,230,192,274,496,1378,0,1378
20233,A,골목상권,3110425,계상초등학교,3869,1906,1963,354,503,487,546,646,1333,178,259,261,280,322,606,176,244,226,266,324,727,1627,0,1627
20233,A,골목상권,3110426,상계2동주민센터,4253,2093,2160,286,503,652,571,746,1495,147,251,339,319,365,672,139,252,313,252,381,823,2202,0,2202
20233,A,골목상권,3110427,노원 을지대학교병원,640,320,320,66,95,103,64,122,190,33,52,60,32,58,85,33,43,43,32,64,105,216,0,216
20233,A,골목상권,3110428,상계5동주민센터,9414,4650,4764,780,1110,1172,1288,1624,3440,379,585,620,680,807,1579,401,525,552,608,817,1861,4351,0,4351
20233,A,골목상권,3110429,공릉동 국수거리,5140,2545,2595,481,549,1094,873,678,1465,235,268,537,487,332,686,246,281,557,386,346,779,2470,0,2470
20233,A,골목상권,3110430,중계초등학교,66,32,34,1,13,4,11,18,19,0,7,3,5,8,9,1,6,1,6,10,10,25,0,25
20233,A,골목상권,3110431,상계역,910,492,418,80,120,114,113,172,311,34,71,63,63,95,166,46,49,51,50,77,145,466,0,466
20233,A,골목상권,3110432,대진고등학교,1926,946,980,227,340,288,201,360,510,118,179,147,91,158,253,109,161,141,110,202,257,906,0,906
20233,A,골목상권,3110433,공릉역 2번,4427,2292,2135,316,730,1004,564,578,1235,160,357,589,330,267,589,156,373,415,234,311,646,2643,0,2643
20233,A,골목상권,3110434,태릉입구역 4번,1746,874,872,154,166,382,255,262,527,75,68,195,154,131,251,79,98,187,101,131,276,862,0,862
20233,A,골목상권,3110435,서울과학기술대,266,131,135,21,49,40,38,43,75,11,21,18,19,23,39,10,28,22,19,20,36,146,0,146
20233,A,골목상권,3110436,상계제일중학교,1370,676,694,126,245,171,176,283,369,54,130,108,83,133,168,72,115,63,93,150,201,633,0,633
20233,A,골목상권,3110437,당고개역 2번,1563,800,763,100,142,177,213,265,666,59,68,99,124,141,309,41,74,78,89,124,357,823,0,823
20233,A,골목상권,3110438,경춘선숲길 우측,3249,1746,1503,268,722,663,429,411,756,157,380,401,236,204,368,111,342,262,193,207,388,2292,0,2292
20233,A,골목상권,3110439,당고개역 5번,4557,2268,2289,392,543,545,628,815,1634,216,298,286,343,414,711,176,245,259,285,401,923,1835,0,1835
20233,A,골목상권,3110440,상계3동4동주민센터,1943,1010,933,178,208,253,285,312,707,102,113,145,167,160,323,76,95,108,118,152,384,750,0,750
20233,A,골목상권,3110441,영신여고,2426,1171,1255,333,441,233,348,499,572,164,221,112,150,253,271,169,220,121,198,246,301,856,0,856
20233,A,골목상권,3110442,화랑대철도공원,328,112,216,39,98,56,31,44,60,19,19,12,17,19,26,20,79,44,14,25,34,234,0,234
20233,A,골목상권,3110443,수색역 1번,14,9,5,0,0,0,3,3,8,0,0,0,3,2,4,0,0,0,0,1,4,12,0,12
20233,A,골목상권,3110444,수색성당,595,296,299,76,55,75,104,82,203,35,33,40,54,39,95,41,22,35,50,43,108,219,0,219
20233,A,골목상권,3110445,덕산중학교,1544,756,788,188,190,197,238,238,493,85,102,100,131,118,220,103,88,97,107,120,273,716,0,716
20233,A,골목상권,3110446,내를건너서숲으로도서관,1379,646,733,130,150,178,221,228,472,60,67,91,111,109,208,70,83,87,110,119,264,936,0,936
20233,A,골목상권,3110447,구산초등학교,1543,744,799,182,178,219,253,217,494,89,92,107,131,110,215,93,86,112,122,107,279,758,0,758
20233,A,골목상권,3110448,상신초등학교입구,2590,1319,1271,317,313,349,416,461,734,164,178,204,219,226,328,153,135,145,197,235,406,1145,0,1145
20233,A,골목상권,3110449,증산역 3번,5484,2684,2800,579,601,729,812,880,1883,316,300,375,392,450,851,263,301,354,420,430,1032,2367,0,2367
20233,A,골목상권,3110450,시립서북병원,8809,4214,4595,1080,1114,1195,1456,1453,2511,521,554,575,723,686,1155,559,560,620,733,767,1356,3281,0,3281
20233,A,골목상권,3110451,증산역 4번,5672,2807,2865,546,641,784,856,935,1910,270,326,398,448,459,906,276,315,386,408,476,1004,2491,0,2491
20233,A,골목상권,3110452,새절역 3번,2660,1325,1335,236,286,402,414,387,935,120,155,202,228,189,431,116,131,200,186,198,504,1375,0,1375
20233,A,골목상권,3110453,신사1동주민센터,8614,4195,4419,862,919,1313,1528,1363,2629,439,508,632,791,641,1184,423,411,681,737,722,1445,3890,0,3890
20233,A,골목상권,3110454,선정중학교,6292,2990,3302,773,808,842,1141,988,1740,390,378,405,596,483,738,383,430,437,545,505,1002,2535,0,2535
20233,A,골목상권,3110455,역촌노인복지관,8351,4010,4341,1018,951,1142,1498,1392,2350,499,471,540,763,689,1048,519,480,602,735,703,1302,3763,0,3763
20233,A,골목상권,3110456,구산보건지소,8243,3966,4277,1027,1064,1103,1397,1409,2243,518,527,537,717,681,986,509,537,566,680,728,1257,3437,0,3437
20233,A,골목상권,3110457,예일여고,4391,2071,2320,436,578,625,687,778,1287,220,263,302,339,353,594,216,315,323,348,425,693,1882,0,1882
20233,A,골목상권,3110458,선일여고,5649,2711,2938,640,869,846,833,985,1476,333,450,404,411,441,672,307,419,442,422,544,804,2329,0,2329
20233,A,골목상권,3110459,응암역 2번,4912,2315,2597,661,579,627,889,791,1365,323,306,291,429,368,598,338,273,336,460,423,767,2094,0,2094
20233,A,골목상권,3110460,구산역 4번,5531,2689,2842,629,717,751,903,960,1571,330,367,372,469,458,693,299,350,379,434,502,878,2394,0,2394
20233,A,골목상권,3110461,새절역 2번,1773,835,938,163,179,291,287,261,592,89,95,138,136,126,251,74,84,153,151,135,341,880,0,880
20233,A,골목상권,3110462,갈현건영아파트,6346,3133,3213,555,797,851,876,1086,2181,303,426,448,464,531,961,252,371,403,412,555,1220,2879,0,2879
20233,A,골목상권,3110463,응암3동주민센터,2226,1083,1143,160,205,304,312,426,819,85,112,153,170,208,355,75,93,151,142,218,464,1236,0,1236
20233,A,골목상권,3110464,연신내역 5번,4084,1940,2144,417,528,625,669,679,1166,229,268,274,355,308,506,188,260,351,314,371,660,2154,0,2154
20233,A,골목상권,3110465,연신내역 7번,2589,1225,1364,251,296,460,404,398,780,121,151,222,210,181,340,130,145,238,194,217,440,1335,0,1335
20233,A,골목상권,3110466,구산역 2번,4374,2093,2281,482,491,598,708,707,1388,250,237,293,360,345,608,232,254,305,348,362,780,1938,0,1938
20233,A,골목상권,3110467,은평요양병원,1109,543,566,109,103,176,177,152,392,58,52,84,100,71,178,51,51,92,77,81,214,776,0,776
20233,A,골목상권,3110468,응암역 3번,12111,5748,6363,1485,1360,1675,2186,1950,3455,749,693,747,1084,942,1533,736,667,928,1102,1008,1922,5100,0,5100
20233,A,골목상권,3110469,응암정보도서관,7458,3707,3751,589,882,938,974,1306,2769,296,472,518,505,665,1251,293,410,420,469,641,1518,3710,0,3710
20233,A,골목상권,3110470,신진과학기술고등학교,2018,961,1057,343,193,290,389,298,505,167,102,134,185,152,221,176,91,156,204,146,284,971,0,971
20233,A,골목상권,3110471,응암동우체국,4124,2054,2070,346,484,510,600,731,1453,172,262,265,325,367,663,174,222,245,275,364,790,2292,0,2292
20233,A,골목상권,3110472,연신내역 4번,5473,2569,2904,524,568,931,914,829,1707,237,268,446,452,394,772,287,300,485,462,435,935,2742,0,2742
20233,A,골목상권,3110473,구산역 1번,9899,4707,5192,1129,1098,1330,1670,1647,3025,546,540,662,843,781,1335,583,558,668,827,866,1690,4409,0,4409
20233,A,골목상권,3110474,세명컴퓨터고등학교,4603,2302,2301,396,525,736,700,739,1507,199,284,387,386,350,696,197,241,349,314,389,811,2247,0,2247
20233,A,골목상권,3110475,백련산해모로아파트,3424,1656,1768,457,385,438,608,538,998,232,196,213,302,269,444,225,189,225,306,269,554,1420,0,1420
20233,A,골목상권,3110476,역촌역 2번,1270,592,678,122,130,213,197,221,387,64,52,104,94,106,172,58,78,109,103,115,215,591,0,591
20233,A,골목상권,3110477,은평세무서,3132,1489,1643,372,318,421,517,493,1011,180,165,196,258,235,455,192,153,225,259,258,556,1409,0,1409
20233,A,골목상권,3110478,응암1동주민센터,3246,1546,1700,357,363,378,511,572,1065,184,176,190,252,284,460,173,187,188,259,288,605,1584,0,1584
20233,A,골목상권,3110479,연신내역 2번,3962,1955,2007,292,411,548,541,675,1495,167,228,292,278,316,674,125,183,256,263,359,821,1915,0,1915
20233,A,골목상권,3110480,연신내역 3번,3157,1492,1665,275,313,546,511,459,1053,137,163,270,267,201,454,138,150,276,244,258,599,1554,0,1554
20233,A,골목상권,3110481,불광역 7번,3327,1596,1731,285,350,677,573,490,952,166,158,300,311,235,426,119,192,377,262,255,526,1750,0,1750
20233,A,골목상권,3110482,연신초등학교,1593,789,804,121,182,209,208,314,559,61,99,104,109,151,265,60,83,105,99,163,294,780,0,780
20233,A,골목상권,3110483,연천초등학교,3404,1599,1805,320,416,476,495,595,1102,148,205,227,257,282,480,172,211,249,238,313,622,1585,0,1585
20233,A,골목상권,3110484,역촌역 3번,8280,4024,4256,887,773,1113,1406,1323,2778,436,403,569,724,681,1211,451,370,544,682,642,1567,4081,0,4081
20233,A,골목상권,3110485,연신내우체국,2599,1237,1362,280,257,341,386,426,909,138,129,171,199,208,392,142,128,170,187,218,517,1231,0,1231
20233,A,골목상권,3110486,은평구청,1966,990,976,270,187,285,361,306,557,156,102,127,193,164,248,114,85,158,168,142,309,931,0,931
20233,A,골목상권,3110487,불광역 8번,291,147,144,19,28,27,39,46,132,13,16,13,20,23,62,6,12,14,19,23,70,200,0,200
20233,A,골목상권,3110488,우리은행응암동지점,3057,1459,1598,370,299,407,508,499,974,189,147,211,259,235,418,181,152,196,249,264,556,1384,0,1384
20233,A,골목상권,3110489,불광역 3번,1329,613,716,105,103,232,205,183,501,54,51,113,103,86,206,51,52,119,102,97,295,709,0,709
20233,A,골목상권,3110490,녹번동근린공원,5238,2575,2663,538,575,705,867,847,1706,295,289,389,445,414,743,243,286,316,422,433,963,2447,0,2447
20233,A,골목상권,3110491,불광중학교,1436,705,731,155,156,161,222,224,518,78,86,81,121,103,236,77,70,80,101,121,282,651,0,651
20233,A,골목상권,3110492,하나고등학교,144,72,72,14,21,6,18,32,53,9,11,5,8,17,22,5,10,1,10,15,31,227,0,227
20233,A,골목상권,3110493,북가좌초등학교,1505,758,747,163,139,214,209,227,553,89,74,107,117,121,250,74,65,107,92,106,303,613,0,613
20233,A,골목상권,3110494,증산3교남측,868,427,441,97,91,130,122,149,279,46,43,64,60,75,139,51,48,66,62,74,140,363,0,363
20233,A,골목상권,3110495,북가좌2동주민센터,6502,3141,3361,701,667,883,1134,1004,2113,360,352,418,581,478,952,341,315,465,553,526,1161,3036,0,3036
20233,A,골목상권,3110496,모래내우체국,2178,1065,1113,237,231,314,330,326,740,127,108,158,168,172,332,110,123,156,162,154,408,967,0,967
20233,A,골목상권,3110497,가좌역 3번,31,14,17,3,2,4,2,4,16,2,0,3,1,2,6,1,2,1,1,2,10,135,0,135
20233,A,골목상권,3110498,증산역 1번,3569,1761,1808,311,364,531,587,535,1241,152,204,284,305,267,549,159,160,247,282,268,692,1638,0,1638
20233,A,골목상권,3110499,연가초등학교,6430,3205,3225,711,971,909,994,1132,1713,368,502,499,496,546,794,343,469,410,498,586,919,2724,0,2724
20233,A,골목상권,3110500,남가좌동현대아파트,772,372,400,174,77,106,147,100,168,77,43,51,82,44,75,97,34,55,65,56,93,247,0,247
20233,A,골목상권,3110501,연희어린이공원,1522,758,764,91,152,304,213,229,533,51,80,155,114,104,254,40,72,149,99,125,279,664,0,664
20233,A,골목상권,3110502,남가좌파출소,3808,1878,1930,364,410,529,566,600,1339,190,219,267,301,322,579,174,191,262,265,278,760,1922,0,1922
20233,A,골목상권,3110503,명지대학교교회,5162,2592,2570,441,749,956,713,822,1481,231,345,537,350,432,697,210,404,419,363,390,784,2865,0,2865
20233,A,골목상권,3110504,명지전문대,207,101,106,26,34,20,31,40,56,14,14,14,12,23,24,12,20,6,19,17,32,99,0,99
20233,A,골목상권,3110505,홍남교남측,227,121,106,15,33,26,32,50,71,7,19,15,22,26,32,8,14,11,10,24,39,77,0,77
20233,A,골목상권,3110506,연희임광아파트,582,260,322,57,46,161,127,77,114,24,19,74,58,40,45,33,27,87,69,37,69,354,0,354
20233,A,골목상권,3110507,명지대학교,6854,3335,3519,624,833,1122,970,1117,2188,311,396,595,495,547,991,313,437,527,475,570,1197,3598,0,3598
20233,A,골목상권,3110508,서연중학교,2270,1105,1165,304,223,282,355,352,754,150,124,145,162,168,356,154,99,137,193,184,398,949,0,949
20233,A,골목상권,3110509,연희대우아파트앞,3724,1745,1979,272,370,1238,612,432,800,147,156,573,303,216,350,125,214,665,309,216,450,2210,0,2210
20233,A,골목상권,3110510,홍연시장,1178,609,569,95,129,147,147,195,465,47,71,92,78,111,210,48,58,55,69,84,255,511,0,511
20233,A,골목상권,3110511,연희초등학교,5399,2802,2597,360,693,1944,779,582,1041,182,352,1139,379,280,470,178,341,805,400,302,571,3984,0,3984
20233,A,골목상권,3110512,연희지하차도,3384,1639,1745,316,412,468,503,568,1117,163,218,243,256,273,486,153,194,225,247,295,631,1743,0,1743
20233,A,골목상권,3110513,연희파출소,1052,493,559,139,110,191,183,159,270,67,49,86,88,83,120,72,61,105,95,76,150,489,0,489
20233,A,골목상권,3110514,서대문우체국,2136,1081,1055,82,297,888,251,195,423,45,140,479,137,90,190,37,157,409,114,105,233,1583,0,1583
20233,A,골목상권,3110515,홍은중학교,2507,1210,1297,253,315,310,376,414,839,133,148,158,194,200,377,120,167,152,182,214,462,1163,0,1163
20233,A,골목상권,3110516,정원여중,1230,587,643,109,143,176,184,233,385,43,76,89,92,114,173,66,67,87,92,119,212,468,0,468
20233,A,골목상권,3110517,서대문소방서,969,465,504,196,127,139,135,158,214,109,62,61,61,72,100,87,65,78,74,86,114,430,0,430
20233,A,골목상권,3110518,서대문구청,557,256,301,68,69,73,80,97,170,30,34,33,37,46,76,38,35,40,43,51,94,242,0,242
20233,A,골목상권,3110519,서대문구보건소별관,4078,1910,2168,516,474,523,604,638,1323,223,237,264,310,315,561,293,237,259,294,323,762,1696,0,1696
20233,A,골목상권,3110520,경의중앙 신촌역,1512,713,799,58,223,479,202,170,380,33,86,245,101,94,154,25,137,234,101,76,226,1101,0,1101
20233,A,골목상권,3110521,홍제역 4번,1021,502,519,73,102,145,157,162,382,40,59,72,77,79,175,33,43,73,80,83,207,490,0,490
20233,A,골목상권,3110522,홍제역 3번,1411,646,765,128,164,163,220,223,513,59,84,81,112,101,209,69,80,82,108,122,304,654,0,654
20233,A,골목상권,3110523,홍제성원아파트,575,281,294,49,76,72,77,82,219,24,33,38,40,38,108,25,43,34,37,44,111,227,0,227
20233,A,골목상권,3110524,연희세브란스병원,216,94,122,27,21,70,37,17,44,14,4,30,16,10,20,13,17,40,21,7,24,174,0,174
20233,A,골목상권,3110525,홍은종합사회복지관,415,196,219,50,44,33,71,71,146,25,22,15,34,35,65,25,22,18,37,36,81,251,0,251
20233,A,골목상권,3110526,봉원사,1129,503,626,114,140,338,134,135,268,60,45,137,61,69,131,54,95,201,73,66,137,773,0,773
20233,A,골목상권,3110527,홍제역 2번,1705,820,885,123,172,276,189,301,644,65,90,136,93,150,286,58,82,140,96,151,358,993,0,993
20233,A,골목상권,3110528,서울여자간호대학교,1349,677,672,129,160,160,176,254,470,77,79,88,100,128,205,52,81,72,76,126,265,711,0,711
20233,A,골목상권,3110529,홍제3동주민센터,3657,1771,1886,258,389,461,482,633,1434,125,196,237,282,312,619,133,193,224,200,321,815,1765,0,1765
20233,A,골목상권,3110530,아현역 1번,288,144,144,16,23,47,46,40,116,8,8,28,25,22,53,8,15,19,21,18,63,169,0,169
20233,A,골목상권,3110531,홍지문,460,229,231,29,69,88,57,69,148,14,36,46,30,41,62,15,33,42,27,28,86,228,0,228
20233,A,골목상권,3110532,아현역 2번,2224,1049,1175,159,221,313,332,404,795,74,107,166,179,212,311,85,114,147,153,192,484,1212,0,1212
20233,A,골목상권,3110533,충정로역 7번,1174,606,568,53,121,195,178,216,411,28,64,113,92,119,190,25,57,82,86,97,221,650,0,650
20233,A,골목상권,3110534,경기대학교,1726,845,881,141,205,283,205,286,606,63,96,154,109,154,269,78,109,129,96,132,337,871,0,871
20233,A,골목상권,3110535,영천시장입구,1441,663,778,144,149,180,215,230,523,81,76,85,100,122,199,63,73,95,115,108,324,726,0,726
20233,A,골목상권,3110536,돈의문센트레빌아파트입구,750,392,358,36,81,143,107,146,237,15,47,72,60,76,122,21,34,71,47,70,115,399,0,399
20233,A,골목상권,3110537,충정로현대아파트,760,352,408,85,67,209,123,95,181,33,30,96,55,53,85,52,37,113,68,42,96,607,0,607
20233,A,골목상권,3110538,충정로역 3번,313,159,154,14,30,80,62,37,90,4,16,46,33,21,39,10,14,34,29,16,51,297,0,297
20233,A,골목상권,3110539,미근동,512,263,249,24,34,137,66,67,184,13,21,70,40,34,85,11,13,67,26,33,99,314,0,314
20233,A,골목상권,3110540,망원나들목체육관,3204,1642,1562,407,327,495,604,504,867,212,181,251,314,279,405,195,146,244,290,225,462,1320,0,1320
20233,A,골목상권,3110541,동교초등학교,4956,2368,2588,662,534,739,925,773,1323,318,265,343,445,384,613,344,269,396,480,389,710,2229,0,2229
20233,A,골목상권,3110542,마포구청역 7번,5409,2639,2770,654,573,920,1017,855,1390,334,315,425,504,431,630,320,258,495,513,424,760,2483,0,2483
20233,A,골목상권,3110543,중암중학교,1093,532,561,132,141,180,158,194,288,70,74,97,68,98,125,62,67,83,90,96,163,493,0,493
20233,A,골목상권,3110544,망리단길,13911,6611,7300,1411,1456,2574,2519,2165,3786,739,711,1181,1247,1069,1664,672,745,1393,1272,1096,2122,6618,0,6618
20233,A,골목상권,3110545,마포구청역 1번,2474,1057,1417,230,246,708,526,320,444,108,99,255,223,161,211,122,147,453,303,159,233,3987,0,3987
20233,A,골목상권,3110546,양화대교북단,2927,1427,1500,292,271,679,561,378,746,133,134,341,289,184,346,159,137,338,272,194,400,1357,0,1357
20233,A,골목상권,3110547,KB국민은행 망원동지점,2759,1298,1461,327,302,420,454,446,810,159,156,180,227,222,354,168,146,240,227,224,456,1165,0,1165
20233,A,골목상권,3110548,마포구청역 4번,2818,1341,1477,261,296,537,546,451,727,141,155,248,263,216,318,120,141,289,283,235,409,1437,0,1437
20233,A,골목상권,3110549,새터산,2754,1349,1405,334,319,432,446,453,770,167,161,214,224,238,345,167,158,218,222,215,425,1262,0,1262
20233,A,골목상권,3110550,합정역 8번,6202,2844,3358,614,625,1406,1227,837,1493,287,268,593,625,405,666,327,357,813,602,432,827,3047,0,3047
20233,A,골목상권,3110551,성서초등학교,4480,2137,2343,639,528,633,853,786,1041,315,277,278,397,388,482,324,251,355,456,398,559,1840,0,1840
20233,A,골목상권,3110552,성미산체육관,2104,1010,1094,190,214,342,339,378,641,91,106,162,165,180,306,99,108,180,174,198,335,1133,0,1133
20233,A,골목상권,3110553,가좌역 2번,3229,1595,1634,276,357,485,515,556,1040,158,169,244,252,299,473,118,188,241,263,257,567,1770,0,1770
20233,A,골목상권,3110554,망원역 1번,4497,2051,2446,354,414,906,893,682,1248,171,197,373,418,332,560,183,217,533,475,350,688,2550,0,2550
20233,A,골목상권,3110555,홍익지구대,261,124,137,17,24,59,53,43,65,13,10,22,30,20,29,4,14,37,23,23,36,130,0,130
20233,A,골목상권,3110556,절두산순교성지,1314,629,685,100,126,257,234,190,407,53,71,114,127,77,187,47,55,143,107,113,220,540,0,540
20233,A,골목상권,3110557,홍대부속여중고앞,3595,1650,1945,351,321,747,789,555,832,168,158,331,382,248,363,183,163,416,407,307,469,1775,0,1775
20233,A,골목상권,3110558,경성고등학교,8634,4138,4496,815,880,1547,1561,1342,2489,405,479,729,779,651,1095,410,401,818,782,691,1394,4349,0,4349
20233,A,골목상권,3110559,성산중학교,2954,1362,1592,229,302,676,555,424,768,122,142,287,276,206,329,107,160,389,279,218,439,1347,0,1347
20233,A,골목상권,3110560,마포FM,1685,797,888,155,160,366,339,234,431,84,62,172,167,115,197,71,98,194,172,119,234,874,0,874
20233,A,골목상권,3110561,상수역 4번,2572,1243,1329,140,266,677,540,338,611,71,112,354,284,156,266,69,154,323,256,182,345,1379,0,1379
20233,A,골목상권,3110562,연트럴파크(연남동주민센터),3257,1535,1722,373,291,677,658,434,824,197,148,314,323,200,353,176,143,363,335,234,471,1601,0,1601
20233,A,골목상권,3110563,상수역 3번,765,369,396,62,73,245,139,84,162,37,32,112,72,41,75,25,41,133,67,43,87,453,0,453
20233,A,골목상권,3110564,홍대입구역 3번,767,360,407,57,56,204,174,96,180,31,26,103,78,47,75,26,30,101,96,49,105,398,0,398
20233,A,골목상권,3110565,홍익대,1663,824,839,89,278,550,235,229,282,44,115,323,115,104,123,45,163,227,120,125,159,1065,0,1065
20233,A,골목상권,3110566,경의선책거리,2138,995,1143,135,238,623,394,284,464,73,95,295,188,145,199,62,143,328,206,139,265,1223,0,1223
20233,A,골목상권,3110567,광흥창역 6번,321,136,185,21,36,97,47,35,85,5,15,38,24,17,37,16,21,59,23,18,48,202,0,202
20233,A,골목상권,3110568,광흥창역 1번,350,185,165,54,44,46,59,73,74,31,26,26,30,39,33,23,18,20,29,34,41,150,0,150
20233,A,골목상권,3110569,홍대땡땡거리,2009,986,1023,102,207,651,335,232,482,59,97,316,177,122,215,43,110,335,158,110,267,1348,0,1348
20233,A,골목상권,3110570,KB국민은행 서강지점,556,262,294,120,34,79,124,80,119,60,16,35,62,35,54,60,18,44,62,45,65,255,0,255
20233,A,골목상권,3110571,신수동주민센터,2470,1210,1260,243,265,357,403,391,811,121,139,199,203,201,347,122,126,158,200,190,464,1172,0,1172
20233,A,골목상권,3110572,서강대역 1번,2863,1504,1359,166,370,804,424,392,707,91,185,468,227,217,316,75,185,336,197,175,391,1946,0,1946
20233,A,골목상권,3110573,신촌역 6번,209,114,95,16,23,73,34,22,41,11,13,41,13,15,21,5,10,32,21,7,20,143,0,143
20233,A,골목상권,3110574,서강대학교,166,92,74,13,11,40,30,26,46,6,5,27,16,17,21,7,6,13,14,9,25,107,0,107
20233,A,골목상권,3110575,대흥동주민센터,2817,1400,1417,159,282,548,392,423,1013,78,124,302,214,234,448,81,158,246,178,189,565,1876,0,1876
20233,A,골목상권,3110576,대흥역 3번,1224,606,618,121,118,167,211,176,431,68,56,84,104,90,204,53,62,83,107,86,227,592,0,592
20233,A,골목상권,3110577,용강동주민센터,828,388,440,100,101,113,142,144,228,52,41,56,69,70,100,48,60,57,73,74,128,472,0,472
20233,A,골목상권,3110578,대흥역 2번,2888,1450,1438,216,322,375,384,515,1076,115,180,204,201,267,483,101,142,171,183,248,593,1618,0,1618
20233,A,골목상권,3110579,마포역 4번,849,451,398,66,79,227,144,115,218,42,40,119,82,64,104,24,39,108,62,51,114,469,0,469
20233,A,골목상권,3110580,양원초등학교,1415,709,706,68,184,326,175,202,460,40,96,171,104,97,201,28,88,155,71,105,259,824,0,824
20233,A,골목상권,3110581,염리초등학교,319,163,156,99,12,29,102,34,43,57,7,14,47,19,19,42,5,15,55,15,24,99,0,99
20233,A,골목상권,3110582,이대역 5번,1676,792,884,69,237,362,225,249,534,34,87,182,109,117,263,35,150,180,116,132,271,1021,0,1021
20233,A,골목상권,3110583,공덕래미안3차아파트,185,87,98,13,22,47,31,27,45,6,8,24,15,17,17,7,14,23,16,10,28,111,0,111
20233,A,골목상권,3110584,아현역 4번,101,60,41,6,4,16,11,18,46,4,2,6,4,14,30,2,2,10,7,4,16,39,0,39
20233,A,골목상권,3110585,마포경찰서,247,124,123,61,16,60,57,22,31,40,7,19,35,10,13,21,9,41,22,12,18,93,0,93
20233,A,골목상권,3110586,서울서부지방법원,1395,660,735,59,87,390,298,222,339,34,31,149,140,130,176,25,56,241,158,92,163,1165,0,1165
20233,A,골목상권,3110587,공덕동주민센터,2632,1277,1355,177,206,454,413,463,919,82,104,224,209,240,418,95,102,230,204,223,501,2427,0,2427
20233,A,골목상권,3110588,한겨레신문사,2918,1389,1529,235,338,470,482,516,877,118,160,215,246,259,391,117,178,255,236,257,486,1569,0,1569
20233,A,골목상권,3110589,애오개역 3번,1922,945,977,132,253,291,216,324,706,66,132,166,120,156,305,66,121,125,96,168,401,847,0,847
20233,A,골목상권,3110590,만리재,2742,1329,1413,215,359,398,387,564,819,108,191,206,203,272,349,107,168,192,184,292,470,1212,0,1212
20233,A,골목상권,3110591,충정로역 6번,2504,1244,1260,173,252,361,348,396,974,85,130,197,187,210,435,88,122,164,161,186,539,1150,0,1150
20233,A,골목상권,3110592,서울금융고등학교,1460,730,730,127,205,220,193,256,459,71,102,115,100,131,211,56,103,105,93,125,248,565,0,565
20233,A,골목상권,3110593,신월3동주민센터,7506,4034,3472,567,754,932,1064,1436,2753,286,367,518,610,850,1403,281,387,414,454,586,1350,3863,0,3863
20233,A,골목상권,3110594,신월중학교,3509,1725,1784,570,426,463,631,549,870,289,227,224,320,257,408,281,199,239,311,292,462,1263,0,1263
20233,A,골목상권,3110595,메디힐병원,6049,2972,3077,602,718,874,909,1044,1902,304,352,438,475,518,885,298,366,436,434,526,1017,2719,0,2719
20233,A,골목상권,3110596,서서울호수공원,3809,1912,1897,462,457,553,597,653,1087,246,235,291,315,306,519,216,222,262,282,347,568,1587,0,1587
20233,A,골목상권,3110597,신월1동주민센터,6370,3302,3068,573,692,862,977,1067,2199,304,359,454,554,545,1086,269,333,408,423,522,1113,3070,0,3070
20233,A,골목상권,3110598,신월문화체육센터,3560,1744,1816,360,397,474,513,591,1225,168,218,258,277,290,533,192,179,216,236,301,692,1385,0,1385
20233,A,골목상권,3110599,신월1파출소,4594,2377,2217,507,530,587,689,808,1473,270,281,316,373,427,710,237,249,271,316,381,763,1946,0,1946
20233,A,골목상권,3110600,신월7동주민센터,5360,2643,2717,407,651,744,736,923,1899,203,332,389,390,468,861,204,319,355,346,455,1038,2225,0,2225
20233,A,골목상권,3110601,신월1동우편취급국,6682,3457,3225,701,725,927,1123,1137,2069,338,383,501,631,576,1028,363,342,426,492,561,1041,3198,0,3198
20233,A,골목상권,3110602,신월시영아파트중문,1603,808,795,107,215,195,210,271,605,51,118,108,116,138,277,56,97,87,94,133,328,632,0,632
20233,A,골목상권,3110603,지향초등학교,349,173,176,73,41,34,41,62,98,39,16,19,21,31,47,34,25,15,20,31,51,133,0,133
20233,A,골목상권,3110604,신월4동주민센터,7161,3539,3622,1192,785,844,1312,1043,1985,598,394,420,667,523,937,594,391,424,645,520,1048,2626,0,2626
20233,A,골목상권,3110605,목동센트럴아이파크앞,1132,555,577,135,142,158,171,177,349,68,75,93,75,84,160,67,67,65,96,93,189,531,0,531
20233,A,골목상권,3110606,신한은행 신월동지점,7141,3474,3667,939,853,903,1159,1137,2150,475,442,443,570,535,1009,464,411,460,589,602,1141,2708,0,2708
20233,A,골목상권,3110607,금빛새마을금고본점,964,500,464,100,109,133,148,145,329,53,68,73,80,78,148,47,41,60,68,67,181,389,0,389
20233,A,골목상권,3110608,신월2동주민센터,9298,4679,4619,1153,1080,1235,1484,1486,2860,587,572,639,774,732,1375,566,508,596,710,754,1485,3561,0,3561
20233,A,골목상권,3110609,신정네거리역 2번,2309,1139,1170,258,272,371,367,363,678,131,138,198,187,166,319,127,134,173,180,197,359,1086,0,1086
20233,A,골목상권,3110610,계남근린공원,3055,1575,1480,234,381,397,442,538,1063,128,210,214,246,272,505,106,171,183,196,266,558,1428,0,1428
20233,A,골목상권,3110611,신정역 1번,4821,2376,2445,546,540,709,873,718,1435,279,276,348,452,340,681,267,264,361,421,378,754,2098,0,2098
20233,A,골목상권,3110612,신정역 5번,8575,4209,4366,888,943,1285,1453,1353,2653,470,475,641,767,635,1221,418,468,644,686,718,1432,4006,0,4006
20233,A,골목상권,3110613,신정네거리역 4번,525,252,273,48,78,50,73,99,177,20,45,26,30,53,78,28,33,24,43,46,99,254,0,254
20233,A,골목상권,3110614,목동로데오거리,2453,1175,1278,306,223,398,420,344,762,136,124,202,212,153,348,170,99,196,208,191,414,1053,0,1053
20233,A,골목상권,3110615,신서초등학교,1139,555,584,175,179,133,170,217,265,97,89,71,78,97,123,78,90,62,92,120,142,385,0,385
20233,A,골목상권,3110616,양목초등학교,977,471,506,145,113,145,209,151,214,71,61,64,116,69,90,74,52,81,93,82,124,361,0,361
20233,A,골목상권,3110617,등촌역 4번,2491,1160,1331,272,255,453,416,360,735,136,137,201,224,155,307,136,118,252,192,205,428,1192,0,1192
20233,A,골목상권,3110618,강서고등학교,6476,3213,3263,733,1030,902,1002,1222,1587,370,605,459,507,561,711,363,425,443,495,661,876,2696,0,2696
20233,A,골목상권,3110619,목4동주민센터,1406,674,732,150,187,221,210,240,398,82,103,109,95,109,176,68,84,112,115,131,222,633,0,633
20233,A,골목상권,3110620,목동보건지소,8846,4409,4437,1187,1466,1115,1339,1730,2009,617,844,557,624,843,924,570,622,558,715,887,1085,3458,0,3458
20233,A,골목상권,3110621,목동역 5번,779,367,412,115,133,96,121,153,161,61,62,42,50,78,74,54,71,54,71,75,87,253,0,253
20233,A,골목상권,3110622,달마을공원,4212,2032,2180,429,476,907,719,607,1074,210,245,428,389,267,493,219,231,479,330,340,581,1886,0,1886
20233,A,골목상권,3110623,갈산공원,202,97,105,46,18,29,39,23,47,26,11,13,16,9,22,20,7,16,23,14,25,64,0,64
20233,A,골목상권,3110624,목동문화체육센터,2611,1278,1333,321,386,372,421,494,617,164,219,186,211,226,272,157,167,186,210,268,345,922,0,922
20233,A,골목상권,3110625,신정2동주민센터,3574,1774,1800,454,633,363,468,814,842,237,340,172,203,412,410,217,293,191,265,402,432,1261,0,1261
20233,A,골목상권,3110626,양화초등학교,6664,3188,3476,720,643,1490,1212,918,1681,374,348,677,620,414,755,346,295,813,592,504,926,3118,0,3118
20233,A,골목상권,3110627,신정롯데캐슬아파트,2534,1263,1271,266,393,325,338,506,706,136,218,172,161,246,330,130,175,153,177,260,376,1036,0,1036
20233,A,골목상권,3110628,신목동역,1474,750,724,174,158,326,250,227,339,99,86,148,137,114,166,75,72,178,113,113,173,706,0,706
20233,A,골목상권,3110629,송정역 4번,955,467,488,55,92,227,150,114,317,27,36,114,83,55,152,28,56,113,67,59,165,529,0,529
20233,A,골목상권,3110630,공항시장역 1번,5954,2910,3044,484,576,1243,857,882,1912,237,264,619,449,451,890,247,312,624,408,431,1022,3565,0,3565
20233,A,골목상권,3110631,방화초등학교,3603,1793,1810,478,404,489,573,608,1051,258,214,227,300,318,476,220,190,262,273,290,575,1654,0,1654
20233,A,골목상권,3110632,방화역 3번,1548,745,803,144,189,246,203,256,510,68,88,128,99,123,239,76,101,118,104,133,271,723,0,723
20233,A,골목상권,3110633,개화산역 1번,395,203,192,35,51,52,50,78,129,14,22,29,28,44,66,21,29,23,22,34,63,228,0,228
20233,A,골목상권,3110634,송정역 3번,8166,4182,3984,926,777,1430,1427,1234,2372,492,370,761,779,648,1132,434,407,669,648,586,1240,4417,0,4417
20233,A,골목상권,3110635,공항시장역 3번,3190,1622,1568,319,350,455,447,482,1137,167,185,242,238,258,532,152,165,213,209,224,605,1395,0,1395
20233,A,골목상권,3110636,방화역 2번,1290,649,641,185,116,208,232,171,378,93,68,94,111,100,183,92,48,114,121,71,195,563,0,563
20233,A,골목상권,3110637,송정역 2번,1930,977,953,176,214,320,281,307,632,86,119,160,155,157,300,90,95,160,126,150,332,1002,0,1002
20233,A,골목상권,3110638,신방화역 2번,5376,2740,2636,637,554,840,913,814,1618,327,297,439,492,419,766,310,257,401,421,395,852,2781,0,2781
20233,A,골목상권,3110639,신방화역 8번,3143,1576,1567,289,379,421,452,507,1095,145,195,214,247,255,520,144,184,207,205,252,575,1435,0,1435
20233,A,골목상권,3110640,방화역 1번,2336,1135,1201,218,200,479,442,360,637,112,85,178,241,211,308,106,115,301,201,149,329,1575,0,1575
20233,A,골목상권,3110641,공항고등학교,1547,785,762,219,159,221,282,241,425,121,80,114,136,121,213,98,79,107,146,120,212,651,0,651
20233,A,골목상권,3110642,정곡초등학교,829,406,423,134,80,116,151,118,230,63,39,62,79,48,115,71,41,54,72,70,115,329,0,329
20233,A,골목상권,3110643,강서구다솔마을,2448,1285,1163,290,206,355,515,396,686,156,107,185,293,209,335,134,99,170,222,187,351,1152,0,1152
20233,A,골목상권,3110644,신광명마을,813,402,411,104,85,102,136,133,253,54,44,52,69,74,109,50,41,50,67,59,144,407,0,407
20233,A,골목상권,3110645,우장산역 4번,7298,3471,3827,1035,1294,801,1135,1426,1607,505,600,394,526,707,739,530,694,407,609,719,868,2826,0,2826
20233,A,골목상권,3110646,푸른들청소년도서관,9126,4439,4687,947,1049,1502,1400,1419,2809,488,529,747,710,665,1300,459,520,755,690,754,1509,3861,0,3861
20233,A,골목상권,3110647,화곡역 5번,9384,4554,4830,1168,877,1617,1869,1341,2512,584,435,777,970,644,1144,584,442,840,899,697,1368,4116,0,4116
20233,A,골목상권,3110648,양천향교역 7번,1356,587,769,9,171,730,302,92,52,5,40,285,177,51,29,4,131,445,125,41,23,3656,0,3656
20233,A,골목상권,3110649,우장산역 1번,3107,1461,1646,521,491,372,535,574,614,244,220,190,234,282,291,277,271,182,301,292,323,1242,0,1242
20233,A,골목상권,3110650,우장산힐스테이트,884,415,469,148,118,94,151,154,219,73,52,43,67,79,101,75,66,51,84,75,118,310,0,310
20233,A,골목상권,3110651,화원중학교,6065,3010,3055,728,674,931,1072,915,1745,370,356,469,565,440,810,358,318,462,507,475,935,2783,0,2783
20233,A,골목상권,3110652,양천향교역 2번,1472,771,701,150,173,294,234,217,404,84,93,153,139,107,195,66,80,141,95,110,209,1193,0,1193
20233,A,골목상권,3110653,화곡역 2번,4682,2237,2445,437,429,852,822,629,1513,241,217,407,424,281,667,196,212,445,398,348,846,1528,0,1528
20233,A,골목상권,3110654,까치산역 4번,12767,6301,6466,1306,1303,2319,2197,1944,3698,665,655,1183,1166,938,1694,641,648,1136,1031,1006,2004,5977,0,5977
20233,A,골목상권,3110655,발산역 5번,1111,542,569,158,139,152,216,178,268,79,66,82,106,84,125,79,73,70,110,94,143,479,0,479
20233,A,골목상권,3110656,까치산역 3번,8787,4484,4303,684,617,2353,1770,1050,2313,307,294,1205,1027,557,1094,377,323,1148,743,493,1219,5966,0,5966
20233,A,골목상권,3110657,양천향교역 5번,962,470,492,73,111,206,184,145,243,41,58,96,99,67,109,32,53,110,85,78,134,1125,0,1125
20233,A,골목상권,3110658,화곡초등학교,3509,1765,1744,285,326,876,715,476,831,151,155,461,390,247,361,134,171,415,325,229,470,1821,0,1821
20233,A,골목상권,3110659,화곡역 4번,21341,10459,10882,3078,2295,3346,4280,3161,5181,1586,1133,1668,2235,1577,2260,1492,1162,1678,2045,1584,2921,8411,0,8411
20233,A,골목상권,3110660,등촌3동주민센터,1635,818,817,136,177,275,196,238,613,68,96,146,107,118,283,68,81,129,89,120,330,968,0,968
20233,A,골목상권,3110661,강서새말어린이공원,1462,716,746,200,160,193,291,238,380,100,81,97,150,113,175,100,79,96,141,125,205,660,0,660
20233,A,골목상권,3110662,까치산역 1번,13489,6575,6914,1612,1334,2120,2590,1941,3892,796,708,1024,1358,938,1751,816,626,1096,1232,1003,2141,5837,0,5837
20233,A,골목상권,3110663,우장산롯데캐슬아파트앞,1571,766,805,182,188,252,276,259,414,97,101,109,141,120,198,85,87,143,135,139,216,642,0,642
20233,A,골목상권,3110664,강서구청옆,672,328,344,122,64,102,147,67,170,68,36,44,80,28,72,54,28,58,67,39,98,240,0,240
20233,A,골목상권,3110665,곰달래도서관,5926,2957,2969,674,500,941,1062,839,1910,352,255,478,552,432,888,322,245,463,510,407,1022,2504,0,2504
20233,A,골목상권,3110666,KC대학교,2040,1034,1006,209,220,311,308,326,666,108,120,159,171,178,298,101,100,152,137,148,368,861,0,861
20233,A,골목상권,3110667,가양역 10번,593,252,341,41,56,103,91,83,219,20,28,38,46,38,82,21,28,65,45,45,137,380,0,380
20233,A,골목상권,3110668,화곡2동주민센터,9692,4732,4960,1393,1007,1410,1926,1484,2472,724,541,695,947,721,1104,669,466,715,979,763,1368,3863,0,3863
20233,A,골목상권,3110669,화곡보람2차아파트,775,378,397,104,83,139,174,112,163,51,48,61,90,53,75,53,35,78,84,59,88,371,0,371
20233,A,골목상권,3110670,신곡초등학교,8201,4004,4197,1204,981,1113,1506,1352,2045,595,500,579,753,652,925,609,481,534,753,700,1120,3183,0,3183
20233,A,골목상권,3110671,등촌1동주민센터,5933,2914,3019,735,571,1340,1102,795,1390,413,287,596,570,392,656,322,284,744,532,403,734,3888,0,3888
20233,A,골목상권,3110672,백석중학교,3285,1674,1611,394,467,497,497,592,838,213,269,272,255,275,390,181,198,225,242,317,448,1424,0,1424
20233,A,골목상권,3110673,뜸부기어린이공원,4489,2216,2273,435,396,765,779,623,1491,209,213,399,414,296,685,226,183,366,365,327,806,2099,0,2099
20233,A,골목상권,3110674,강서구청가양동별관,161,84,77,9,13,15,33,42,49,3,7,9,21,18,26,6,6,6,12,24,23,124,0,124
20233,A,골목상권,3110675,화곡4동주민센터,7877,3873,4004,861,882,1258,1385,1221,2270,447,448,655,732,589,1002,414,434,603,653,632,1268,3535,0,3535
20233,A,골목상권,3110676,등촌역 7번,3643,1728,1915,460,404,731,699,532,817,239,202,319,356,246,366,221,202,412,343,286,451,1562,0,1562
20233,A,골목상권,3110677,등촌역 1번,933,475,458,151,110,129,177,143,223,84,55,68,83,76,109,67,55,61,94,67,114,889,0,889
20233,A,골목상권,3110678,염창무학아파트,965,478,487,138,101,200,146,120,260,75,53,97,79,55,119,63,48,103,67,65,141,610,0,610
20233,A,골목상권,3110679,염창역 2번,774,348,426,61,60,241,160,102,150,26,23,94,85,49,71,35,37,147,75,53,79,667,0,667
20233,A,골목상권,3110680,온수역 5번(온수산업단지),1694,857,837,197,117,248,330,239,563,112,62,118,180,129,256,85,55,130,150,110,307,761,0,761
20233,A,골목상권,3110681,온수역 1번,182,95,87,15,12,36,40,13,66,12,3,18,22,6,34,3,9,18,18,7,32,84,0,84
20233,A,골목상권,3110682,온수역 8번,1003,489,514,126,107,121,168,144,337,62,54,56,82,75,160,64,53,65,86,69,177,433,0,433
20233,A,골목상권,3110683,오류고등학교,1603,800,803,231,222,201,253,258,438,126,119,96,130,131,198,105,103,105,123,127,240,646,0,646
20233,A,골목상권,3110684,서울공연예술고등학교,1392,673,719,158,193,187,213,232,409,76,110,94,103,108,182,82,83,93,110,124,227,602,0,602
20233,A,골목상권,3110685,금강수목원아파트,214,104,110,31,23,23,41,36,60,13,13,11,19,21,27,18,10,12,22,15,33,82,0,82
20233,A,골목상권,3110686,수궁동주민센터,4719,2323,2396,584,541,631,789,766,1408,290,302,312,405,372,642,294,239,319,384,394,766,2114,0,2114
20233,A,골목상권,3110687,"천왕역 3번(오류2동주민센터, 서울오류남초등학교)",631,317,314,77,81,72,122,94,185,39,38,38,69,48,85,38,43,34,53,46,100,244,0,244
20233,A,골목상권,3110688,오류지구대,2559,1261,1298,285,297,366,404,384,823,161,145,180,214,190,371,124,152,186,190,194,452,1254,0,1254
20233,A,골목상권,3110689,오류동역 3번,3159,1565,1594,335,340,450,490,501,1043,159,168,218,263,265,492,176,172,232,227,236,551,1637,0,1637
20233,A,골목상권,3110690,오류2동버들시장,5289,2640,2649,599,481,741,860,824,1784,313,260,348,481,411,827,286,221,393,379,413,957,2555,0,2555
20233,A,골목상권,3110691,개봉중학교,3182,1606,1576,312,393,423,485,534,1035,140,225,224,258,275,484,172,168,199,227,259,551,1362,0,1362
20233,A,골목상권,3110692,큰굴다리,1611,837,774,137,185,206,223,257,603,66,90,106,125,145,305,71,95,100,98,112,298,1025,0,1025
20233,A,골목상권,3110693,오류동역 4번,689,363,326,23,57,283,162,58,106,14,27,136,98,32,56,9,30,147,64,26,50,599,0,599
20233,A,골목상권,3110694,세곡초등학교,7183,3589,3594,671,906,961,988,1334,2323,314,507,470,517,680,1101,357,399,491,471,654,1222,3369,0,3369
20233,A,골목상권,3110695,개봉1동주민센터,5758,2949,2809,437,610,675,771,1004,2261,207,327,360,423,527,1105,230,283,315,348,477,1156,2950,0,2950
20233,A,골목상권,3110696,오류동역 1번,3472,1753,1719,367,352,501,607,554,1091,190,179,247,335,272,530,177,173,254,272,282,561,1590,0,1590
20233,A,골목상권,3110697,개봉3동주민센터,2743,1359,1384,333,329,374,486,452,769,166,158,193,278,212,352,167,171,181,208,240,417,1313,0,1313
20233,A,골목상권,3110698,개웅초등학교(개웅중학교),6663,3271,3392,725,843,893,1051,1127,2024,365,447,468,519,547,925,360,396,425,532,580,1099,2850,0,2850
20233,A,골목상권,3110699,덕의초등학교,1776,892,884,218,205,210,283,318,542,120,101,109,147,162,253,98,104,101,136,156,289,759,0,759
20233,A,골목상권,3110700,고척초등학교,3390,1713,1677,364,414,412,529,557,1114,183,217,222,291,281,519,181,197,190,238,276,595,1605,0,1605
20233,A,골목상권,3110701,고척동성당,1041,506,535,109,107,209,188,125,303,56,49,103,100,54,144,53,58,106,88,71,159,570,0,570
20233,A,골목상권,3110702,개봉초등학교,2019,977,1042,302,185,283,378,284,587,156,97,142,188,124,270,146,88,141,190,160,317,1101,0,1101
20233,A,골목상권,3110703,개봉역,2024,1001,1023,225,184,291,384,283,657,112,89,145,196,148,311,113,95,146,188,135,346,966,0,966
20233,A,골목상권,3110704,고척중학교,109,67,42,0,26,43,13,18,9,0,14,23,11,14,5,0,12,20,2,4,4,87,0,87
20233,A,골목상권,3110705,고산초등학교,551,270,281,78,100,104,105,79,85,45,54,56,52,28,35,33,46,48,53,51,50,287,0,287
20233,A,골목상권,3110706,그라운드 고척,530,295,235,28,49,95,84,81,193,18,25,54,49,49,100,10,24,41,35,32,93,408,0,408
20233,A,골목상권,3110707,구로창업지원센터,2357,1220,1137,196,261,334,320,359,887,88,140,186,173,202,431,108,121,148,147,157,456,1038,0,1038
20233,A,골목상권,3110708,화원어린이공원,1359,690,669,116,100,240,238,207,458,70,48,114,137,115,206,46,52,126,101,92,252,765,0,765
20233,A,골목상권,3110709,구로119안전센터,2908,1482,1426,217,270,371,402,578,1070,98,140,194,240,303,507,119,130,177,162,275,563,1413,0,1413
20233,A,골목상권,3110710,남구로역 3번,6572,3472,3100,419,579,713,850,1211,2800,230,308,383,499,672,1380,189,271,330,351,539,1420,3012,0,3012
20233,A,골목상권,3110711,구로초등학교,4335,2137,2198,379,464,496,571,792,1633,184,234,243,298,434,744,195,230,253,273,358,889,2056,0,2056
20233,A,골목상권,3110712,남구로역 5번,6148,3078,3070,481,695,811,891,1061,2209,252,416,441,464,510,995,229,279,370,427,551,1214,2382,0,2382
20233,A,골목상권,3110713,구로보건소,7582,3801,3781,713,778,1197,1146,1282,2466,342,409,586,620,671,1173,371,369,611,526,611,1293,3672,0,3672
20233,A,골목상권,3110714,구로4동주민센터,4887,2451,2436,465,431,558,725,915,1793,230,228,268,398,502,825,235,203,290,327,413,968,2250,0,2250
20233,A,골목상권,3110715,구로구민회관,1084,560,524,87,123,122,138,202,412,45,70,67,78,102,198,42,53,55,60,100,214,460,0,460
20233,A,골목상권,3110716,구로나눔길,815,414,401,61,83,87,102,156,326,33,38,44,59,91,149,28,45,43,43,65,177,434,0,434
20233,A,골목상권,3110717,남구로역 2번,8335,4343,3992,660,796,971,1249,1549,3110,327,411,512,709,860,1524,333,385,459,540,689,1586,4187,0,4187
20233,A,골목상권,3110718,한국SGI본부,2758,1278,1480,163,279,943,447,346,580,83,103,390,230,172,300,80,176,553,217,174,280,1911,0,1911
20233,A,골목상권,3110719,영서중학교,391,176,215,65,39,48,69,58,112,30,13,28,32,26,47,35,26,20,37,32,65,227,0,227
20233,A,골목상권,3110720,대림역 2번,2822,1404,1418,225,249,352,396,513,1087,110,135,182,212,259,506,115,114,170,184,254,581,1199,0,1199
20233,A,골목상권,3110721,가리봉파출소,2589,1348,1241,195,228,467,414,541,744,98,116,259,230,278,367,97,112,208,184,263,377,1654,0,1654
20233,A,골목상권,3110722,G타워,3967,2182,1785,64,207,2349,800,246,301,38,63,1243,518,162,158,26,144,1106,282,84,143,3378,0,3378
20233,A,골목상권,3110723,가산디지털단지역 1번 출입구,903,466,437,51,76,131,137,164,344,17,40,78,76,88,167,34,36,53,61,76,177,540,0,540
20233,A,골목상권,3110724,금천구립가산도서관,2731,1679,1052,154,190,1009,506,367,505,76,90,651,353,231,278,78,100,358,153,136,227,2068,0,2068
20233,A,골목상권,3110725,가산동주민센터,1069,613,456,13,39,367,184,204,262,4,11,170,108,148,172,9,28,197,76,56,90,1752,0,1752
20233,A,골목상권,3110726,금천철쭉어린이공원(금하마을),2030,1029,1001,187,265,253,304,404,617,89,124,145,175,204,292,98,141,108,129,200,325,884,0,884
20233,A,골목상권,3110727,독산역 1번 출입구,858,463,395,94,48,228,177,107,204,47,25,132,104,46,109,47,23,96,73,61,95,771,0,771
20233,A,골목상권,3110728,두산초등학교,1428,797,631,93,118,584,258,150,225,48,42,327,175,89,116,45,76,257,83,61,109,1123,0,1123
20233,A,골목상권,3110729,가산동우체국,2732,1576,1156,94,227,915,468,399,629,48,81,524,319,266,338,46,146,391,149,133,291,2268,0,2268
20233,A,골목상권,3110730,서울축산농협 독산역지점(독산파출소),2024,1150,874,185,181,452,340,314,552,100,93,268,215,194,280,85,88,184,125,120,272,1728,0,1728
20233,A,골목상권,3110731,금천구청역 1번 출입구,1175,594,581,160,92,240,268,170,245,83,44,115,140,91,121,77,48,125,128,79,124,662,0,662
20233,A,골목상권,3110732,가산초등학교(세일중학교),2396,1296,1100,144,191,699,342,364,656,74,76,367,213,223,343,70,115,332,129,141,313,1961,0,1961
20233,A,골목상권,3110733,금천어울림복지센터,284,144,140,17,30,81,44,35,77,6,16,40,28,14,40,11,14,41,16,21,37,309,0,309
20233,A,골목상권,3110734,금천파출소,208,118,90,14,10,23,28,41,92,8,5,15,16,33,41,6,5,8,12,8,51,210,0,210
20233,A,골목상권,3110735,말미고개,5877,2975,2902,623,616,988,815,1020,1815,337,320,520,426,510,862,286,296,468,389,510,953,2688,0,2688
20233,A,골목상권,3110736,독산119안전센터,5078,2522,2556,514,540,726,770,927,1601,243,256,383,377,472,791,271,284,343,393,455,810,2240,0,2240
20233,A,골목상권,3110737,금천세무서,2339,1213,1126,174,242,426,328,431,738,83,141,208,179,229,373,91,101,218,149,202,365,1467,0,1467
20233,A,골목상권,3110738,문성초등학교,3587,1805,1782,233,369,384,442,756,1403,119,189,209,219,408,661,114,180,175,223,348,742,2045,0,2045
20233,A,골목상권,3110739,시흥3동 우편취급국,305,157,148,14,48,47,27,61,108,7,27,27,13,31,52,7,21,20,14,30,56,129,0,129
20233,A,골목상권,3110740,금천해태공원,5596,2822,2774,514,613,767,772,985,1945,254,318,413,422,508,907,260,295,354,350,477,1038,2696,0,2696
20233,A,골목상권,3110741,독산2동주민센터,3979,2022,1957,359,478,602,537,789,1214,170,262,327,284,391,588,189,216,275,253,398,626,1857,0,1857
20233,A,골목상권,3110742,KT금천빌딩(금천구시설관리공단),225,111,114,16,26,20,36,49,78,6,16,10,21,22,36,10,10,10,15,27,42,125,0,125
20233,A,골목상권,3110743,시흥초등학교(시흥1동우체국),4739,2391,2348,468,531,640,663,873,1564,250,290,336,351,451,713,218,241,304,312,422,851,2100,0,2100
20233,A,골목상권,3110744,독산동성당,9027,4576,4451,743,1048,1166,1252,1809,3009,363,536,639,666,930,1442,380,512,527,586,879,1567,4148,0,4148
20233,A,골목상권,3110745,독산동정훈단지,3025,1549,1476,247,380,390,383,647,978,125,201,218,202,336,467,122,179,172,181,311,511,1509,0,1509
20233,A,골목상권,3110746,금천금빛공원(은행나무사거리서측),1705,833,872,129,205,220,232,330,589,65,98,108,124,165,273,64,107,112,108,165,316,882,0,882
20233,A,골목상권,3110747,석수역 1번 출입구,1088,544,544,98,100,162,144,149,435,43,57,84,87,66,207,55,43,78,57,83,228,442,0,442
20233,A,골목상권,3110748,백산초등학교,2000,1012,988,176,206,260,316,338,704,92,118,154,144,173,331,84,88,106,172,165,373,978,0,978
20233,A,골목상권,3110749,금산초등학교(금천고등학교),5178,2588,2590,603,548,725,788,788,1726,288,291,380,412,394,823,315,257,345,376,394,903,2009,0,2009
20233,A,골목상권,3110750,시흥4동주민센터(서울신흥초등학교),5109,2598,2511,474,530,608,736,924,1837,241,268,314,413,495,867,233,262,294,323,429,970,2417,0,2417
20233,A,골목상권,3110751,난곡중학교,5859,2920,2939,502,633,844,861,1082,1937,246,336,419,475,542,902,256,297,425,386,540,1035,2857,0,2857
20233,A,골목상권,3110752,한울중학교,6605,3294,3311,685,792,918,924,1205,2081,357,410,472,470,609,976,328,382,446,454,596,1105,2845,0,2845
20233,A,골목상권,3110753,시흥동 은행나무사거리,7155,3629,3526,676,859,897,952,1225,2546,357,440,476,514,635,1207,319,419,421,438,590,1339,3427,0,3427
20233,A,골목상권,3110754,삼성산자연공원(서울금천초등학교),4570,2256,2314,482,533,625,574,824,1532,260,256,345,289,409,697,222,277,280,285,415,835,2625,0,2625
20233,A,골목상권,3110755,동일여자고등학교,1546,786,760,174,207,169,221,306,469,80,106,98,116,163,223,94,101,71,105,143,246,643,0,643
20233,A,골목상권,3110756,문래중학교,2567,1274,1293,411,194,678,703,267,314,217,86,312,380,134,145,194,108,366,323,133,169,1406,0,1406
20233,A,골목상권,3110757,양평역 2번,1494,812,682,57,145,436,271,238,347,28,71,235,169,152,157,29,74,201,102,86,190,1565,0,1565
20233,A,골목상권,3110758,문래소공원,1219,601,618,242,125,196,275,182,199,128,55,90,140,98,90,114,70,106,135,84,109,686,0,686
20233,A,골목상권,3110759,문래예술촌(문래창작촌),1455,814,641,170,70,341,265,183,426,95,32,179,170,120,218,75,38,162,95,63,208,744,0,744
20233,A,골목상권,3110760,선유도역 6번,964,492,472,127,99,221,181,112,224,66,54,114,103,57,98,61,45,107,78,55,126,600,0,600
20233,A,골목상권,3110761,문래동남성맨션,25,16,9,0,0,2,6,0,17,0,0,1,4,0,11,0,0,1,2,0,6,14,0,14
20233,A,골목상권,3110762,선유도역 1번,10608,5340,5268,1338,1012,2473,1896,1447,2442,667,501,1178,1017,777,1200,671,511,1295,879,670,1242,5787,0,5787
20233,A,골목상권,3110763,영등포구청역 2번,1021,514,507,141,77,202,201,125,275,77,32,99,105,66,135,64,45,103,96,59,140,702,0,702
20233,A,골목상권,3110764,문래역 3번,56,33,23,1,4,29,7,6,9,1,2,15,3,5,7,0,2,14,4,1,2,68,0,68
20233,A,골목상권,3110765,문래동사거리,122,66,56,7,6,13,21,13,62,4,3,10,14,9,26,3,3,3,7,4,36,58,0,58
20233,A,골목상권,3110766,대림역 5번,2819,1434,1385,238,241,428,422,500,990,125,128,240,226,258,457,113,113,188,196,242,533,1295,0,1295
20233,A,골목상권,3110767,도림동주민센터,944,505,439,48,56,135,115,194,396,22,32,69,66,116,200,26,24,66,49,78,196,623,0,623
20233,A,골목상권,3110768,도림2동유수지내체육시설,1403,676,727,105,111,525,265,139,258,59,55,218,138,72,134,46,56,307,127,67,124,873,0,873
20233,A,골목상권,3110769,대림차이나타운(대림역 12번),973,464,509,80,84,90,139,180,400,40,49,44,59,86,186,40,35,46,80,94,214,397,0,397
20233,A,골목상권,3110770,영등포구청역 6번,1717,813,904,119,165,362,239,259,573,51,80,165,130,142,245,68,85,197,109,117,328,1223,0,1223
20233,A,골목상권,3110771,대림역 11번,859,428,431,52,62,76,139,183,347,22,35,36,68,100,167,30,27,40,71,83,180,476,0,476
20233,A,골목상권,3110772,신우어린이공원,1357,704,653,138,158,207,207,245,402,76,85,123,92,133,195,62,73,84,115,112,207,568,0,568
20233,A,골목상권,3110773,당산역 13번,139,61,78,6,14,35,34,23,27,3,4,14,13,14,13,3,10,21,21,9,14,111,0,111
20233,A,골목상권,3110774,당산반도유보라팰리스아파트,1173,570,603,82,99,470,216,115,191,50,46,216,114,48,96,32,53,254,102,67,95,935,0,935
20233,A,골목상권,3110775,대동초등학교,925,466,459,75,80,114,119,174,363,47,42,64,58,85,170,28,38,50,61,89,193,402,0,402
20233,A,골목상권,3110776,도신초등학교,3951,2025,1926,377,499,489,532,763,1291,180,287,260,290,393,615,197,212,229,242,370,676,1527,0,1527
20233,A,골목상권,3110777,구로세무서,161,121,40,2,7,6,14,25,107,2,4,2,11,20,82,0,3,4,3,5,25,110,0,110
20233,A,골목상권,3110778,구로디지털단지역 4번,4386,2156,2230,343,409,570,573,769,1722,163,210,299,305,382,797,180,199,271,268,387,925,2361,0,2361
20233,A,골목상권,3110779,대림갑을명가아파트,337,167,170,24,30,27,49,64,143,13,16,12,27,37,62,11,14,15,22,27,81,171,0,171
20233,A,골목상권,3110780,신길대성유니드아파트,3774,1920,1854,407,398,438,592,655,1284,228,209,238,318,342,585,179,189,200,274,313,699,1539,0,1539
20233,A,골목상권,3110781,대림한신아파트,3804,1931,1873,342,465,477,506,684,1330,167,242,278,292,336,616,175,223,199,214,348,714,1609,0,1609
20233,A,골목상권,3110782,영등포시장역 4번,524,283,241,31,44,202,97,52,98,19,19,116,54,29,46,12,25,86,43,23,52,565,0,565
20233,A,골목상권,3110783,영등포시장역 1번,822,451,371,87,63,105,123,141,303,45,28,59,66,84,169,42,35,46,57,57,134,430,0,430
20233,A,골목상권,3110784,신대림초등학교,1161,579,582,98,121,179,173,190,400,42,61,94,96,102,184,56,60,85,77,88,216,558,0,558
20233,A,골목상권,3110785,영등포푸르지오아파트,3762,1908,1854,333,354,486,568,682,1339,172,193,250,309,352,632,161,161,236,259,330,707,1778,0,1778
20233,A,골목상권,3110786,당산역 8번,2123,1085,1038,169,191,582,336,277,568,89,96,305,183,148,264,80,95,277,153,129,304,1368,0,1368
20233,A,골목상권,3110787,신길3동주민센터,3666,1877,1789,276,391,432,497,743,1327,146,211,229,267,398,626,130,180,203,230,345,701,1757,0,1757
20233,A,골목상권,3110788,영등포시장역 3번,29,14,15,0,0,3,6,3,17,0,0,1,4,1,8,0,0,2,2,2,9,170,0,170
20233,A,골목상권,3110789,대림성모병원,1863,931,932,140,175,283,277,319,669,69,93,140,147,172,310,71,82,143,130,147,359,977,0,977
20233,A,골목상권,3110790,대림1동주민센터,3498,1717,1781,257,393,497,461,615,1275,140,210,266,230,295,576,117,183,231,231,320,699,1933,0,1933
20233,A,골목상권,3110791,신풍역 3번,237,125,112,28,18,32,53,28,78,14,13,12,30,15,41,14,5,20,23,13,37,95,0,95
20233,A,골목상권,3110792,영등포역 2번,4329,2212,2117,330,351,736,623,750,1539,173,189,393,342,387,728,157,162,343,281,363,811,2228,0,2228
20233,A,골목상권,3110793,대림썬프라자,9,5,4,0,0,3,0,1,5,0,0,1,0,1,3,0,0,2,0,0,2,1,0,1
20233,A,골목상권,3110794,영동초등학교,2865,1276,1589,144,184,1530,521,203,283,76,79,578,281,115,147,68,105,952,240,88,136,2698,0,2698
20233,A,골목상권,3110795,도림초등학교,1969,978,991,181,196,230,235,356,771,93,110,116,121,180,358,88,86,114,114,176,413,1053,0,1053
20233,A,골목상권,3110796,한림대학교한강성심병원,888,503,385,61,70,279,167,103,208,33,35,142,101,75,117,28,35,137,66,28,91,945,0,945
20233,A,골목상권,3110797,KT대방빌딩,282,143,139,26,21,38,43,42,112,13,12,20,23,23,52,13,9,18,20,19,60,110,0,110
20233,A,골목상권,3110798,신풍역 2번,628,329,299,87,54,94,97,105,191,48,32,52,49,50,98,39,22,42,48,55,93,265,0,265
20233,A,골목상권,3110799,영등포본동주민센터,657,312,345,46,72,107,79,114,239,19,35,59,41,50,108,27,37,48,38,64,131,348,0,348
20233,A,골목상권,3110800,영등포동성당,589,366,223,12,29,264,96,61,127,5,14,175,65,47,60,7,15,89,31,14,67,680,0,680
20233,A,골목상권,3110801,신풍역 6번(신길6동공영주차장),249,128,121,20,19,29,31,40,110,9,11,17,15,24,52,11,8,12,16,16,58,108,0,108
20233,A,골목상권,3110802,신길동홍어거리,1321,639,682,107,145,185,177,240,467,54,80,94,89,119,203,53,65,91,88,121,264,742,0,742
20233,A,골목상권,3110803,신길2동우편취급국,2778,1427,1351,191,250,411,389,419,1118,99,141,224,210,226,527,92,109,187,179,193,591,1531,0,1531
20233,A,골목상권,3110804,신풍역 1번,2096,1012,1084,163,198,362,290,322,761,73,95,203,149,161,331,90,103,159,141,161,430,1383,0,1383
20233,A,골목상권,3110805,신길새마을금고신길4동지점,615,318,297,31,64,98,85,106,231,12,30,55,51,60,110,19,34,43,34,46,121,494,0,494
20233,A,골목상권,3110807,신길역 3번,1313,718,595,35,95,767,229,85,102,20,31,420,141,53,53,15,64,347,88,32,49,1993,0,1993
20233,A,골목상권,3110808,신길역 1번,711,403,308,50,70,173,100,120,198,26,37,116,63,68,93,24,33,57,37,52,105,395,0,395
20233,A,골목상권,3110809,장훈고등학교,781,395,386,55,79,117,104,152,274,26,39,58,55,82,135,29,40,59,49,70,139,379,0,379
20233,A,골목상권,3110810,영신초등학교,3227,1604,1623,233,312,453,414,537,1278,119,168,239,237,266,575,114,144,214,177,271,703,1892,0,1892
20233,A,골목상권,3110811,보라매역 4번,1721,874,847,143,170,378,259,249,522,84,88,190,139,128,245,59,82,188,120,121,277,971,0,971
20233,A,골목상권,3110812,신길6동주민센터,1484,726,758,111,154,355,248,216,400,62,89,148,132,105,190,49,65,207,116,111,210,932,0,932
20233,A,골목상권,3110813,보라매역 6번,2000,1007,993,170,201,295,261,309,764,92,114,152,144,156,349,78,87,143,117,153,415,1397,0,1397
20233,A,골목상권,3110814,서울지방병무청,3842,1926,1916,308,435,738,557,674,1130,171,208,378,318,340,511,137,227,360,239,334,619,1846,0,1846
20233,A,골목상권,3110815,공군호텔,4845,2490,2355,374,451,1078,817,742,1383,198,226,560,454,415,637,176,225,518,363,327,746,3342,0,3342
20233,A,골목상권,3110816,대방역 6번,1934,999,935,149,137,407,359,263,619,77,68,229,204,138,283,72,69,178,155,125,336,1108,0,1108
20233,A,골목상권,3110817,대방역 4번,690,386,304,25,43,271,109,77,165,15,19,157,72,43,80,10,24,114,37,34,85,704,0,704
20233,A,골목상권,3110818,신대방역 3번,811,398,413,58,81,198,143,119,212,20,35,103,78,66,96,38,46,95,65,53,116,551,0,551
20233,A,골목상권,3110819,신대방역 4번,5348,2634,2714,449,596,862,781,920,1740,238,298,444,393,473,788,211,298,418,388,447,952,3065,0,3065
20233,A,골목상권,3110820,성남고등학교,3939,1939,2000,521,582,675,657,706,798,254,320,319,329,355,362,267,262,356,328,351,436,1995,0,1995
20233,A,골목상권,3110821,보라매역 2번,6552,3216,3336,768,722,1103,1219,1011,1729,420,356,537,641,496,766,348,366,566,578,515,963,3036,0,3036
20233,A,골목상권,3110822,신대방삼거리역 4번(대림초등학교),5124,2467,2657,577,706,902,834,858,1247,288,391,420,383,422,563,289,315,482,451,436,684,2442,0,2442
20233,A,골목상권,3110823,신대방삼거리역 3번,3347,1649,1698,317,364,733,558,500,875,181,194,333,291,231,419,136,170,400,267,269,456,2045,0,2045
20233,A,골목상권,3110824,대방역 3번,518,251,267,66,55,140,79,85,93,34,24,66,42,49,36,32,31,74,37,36,57,391,0,391
20233,A,골목상권,3110825,신대방삼거리역 1번,8895,4304,4591,913,877,1863,1596,1202,2444,478,432,879,818,580,1117,435,445,984,778,622,1327,4854,0,4854
20233,A,골목상권,3110826,장승배기역 4번,4270,2092,2178,348,400,1021,723,557,1221,173,204,511,389,264,551,175,196,510,334,293,670,2612,0,2612
20233,A,골목상권,3110827,NH농협은행 상도동지점,2352,1171,1181,199,263,409,381,389,711,100,141,206,202,196,326,99,122,203,179,193,385,1436,0,1436
20233,A,골목상권,3110828,노량진역 6번,7794,3977,3817,514,865,1459,1059,1213,2684,278,439,818,584,622,1236,236,426,641,475,591,1448,4212,0,4212
20233,A,골목상권,3110829,장승배기역 5번,3301,1655,1646,216,334,565,391,563,1232,114,183,289,210,297,562,102,151,276,181,266,670,1658,0,1658
20233,A,골목상권,3110830,상도초등학교,4589,2268,2321,456,417,676,766,710,1564,242,222,346,412,360,686,214,195,330,354,350,878,2109,0,2109
20233,A,골목상권,3110831,상도4동주민센터,2614,1294,1320,335,282,470,447,404,676,178,156,232,228,202,298,157,126,238,219,202,378,1294,0,1294
20233,A,골목상권,3110832,노량진초등학교,3203,1648,1555,209,307,618,428,475,1166,95,156,382,239,258,518,114,151,236,189,217,648,2081,0,2081
20233,A,골목상권,3110833,상도역 2번,2057,1007,1050,212,242,499,350,263,491,118,112,252,181,133,211,94,130,247,169,130,280,1121,0,1121
20233,A,골목상권,3110834,동작구자원봉사센터,1044,560,484,78,108,284,163,138,273,38,52,179,99,79,113,40,56,105,64,59,160,705,0,705
20233,A,골목상권,3110835,상도역 1번,1187,557,630,101,121,321,166,128,350,46,65,151,83,58,154,55,56,170,83,70,196,697,0,697
20233,A,골목상권,3110836,상도역 5번,9006,4589,4417,877,1446,2237,1287,1060,2099,469,710,1308,659,504,939,408,736,929,628,556,1160,5244,0,5244
20233,A,골목상권,3110837,숭실대입구역 1번,4190,2068,2122,348,547,1115,633,472,1075,181,250,590,330,232,485,167,297,525,303,240,590,2434,0,2434
20233,A,골목상권,3110838,상도1동주민센터앞,105,60,45,3,13,28,14,15,32,2,7,18,8,11,14,1,6,10,6,4,18,74,0,74
20233,A,골목상권,3110839,숭실대입구역 4번,1966,1019,947,130,305,594,244,186,507,66,145,364,120,92,232,64,160,230,124,94,275,1183,0,1183
20233,A,골목상권,3110840,중앙대학교,2040,1035,1005,157,284,520,263,246,570,76,132,324,139,120,244,81,152,196,124,126,326,1415,0,1415
20233,A,골목상권,3110841,중대부중,2378,1172,1206,152,228,387,372,369,870,78,112,212,203,184,383,74,116,175,169,185,487,1081,0,1081
20233,A,골목상권,3110842,흑리단길,564,251,313,50,60,91,72,88,203,23,27,39,33,42,87,27,33,52,39,46,116,287,0,287
20233,A,골목상권,3110843,사당5동주민센터,1751,844,907,192,174,340,316,253,476,110,85,143,166,129,211,82,89,197,150,124,265,966,0,966
20233,A,골목상권,3110844,흑석2치안센터,923,458,465,74,80,140,141,140,348,42,41,80,78,69,148,32,39,60,63,71,200,410,0,410
20233,A,골목상권,3110845,사당종합체육관,1728,845,883,223,191,208,291,276,539,113,101,107,156,137,231,110,90,101,135,139,308,722,0,722
20233,A,골목상권,3110846,남성역 1번,8784,4256,4528,815,864,1586,1558,1270,2691,418,421,779,814,628,1196,397,443,807,744,642,1495,4850,0,4850
20233,A,골목상권,3110847,예술인마을,4390,2167,2223,391,390,913,769,547,1380,216,225,449,393,245,639,175,165,464,376,302,741,2213,0,2213
20233,A,골목상권,3110848,양지어린이공원,4937,2356,2581,497,448,1022,923,673,1374,250,227,472,474,327,606,247,221,550,449,346,768,2701,0,2701
20233,A,골목상권,3110849,이수역 10번,3953,1945,2008,312,355,755,649,612,1270,159,184,389,320,313,580,153,171,366,329,299,690,1849,0,1849
20233,A,골목상권,3110850,사당역 10번,8052,3855,4197,567,657,2250,1377,934,2267,317,324,1046,707,446,1015,250,333,1204,670,488,1252,5113,0,5113
20233,A,골목상권,3110851,경문고등학교(동작동성당),3500,1719,1781,296,339,584,540,525,1216,145,200,295,285,248,546,151,139,289,255,277,670,1778,0,1778
20233,A,골목상권,3110852,이수역 9번,1866,887,979,123,139,402,319,268,615,68,74,160,181,135,269,55,65,242,138,133,346,1198,0,1198
20233,A,골목상권,3110853,KT구로지사,2045,1088,957,152,121,623,369,266,514,81,53,338,222,147,247,71,68,285,147,119,267,1645,0,1645
20233,A,골목상권,3110854,조원동주민센터,2214,1144,1070,212,217,390,417,326,652,110,101,220,233,167,313,102,116,170,184,159,339,1233,0,1233
20233,A,골목상권,3110855,신대방역 2번,4326,2140,2186,328,397,1214,790,564,1033,165,168,594,410,300,503,163,229,620,380,264,530,3109,0,3109
20233,A,골목상권,3110856,미성초등학교,3964,1960,2004,390,379,751,631,606,1207,196,174,395,355,299,541,194,205,356,276,307,666,2252,0,2252
20233,A,골목상권,3110857,미성동주민센터,5001,2552,2449,518,567,697,781,833,1605,286,303,376,416,426,745,232,264,321,365,407,860,2338,0,2338
20233,A,골목상권,3110858,신대방역 1번,803,395,408,57,70,227,129,108,212,32,30,106,58,64,105,25,40,121,71,44,107,586,0,586
20233,A,골목상권,3110859,난향초등학교,3305,1704,1601,318,367,406,495,531,1188,151,201,219,277,305,551,167,166,187,218,226,637,1407,0,1407
20233,A,골목상권,3110860,호림박물관(성보고등학교),2239,1110,1129,119,313,608,365,326,508,59,132,317,204,151,247,60,181,291,161,175,261,1478,0,1478
20233,A,골목상권,3110861,관악구신사동주민센터,7384,3718,3666,629,835,1600,1213,1263,1844,330,427,833,645,614,869,299,408,767,568,649,975,4152,0,4152
20233,A,골목상권,3110862,난곡초등학교(난곡동벽화마을),2392,1185,1207,215,259,394,357,388,779,97,125,215,181,196,371,118,134,179,176,192,408,1181,0,1181
20233,A,골목상권,3110863,난우초등학교,4371,2206,2165,497,540,583,664,742,1345,249,293,306,355,367,636,248,247,277,309,375,709,1873,0,1873
20233,A,골목상권,3110864,신림우방아파트,5109,2576,2533,492,562,1020,850,770,1415,257,282,549,425,387,676,235,280,471,425,383,739,3022,0,3022
20233,A,골목상권,3110865,남강고등학교(남강중학교),9533,4766,4767,1018,1168,1336,1392,1715,2904,532,600,720,750,833,1331,486,568,616,642,882,1573,4205,0,4205
20233,A,골목상권,3110866,난우중학교,5150,2631,2519,508,563,686,786,807,1800,272,283,385,435,416,840,236,280,301,351,391,960,2473,0,2473
20233,A,골목상권,3110867,국제신학대학원대학교(남서울중학교),3398,1712,1686,232,300,870,560,431,1005,114,146,460,315,205,472,118,154,410,245,226,533,2280,0,2280
20233,A,골목상권,3110868,남부초등학교,3111,1602,1509,261,319,668,499,461,903,140,170,369,275,229,419,121,149,299,224,232,484,1864,0,1864
20233,A,골목상권,3110869,"신림역 5번(신림동주민센터, 신림동별빛거리)",10494,5254,5240,479,953,4207,1949,1014,1892,257,387,2137,1099,525,849,222,566,2070,850,489,1043,8805,0,8805
20233,A,골목상권,3110870,신림주공2단지(광신고등학교),2327,1168,1159,181,227,256,348,400,915,98,117,143,192,201,417,83,110,113,156,199,498,934,0,934
20233,A,골목상권,3110871,신원동주민센터,1957,971,986,130,183,457,301,267,619,64,94,250,165,126,272,66,89,207,136,141,347,1512,0,1512
20233,A,골목상권,3110872,신림초등학교,2895,1430,1465,286,328,565,518,409,789,149,171,306,260,211,333,137,157,259,258,198,456,1495,0,1495
20233,A,골목상권,3110873,당곡중학교,4993,2495,2498,475,547,857,815,799,1500,251,293,443,416,404,688,224,254,414,399,395,812,2473,0,2473
20233,A,골목상권,3110874,원신초등학교(구세군관악영문교회),3303,1679,1624,179,262,376,417,536,1533,89,123,227,244,321,675,90,139,149,173,215,858,1765,0,1765
20233,A,골목상권,3110875,보라매동주민센터(당곡고등학교),3019,1512,1507,288,289,573,537,456,876,138,150,319,284,215,406,150,139,254,253,241,470,1751,0,1751
20233,A,골목상권,3110876,서원동주민센터(신관중학교),2916,1485,1431,155,245,1036,542,302,636,79,116,561,298,152,279,76,129,475,244,150,357,1925,0,1925
20233,A,골목상권,3110877,신림역 8번,3188,1649,1539,101,308,1354,539,285,601,55,109,709,321,171,284,46,199,645,218,114,317,2898,0,2898
20233,A,골목상권,3110878,미림여고,1998,1022,976,204,215,314,301,340,624,110,117,163,167,174,291,94,98,151,134,166,333,790,0,790
20233,A,골목상권,3110879,신림현대아파트,1784,959,825,108,157,297,251,309,662,68,77,163,162,177,312,40,80,134,89,132,350,1092,0,1092
20233,A,골목상권,3110880,신림역 1번,1419,703,716,90,132,437,256,160,344,50,56,240,131,70,156,40,76,197,125,90,188,959,0,959
20233,A,골목상권,3110881,구립대학경로당(관악산샘말공원),9588,6116,3472,437,1037,3103,1809,1328,1874,241,531,2148,1299,956,941,196,506,955,510,372,933,7777,0,7777
20233,A,골목상권,3110882,신성초등학교,5168,2995,2173,329,529,1493,952,716,1149,173,271,948,616,429,558,156,258,545,336,287,591,3577,0,3577
20233,A,골목상권,3110883,은천초등학교(은천교앞),4525,2275,2250,403,384,882,789,633,1434,205,197,463,448,336,626,198,187,419,341,297,808,2668,0,2668
20233,A,골목상권,3110884,봉천역 4번(봉천110안전센터),1189,576,613,83,112,327,169,149,349,42,52,145,97,73,167,41,60,182,72,76,182,827,0,827
20233,A,골목상권,3110885,영락고등학교,6068,3189,2879,492,634,1516,1034,796,1596,256,326,850,594,425,738,236,308,666,440,371,858,4361,0,4361
20233,A,골목상권,3110886,관악해태어린이공원,3250,2111,1139,117,402,1415,552,301,463,73,208,986,409,206,229,44,194,429,143,95,234,2813,0,2813
20233,A,골목상권,3110887,서울산업정보학교(서울삼성초등학교),1703,1054,649,98,199,648,270,166,322,51,117,467,178,97,144,47,82,181,92,69,178,1392,0,1392
20233,A,골목상권,3110888,청룡동주민센터,1357,708,649,72,100,225,212,235,513,46,44,109,106,146,257,26,56,116,106,89,256,1027,0,1027
20233,A,골목상권,3110889,봉천역 6번,2316,1164,1152,203,205,576,396,282,654,112,108,292,204,143,305,91,97,284,192,139,349,1347,0,1347
20233,A,골목상권,3110890,봉천역 1번(관악초등학교),3044,1466,1578,165,317,1102,490,333,637,80,150,518,267,162,289,85,167,584,223,171,348,2373,0,2373
20233,A,골목상권,3110891,구암초등학교,983,489,494,95,118,121,143,168,338,43,58,73,71,97,147,52,60,48,72,71,191,336,0,336
20233,A,골목상권,3110892,관악구 중앙길,11827,5825,6002,881,1159,2939,1791,1603,3454,459,540,1484,970,820,1552,422,619,1455,821,783,1902,7180,0,7180
20233,A,골목상권,3110893,관악소방서(문영여고),292,145,147,17,50,96,45,36,48,8,19,51,23,20,24,9,31,45,22,16,24,164,0,164
20233,A,골목상권,3110894,관악동부센트레빌아파트(은천로35라길),1703,832,871,217,168,270,334,242,472,113,86,137,163,115,218,104,82,133,171,127,254,820,0,820
20233,A,골목상권,3110895,샤로수길,9132,4648,4484,684,1011,2923,1389,1045,2080,365,461,1568,761,543,950,319,550,1355,628,502,1130,5577,0,5577
20233,A,골목상권,3110896,관악우성아파트,222,115,107,23,25,31,36,33,74,13,14,19,18,18,33,10,11,12,18,15,41,152,0,152
20233,A,골목상권,3110897,서울대입구역 8번,5445,2717,2728,368,494,1410,800,701,1672,177,245,720,436,369,770,191,249,690,364,332,902,3553,0,3553
20233,A,골목상권,3110898,청림동주민센터(상도중학교),2605,1303,1302,325,283,326,391,424,856,159,145,199,204,219,377,166,138,127,187,205,479,992,0,992
20233,A,골목상권,3110899,낙성대역 5번(관악중학교),3172,1513,1659,155,232,1282,598,281,624,80,90,607,322,144,270,75,142,675,276,137,354,2234,0,2234
20233,A,골목상권,3110900,낙성대역 1번(관악구민 종합체육센터),6613,3335,3278,512,611,2338,1116,733,1303,246,307,1184,628,384,586,266,304,1154,488,349,717,3992,0,3992
20233,A,골목상권,3110901,인헌고등학교(인헌중학교),5321,2566,2755,524,567,1001,932,828,1469,275,290,489,449,398,665,249,277,512,483,430,804,2485,0,2485
20233,A,골목상권,3110902,사당역 4번,9327,4431,4896,794,814,2483,1568,1105,2563,400,359,1186,812,506,1168,394,455,1297,756,599,1395,5442,0,5442
20233,A,골목상권,3110903,방배아이파크아파트,4273,1955,2318,466,667,602,638,886,1014,238,266,283,287,412,469,228,401,319,351,474,545,1661,0,1661
20233,A,골목상권,3110904,이수역 5번,902,421,481,93,106,162,138,129,274,46,46,68,64,62,135,47,60,94,74,67,139,486,0,486
20233,A,골목상권,3110905,방배노인종합복지관(이수중학교),4142,1966,2176,504,518,696,668,661,1095,250,261,335,328,306,486,254,257,361,340,355,609,1635,0,1635
20233,A,골목상권,3110906,서문여고,1209,535,674,156,191,171,198,226,267,67,70,84,84,109,121,89,121,87,114,117,146,501,0,501
20233,A,골목상권,3110907,방배초등학교,3382,1521,1861,493,474,477,585,600,753,234,182,204,277,277,347,259,292,273,308,323,406,1441,0,1441
20233,A,골목상권,3110908,구반포역,85,47,38,12,17,3,8,27,18,7,9,3,3,14,11,5,8,0,5,13,7,81,0,81
20233,A,골목상권,3110909,남태령역(서울전자고등학교),769,380,389,60,98,115,101,111,284,31,45,68,53,51,132,29,53,47,48,60,152,362,0,362
20233,A,골목상권,3110910,내방역 5번,2373,1061,1312,306,221,494,512,357,483,142,93,199,236,174,217,164,128,295,276,183,266,1168,0,1168
20233,A,골목상권,3110911,방배배수지체육공원,29,14,15,2,5,8,2,3,9,1,2,4,1,1,5,1,3,4,1,2,4,72,0,72
20233,A,골목상권,3110912,방배동사이길,359,163,196,59,30,54,69,60,87,30,13,21,36,27,36,29,17,33,33,33,51,146,0,146
20233,A,골목상권,3110913,방현초등학교(방배119안전센터),4942,2345,2597,410,663,828,764,800,1477,200,326,417,377,364,661,210,337,411,387,436,816,1749,0,1749
20233,A,골목상권,3110914,내방역 6번,234,121,113,19,35,48,36,40,56,11,19,25,18,21,27,8,16,23,18,19,29,150,0,150
20233,A,골목상권,3110915,서래초등학교,1494,687,807,266,176,200,234,244,374,122,92,82,100,112,179,144,84,118,134,132,195,542,0,542
20233,A,골목상권,3110916,내방역 4번,3749,1760,1989,433,402,729,747,532,906,223,215,302,377,233,410,210,187,427,370,299,496,1829,0,1829
20233,A,골목상권,3110917,서초소방서,851,406,445,128,95,135,137,154,202,69,49,57,59,73,99,59,46,78,78,81,103,370,0,370
20233,A,골목상권,3110918,방배역 3번,2876,1347,1529,289,387,485,516,449,750,149,222,207,236,193,340,140,165,278,280,256,410,1298,0,1298
20233,A,골목상권,3110919,내방역 8번,2558,1237,1321,326,346,358,379,467,682,175,191,156,165,219,331,151,155,202,214,248,351,1195,0,1195
20233,A,골목상권,3110920,방배역 2번(백석예술대학교),152,75,77,20,22,32,21,25,32,11,12,13,11,11,17,9,10,19,10,14,15,53,0,53
20233,A,골목상권,3110921,서울프랑스학교,1174,537,637,177,124,176,205,179,313,86,64,86,73,82,146,91,60,90,132,97,167,443,0,443
20233,A,골목상권,3110922,내방역 1번,2568,1261,1307,298,260,535,482,380,613,168,146,250,239,177,281,130,114,285,243,203,332,1261,0,1261
20233,A,골목상권,3110923,방배역 1번,492,228,264,46,66,81,74,76,149,22,30,39,36,35,66,24,36,42,38,41,83,189,0,189
20233,A,골목상권,3110924,반포4동주민센터(몽마르뜨공원),2203,1012,1191,290,232,342,389,348,602,151,113,143,177,160,268,139,119,199,212,188,334,1118,0,1118
20233,A,골목상권,3110925,서초중학교,3146,1528,1618,329,449,499,504,588,777,166,265,225,246,275,351,163,184,274,258,313,426,1263,0,1263
20233,A,골목상권,3110926,신중초등학교,3535,1702,1833,424,509,545,508,636,913,218,298,246,238,291,411,206,211,299,270,345,502,1596,0,1596
20233,A,골목상권,3110927,잠원역,121,46,75,13,7,17,19,15,50,5,3,6,6,5,21,8,4,11,13,10,29,152,0,152
20233,A,골목상권,3110928,서초우방유쉘아파트,452,230,222,39,37,109,69,51,147,19,18,58,38,26,71,20,19,51,31,25,76,234,0,234
20233,A,골목상권,3110929,남부터미널역 1번,4523,2273,2250,642,522,700,814,692,1153,328,288,353,429,337,538,314,234,347,385,355,615,1776,0,1776
20233,A,골목상권,3110930,서초동성당,1776,875,901,264,219,277,291,289,436,136,124,131,137,149,198,128,95,146,154,140,238,825,0,825
20233,A,골목상권,3110931,삼성전자서울R&D(서울우면초등학교),147,69,78,15,14,16,22,17,63,8,7,9,10,9,26,7,7,7,12,8,37,66,0,66
20233,A,골목상권,3110932,서울시인재개발원,654,310,344,106,68,108,148,97,127,49,33,57,74,45,52,57,35,51,74,52,75,281,0,281
20233,A,골목상권,3110933,한국상담대학원대학교,481,247,234,97,50,63,84,87,100,57,28,28,39,46,49,40,22,35,45,41,51,163,0,163
20233,A,골목상권,3110934,우면주공아파트,3084,1509,1575,332,315,513,558,381,985,176,169,277,290,186,411,156,146,236,268,195,574,1300,0,1300
20233,A,골목상권,3110935,한전아트센터,1161,588,573,172,138,174,202,195,280,91,86,86,106,88,131,81,52,88,96,107,149,461,0,461
20233,A,골목상권,3110936,더케이호텔(양재리본타워2단지아파트),892,448,444,97,71,174,182,122,246,50,45,85,93,60,115,47,26,89,89,62,131,425,0,425
20233,A,골목상권,3110937,방아다리근린공원(횃불트리니티신학대학원대학교),326,163,163,30,24,46,31,33,162,17,11,20,15,19,81,13,13,26,16,14,81,191,0,191
20233,A,골목상권,3110938,바우뫼공원,690,335,355,77,60,135,125,97,196,45,29,58,65,46,92,32,31,77,60,51,104,385,0,385
20233,A,골목상권,3110939,양재역 8번(양재동우체국),6221,2973,3248,649,489,1378,1214,805,1686,337,241,668,601,370,756,312,248,710,613,435,930,3102,0,3102
20233,A,골목상권,3110940,양재근린공원(양재2동주민센터),1204,591,613,154,116,253,245,182,254,72,54,131,125,95,114,82,62,122,120,87,140,531,0,531
20233,A,골목상권,3110941,언남고등학교,973,496,477,100,96,191,188,145,253,51,54,95,103,72,121,49,42,96,85,73,132,425,0,425
20233,A,골목상권,3110942,염곡동 구룡사(포이동성당),8851,4329,4522,1078,884,1807,1696,1366,2020,539,449,903,858,682,898,539,435,904,838,684,1122,3987,0,3987
20233,A,골목상권,3110943,법제교육센터(버들어린이공원),1664,864,800,187,161,355,351,263,347,94,97,187,193,132,161,93,64,168,158,131,186,756,0,756
20233,A,골목상권,3110944,서울나래학교(염곡어린이공원),538,265,273,54,45,90,66,65,218,26,17,56,34,28,104,28,28,34,32,37,114,318,0,318
20233,A,골목상권,3110945,본마을노인복지센터(서초구립내곡도서관),372,191,181,22,35,51,42,65,157,8,17,28,22,33,83,14,18,23,20,32,74,146,0,146
20233,A,골목상권,3110946,청계산원터골,77,45,32,6,0,12,10,11,38,4,0,8,7,6,20,2,0,4,3,5,18,44,0,44
20233,A,골목상권,3110947,청계산입구역 2번(내곡동주민센터),336,183,153,34,17,33,51,40,161,22,14,16,30,23,78,12,3,17,21,17,83,181,0,181
20233,A,골목상권,3110948,헌인가구단지,159,85,74,7,4,19,17,20,92,5,1,10,8,13,48,2,3,9,9,7,44,54,0,54
20233,A,골목상권,3110949,한남IC,613,281,332,68,69,133,123,103,117,33,37,54,54,47,56,35,32,79,69,56,61,281,0,281
20233,A,골목상권,3110950,논현역 7번,822,383,439,90,72,124,163,116,257,46,30,57,77,46,127,44,42,67,86,70,130,338,0,338
20233,A,골목상권,3110951,신사은행나무공원,1055,466,589,104,92,282,209,137,231,56,41,112,93,66,98,48,51,170,116,71,133,557,0,557
20233,A,골목상권,3110952,논현목련공원,925,408,517,56,75,283,218,101,192,35,34,118,96,43,82,21,41,165,122,58,110,571,0,571
20233,A,골목상권,3110953,학동근린공원,912,403,509,98,83,175,166,120,270,46,41,76,64,53,123,52,42,99,102,67,147,442,0,442
20233,A,골목상권,3110954,국기원,483,242,241,25,28,163,115,52,100,9,22,75,58,25,53,16,6,88,57,27,47,303,0,303
20233,A,골목상권,3110955,논현초등학교,7070,3285,3785,474,548,2063,1677,849,1459,233,271,913,796,427,645,241,277,1150,881,422,814,4495,0,4495
20233,A,골목상권,3110956,언주역 8번,573,267,306,57,36,133,132,65,150,19,15,69,58,36,70,38,21,64,74,29,80,384,0,384
20233,A,골목상권,3110957,언북중학교,1907,855,1052,158,149,452,462,267,419,81,67,183,216,131,177,77,82,269,246,136,242,1088,0,1088
20233,A,골목상권,3110958,역삼역 4번,825,427,398,59,48,245,195,98,180,28,24,119,103,62,91,31,24,126,92,36,89,512,0,512
20233,A,골목상권,3110959,신구중학교,361,165,196,58,42,44,74,57,86,33,18,14,42,25,33,25,24,30,32,32,53,170,0,170
20233,A,골목상권,3110960,은광여고,678,340,338,62,51,219,141,80,125,28,24,102,82,45,59,34,27,117,59,35,66,476,0,476
20233,A,골목상권,3110961,언주역 3번,2098,956,1142,171,143,578,493,258,455,87,67,243,223,127,209,84,76,335,270,131,246,1314,0,1314
20233,A,골목상권,3110962,도산공원북측,28,11,17,3,4,8,6,3,4,3,0,4,1,1,2,0,4,4,5,2,2,16,0,16
20233,A,골목상권,3110963,역삼월드메르디앙아파트,1866,877,989,194,168,412,405,253,434,110,90,167,198,123,189,84,78,245,207,130,245,873,0,873
20233,A,골목상권,3110964,싸리고개근린공원,959,443,516,130,109,110,149,144,317,49,53,45,67,73,156,81,56,65,82,71,161,370,0,370
20233,A,골목상권,3110965,언주역 6번,2376,1026,1350,177,149,733,632,290,395,82,60,288,262,150,184,95,89,445,370,140,211,1500,0,1500
20233,A,골목상권,3110966,논현2동주민센터,2647,1183,1464,241,269,590,537,347,663,122,124,234,255,158,290,119,145,356,282,189,373,1558,0,1558
20233,A,골목상권,3110967,역삼역 8번,1326,598,728,99,81,383,354,164,245,50,32,163,160,80,113,49,49,220,194,84,132,864,0,864
20233,A,골목상권,3110968,강남구청역 2번,567,262,305,43,51,124,142,85,122,19,24,59,66,38,56,24,27,65,76,47,66,314,0,314
20233,A,골목상권,3110969,베르사이유1아파트,1391,679,712,107,117,343,349,213,262,48,57,159,175,116,124,59,60,184,174,97,138,754,0,754
20233,A,골목상권,3110970,학동초등학교,852,389,463,86,97,184,172,123,190,42,57,74,69,61,86,44,40,110,103,62,104,540,0,540
20233,A,골목상권,3110971,선정릉역 4번,3781,1684,2097,213,291,1103,971,501,702,99,131,468,443,244,299,114,160,635,528,257,403,2549,0,2549
20233,A,골목상권,3110972,강남세브란스병원미래의학연구센터,2073,957,1116,212,193,460,429,288,491,107,88,194,196,149,223,105,105,266,233,139,268,1003,0,1003
20233,A,골목상권,3110973,강남구청역 4번,2417,1124,1293,397,299,338,475,391,517,210,153,132,205,194,230,187,146,206,270,197,287,952,0,952
20233,A,골목상권,3110974,언주중학교,1418,653,765,130,182,303,313,238,252,68,93,121,137,116,118,62,89,182,176,122,134,765,0,765
20233,A,골목상권,3110975,매봉역 1번,929,435,494,100,113,157,116,136,307,54,57,69,51,63,141,46,56,88,65,73,166,353,0,353
20233,A,골목상권,3110976,언북초등학교,2077,957,1120,216,237,440,383,334,467,107,117,192,189,156,196,109,120,248,194,178,271,1080,0,1080
20233,A,골목상권,3110977,논현로18길,728,354,374,62,99,138,95,147,187,32,42,70,52,69,89,30,57,68,43,78,98,340,0,340
20233,A,골목상권,3110978,도곡2동주민센터(대치중학교),282,125,157,6,17,32,41,55,131,3,9,13,16,25,59,3,8,19,25,30,72,255,0,255
20233,A,골목상권,3110979,청담초등학교,1114,532,582,189,151,118,143,201,312,97,82,50,58,91,154,92,69,68,85,110,158,397,0,397
20233,A,골목상권,3110980,개포지구대옆,2531,1233,1298,336,322,362,478,434,599,185,159,176,225,205,283,151,163,186,253,229,316,1125,0,1125
20233,A,골목상권,3110981,국악고교사거리,2055,1003,1052,245,307,318,346,425,414,124,162,150,177,195,195,121,145,168,169,230,219,907,0,907
20233,A,골목상권,3110982,강남구보훈회관,841,377,464,100,104,160,165,132,180,46,58,66,67,60,80,54,46,94,98,72,100,406,0,406
20233,A,골목상권,3110983,국립국악고등학교,2786,1348,1438,324,391,328,500,565,678,165,191,152,240,284,316,159,200,176,260,281,362,1231,0,1231
20233,A,골목상권,3110984,포이초등학교(개포목련어린이공원),4410,2215,2195,571,564,730,786,779,980,300,306,367,413,376,453,271,258,363,373,403,527,1912,0,1912
20233,A,골목상권,3110985,청담근린공원,1031,497,534,92,125,187,174,180,273,50,67,95,87,83,115,42,58,92,87,97,158,480,0,480
20233,A,골목상권,3110986,삼성중앙역 7번,734,338,396,76,68,151,195,103,141,40,35,70,84,47,62,36,33,81,111,56,79,396,0,396
20233,A,골목상권,3110987,영동대교남단,505,242,263,60,72,80,69,80,144,30,37,35,33,35,72,30,35,45,36,45,72,199,0,199
20233,A,골목상권,3110988,청담역 3번,1347,673,674,149,184,175,188,215,436,83,117,89,82,100,202,66,67,86,106,115,234,474,0,474
20233,A,골목상권,3110989,대치동아우편취급국,1499,686,813,120,198,348,339,244,250,56,94,151,150,118,117,64,104,197,189,126,133,904,0,904
20233,A,골목상권,3110990,청담역 12번,157,77,80,13,20,36,19,25,44,7,10,20,10,10,20,6,10,16,9,15,24,77,0,77
20233,A,골목상권,3110991,삼성중앙역 5번,341,165,176,33,31,60,55,52,110,20,20,26,26,23,50,13,11,34,29,29,60,154,0,154
20233,A,골목상권,3110992,도곡초등학교,8225,3886,4339,735,1542,1256,1332,1835,1525,395,827,587,560,824,693,340,715,669,772,1011,832,3681,0,3681
20233,A,골목상권,3110993,개포지하차도 북측,236,107,129,28,25,45,44,31,63,17,15,19,14,13,29,11,10,26,30,18,34,119,0,119
20233,A,골목상권,3110994,개포고등학교,1848,928,920,196,238,262,270,293,589,108,134,144,131,129,282,88,104,118,139,164,307,797,0,797
20233,A,골목상권,3110995,봉은사역 4번,2831,1382,1449,360,414,421,431,500,705,170,244,209,199,225,335,190,170,212,232,275,370,1097,0,1097
20233,A,골목상권,3110996,대치2동주민센터,1387,701,686,105,248,123,165,335,411,65,155,60,76,159,186,40,93,63,89,176,225,664,0,664
20233,A,골목상권,3110997,대청초등학교,7646,3808,3838,839,1015,1452,1066,1294,1980,458,593,665,526,625,941,381,422,787,540,669,1039,3441,0,3441
20233,A,골목상권,3110998,은곡마을(은곡마을공원),225,106,119,50,15,35,49,32,44,19,12,17,23,16,19,31,3,18,26,16,25,312,0,312
20233,A,골목상권,3110999,윗방죽마을공원,2348,1105,1243,166,149,796,523,277,437,78,75,321,280,152,199,88,74,475,243,125,238,2418,0,2418
20233,A,골목상권,3111000,대왕초등학교(세곡동사거리서남측),416,199,217,52,41,52,54,55,162,23,22,29,26,27,72,29,19,23,28,28,90,196,0,196
20233,A,골목상권,3111001,아래방죽마을공원(율현초등학교),814,387,427,175,58,108,186,82,205,83,29,58,93,34,90,92,29,50,93,48,115,777,0,777
20233,A,골목상권,3111003,삼전역 4번,11562,5503,6059,1301,1345,2239,2351,1741,2585,665,647,1034,1156,821,1180,636,698,1205,1195,920,1405,5373,0,5373
20233,A,골목상권,3111004,삼전역 1번,10291,4856,5435,911,1051,2265,1996,1569,2499,498,534,1025,958,734,1107,413,517,1240,1038,835,1392,5691,0,5691
20233,A,골목상권,3111005,삼전역 3번,9342,4577,4765,1092,1027,1801,1801,1436,2185,555,549,867,920,685,1001,537,478,934,881,751,1184,4280,0,4280
20233,A,골목상권,3111006,석촌고분역 1번,9335,4356,4979,980,917,1856,1980,1367,2235,503,466,823,956,635,973,477,451,1033,1024,732,1262,4597,0,4597
20233,A,골목상권,3111007,석촌고분역 4번,8691,4241,4450,1080,918,1633,1795,1295,1970,551,527,778,902,612,871,529,391,855,893,683,1099,4119,0,4119
20233,A,골목상권,3111008,석촌고분역 3번,5167,2549,2618,588,532,942,924,814,1367,291,290,470,478,391,629,297,242,472,446,423,738,2338,0,2338
20233,A,골목상권,3111009,송파책박물관,1250,643,607,113,159,202,206,204,366,65,89,104,116,103,166,48,70,98,90,101,200,523,0,523
20233,A,골목상권,3111010,석촌역 7번,9772,4595,5177,1076,797,2267,2070,1253,2309,567,396,994,1017,598,1023,509,401,1273,1053,655,1286,4884,0,4884
20233,A,골목상권,3111011,잠실나루역,328,167,161,64,42,32,64,48,78,35,27,13,29,24,39,29,15,19,35,24,39,102,0,102
20233,A,골목상권,3111012,석촌역 6번,6850,3364,3486,776,674,1190,1250,1118,1842,386,354,577,632,566,849,390,320,613,618,552,993,3287,0,3287
20233,A,골목상권,3111013,송파나루역 1번(송리단길),9152,4325,4827,990,818,2039,1845,1202,2258,483,404,913,902,576,1047,507,414,1126,943,626,1211,4484,0,4484
20233,A,골목상권,3111014,송파나루역 2번,3551,1717,1834,334,304,753,681,486,993,165,174,349,364,228,437,169,130,404,317,258,556,1683,0,1683
20233,A,골목상권,3111015,석촌역 3번,10674,5103,5571,1097,1151,2217,1943,1623,2643,540,559,1032,979,758,1235,557,592,1185,964,865,1408,5279,0,5279
20233,A,골목상권,3111016,송파역 2번,3633,1735,1898,403,527,548,500,620,1035,194,253,274,258,300,456,209,274,274,242,320,579,1498,0,1498
20233,A,골목상권,3111017,송파나루역 3번,1086,527,559,110,122,189,191,181,293,52,62,96,96,80,141,58,60,93,95,101,152,504,0,504
20233,A,골목상권,3111018,풍납초등학교(풍납백제문화공원),952,508,444,125,112,114,171,145,285,66,68,69,97,79,129,59,44,45,74,66,156,331,0,331
20233,A,골목상권,3111019,한성백제역 3번,8922,4344,4578,1086,1012,1552,1566,1344,2362,602,529,753,758,612,1090,484,483,799,808,732,1272,3835,0,3835
20233,A,골목상권,3111020,방이동고분군(방산고등학교),656,334,322,69,116,106,85,125,155,43,63,58,40,52,78,26,53,48,45,73,77,276,0,276
20233,A,골목상권,3111021,방이역 4번,9517,4621,4896,1201,1321,1347,1567,1694,2387,589,679,662,751,821,1119,612,642,685,816,873,1268,4179,0,4179
20233,A,골목상권,3111022,석촌중학교(방이육교),2863,1447,1416,303,409,480,425,488,758,168,238,239,220,212,370,135,171,241,205,276,388,1218,0,1218
20233,A,골목상권,3111023,문정역 1번,2201,1101,1100,196,253,452,391,360,549,97,124,232,212,174,262,99,129,220,179,186,287,1026,0,1026
20233,A,골목상권,3111024,경찰병원역 4번(건너말공원),1605,813,792,170,207,294,277,267,390,93,113,150,142,149,166,77,94,144,135,118,224,738,0,738
20233,A,골목상권,3111025,경찰병원역 3번,3177,1579,1598,307,370,749,534,483,734,165,194,339,298,231,352,142,176,410,236,252,382,1468,0,1468
20233,A,골목상권,3111026,문정역 2번,4486,2219,2267,595,492,791,772,692,1144,314,238,421,392,330,524,281,254,370,380,362,620,1963,0,1963
20233,A,골목상권,3111027,문정초등학교,5390,2660,2730,614,640,1043,874,889,1330,308,326,528,472,413,613,306,314,515,402,476,717,2489,0,2489
20233,A,골목상권,3111028,문현중학교(장지역 1번),1734,848,886,176,197,316,304,278,463,95,94,149,158,141,211,81,103,167,146,137,252,915,0,915
20233,A,골목상권,3111029,오금역 4번,1254,630,624,104,132,186,173,227,432,54,67,92,93,108,216,50,65,94,80,119,216,664,0,664
20233,A,골목상권,3111030,방이역 2번,1695,830,865,160,246,270,222,308,489,82,133,134,93,152,236,78,113,136,129,156,253,803,0,803
20233,A,골목상권,3111031,장지동주민센터(한림연예예술고교),3682,1814,1868,472,503,496,574,657,980,244,242,267,273,330,458,228,261,229,301,327,522,1605,0,1605
20233,A,골목상권,3111032,방이역 1번,1872,908,964,189,267,299,224,301,592,100,135,157,101,129,286,89,132,142,123,172,306,636,0,636
20233,A,골목상권,3111033,문정동성당,703,349,354,87,83,106,135,108,184,37,44,55,73,57,83,50,39,51,62,51,101,325,0,325
20233,A,골목상권,3111034,오동나무공원(송파레미니스1단지),3817,1897,1920,459,525,570,569,704,990,236,280,284,282,340,475,223,245,286,287,364,515,2058,0,2058
20233,A,골목상권,3111035,오금공원(오주중학교),3963,1981,1982,471,510,580,596,717,1089,248,263,293,312,361,504,223,247,287,284,356,585,1672,0,1672
20233,A,골목상권,3111036,투구봉어린이공원,1368,684,684,158,196,214,225,240,335,76,100,117,124,114,153,82,96,97,101,126,182,570,0,570
20232,A,골목상권,3110590,만리재,2742,1329,1413,215,359,398,387,564,819,108,191,206,203,272,349,107,168,192,184,292,470,1212,0,1212
20233,A,골목상권,3111037,Sh수협은행 오금동금융센터(아랫말어린이공원),537,295,242,56,54,83,86,108,150,30,35,47,43,57,83,26,19,36,43,51,67,245,0,245
20233,A,골목상권,3111038,보인중학교,2669,1334,1335,354,350,357,412,473,723,204,183,172,208,226,341,150,167,185,204,247,382,1006,0,1006
20233,A,골목상권,3111039,벌말어린이공원,1887,987,900,192,248,277,293,338,539,99,134,158,169,164,263,93,114,119,124,174,276,960,0,960
20233,A,골목상권,3111040,거여초등학교,2546,1262,1284,261,351,370,355,472,737,133,187,203,174,215,350,128,164,167,181,257,387,961,0,961
20233,A,골목상권,3111041,거여역 8번,288,156,132,20,32,36,37,43,120,11,15,21,22,26,61,9,17,15,15,17,59,666,0,666
20233,A,골목상권,3111042,거여역 1번(거여공원),5600,2883,2717,584,703,702,842,1028,1741,308,377,393,419,539,847,276,326,309,423,489,894,2667,0,2667
20233,A,골목상권,3111043,마천공원,2741,1436,1305,285,339,393,439,489,796,154,205,220,237,245,375,131,134,173,202,244,421,1302,0,1302
20233,A,골목상권,3111044,남천초등학교,5301,2683,2618,574,590,646,796,934,1761,284,325,342,428,489,815,290,265,304,368,445,946,2445,0,2445
20233,A,골목상권,3111045,개미어린이공원,2557,1284,1273,274,302,325,398,433,825,118,173,183,210,233,367,156,129,142,188,200,458,1020,0,1020
20233,A,골목상권,3111046,마천역(마천초등학교),10304,5230,5074,1068,1052,1198,1579,1717,3690,544,545,632,816,932,1761,524,507,566,763,785,1929,4437,0,4437
20233,A,골목상권,3111047,마천1치안센터,2809,1469,1340,253,298,306,381,500,1071,126,147,172,218,285,521,127,151,134,163,215,550,1315,0,1315
20233,A,골목상권,3111048,천호역 1번(천호문구완구거리),2502,1237,1265,171,196,423,362,400,950,71,105,219,200,216,426,100,91,204,162,184,524,1328,0,1328
20233,A,골목상권,3111049,천호지구대(천호동자전거거리),3521,1826,1695,394,339,510,566,569,1143,217,175,271,300,307,556,177,164,239,266,262,587,2053,0,2053
20233,A,골목상권,3111050,강동구청(강동구청역 2번),1106,534,572,159,112,172,188,161,314,82,59,80,89,77,147,77,53,92,99,84,167,412,0,412
20233,A,골목상권,3111051,천호역 6번,6263,3109,3154,523,576,1078,973,1026,2087,266,287,536,525,533,962,257,289,542,448,493,1125,3895,0,3895
20233,A,골목상권,3111052,암사역 3번(천호동자전거거리),4815,2414,2401,654,437,849,909,743,1223,322,213,390,515,390,584,332,224,459,394,353,639,2679,0,2679
20233,A,골목상권,3111053,성내천어린이공원(하니사랑길),3839,1871,1968,534,425,563,694,577,1046,271,235,296,331,275,463,263,190,267,363,302,583,1768,0,1768
20233,A,골목상권,3111054,암사역 4번(삼성광나루아파트),393,189,204,50,27,58,80,46,132,21,15,30,38,25,60,29,12,28,42,21,72,234,0,234
20233,A,골목상권,3111055,선사초등학교,103,60,43,13,17,12,14,19,28,11,11,9,7,10,12,2,6,3,7,9,16,60,0,60
20233,A,골목상권,3111056,천호태영아파트,411,207,204,14,21,123,104,74,75,8,10,52,46,47,44,6,11,71,58,27,31,681,0,681
20233,A,골목상권,3111057,천호공원(해공체육문화센터),3883,1993,1890,364,404,498,532,669,1416,181,230,266,283,338,695,183,174,232,249,331,721,2178,0,2178
20233,A,골목상권,3111058,성내중학교,1635,810,825,204,189,285,290,255,412,104,97,137,152,132,188,100,92,148,138,123,224,702,0,702
20233,A,골목상권,3111059,강동역 4번(강풀만화거리),11657,5873,5784,1167,1062,2035,2035,1707,3651,631,540,1044,1074,845,1739,536,522,991,961,862,1912,5801,0,5801
20233,A,골목상권,3111060,암사역 2번(서울강동초등학교),9658,4824,4834,1121,995,1477,1635,1551,2879,583,541,754,865,769,1312,538,454,723,770,782,1567,4684,0,4684
20233,A,골목상권,3111061,암사역 1번,9628,4750,4878,1059,976,1440,1747,1521,2885,523,538,706,933,753,1297,536,438,734,814,768,1588,4713,0,4713
20233,A,골목상권,3111062,둔촌동역 3번(성내3동주민센터),3392,1729,1663,473,423,435,584,591,886,263,237,245,287,287,410,210,186,190,297,304,476,1406,0,1406
20233,A,골목상권,3111063,강동구립 천호도서관,5742,2947,2795,500,471,983,846,923,2019,246,253,512,482,498,956,254,218,471,364,425,1063,3706,0,3706
20233,A,골목상권,3111064,둔촌동역 4번,2476,1240,1236,274,335,350,432,424,661,143,192,186,228,213,278,131,143,164,204,211,383,1196,0,1196
20233,A,골목상권,3111065,천일초등학교,2673,1391,1282,226,312,363,369,469,934,114,165,204,209,246,453,112,147,159,160,223,481,1431,0,1431
20233,A,골목상권,3111066,암사동성당(효정하나플러스아파트),5397,2711,2686,589,579,824,899,907,1599,294,321,424,464,463,745,295,258,400,435,444,854,2600,0,2600
20233,A,골목상권,3111067,강동구립성내도서관,9505,4678,4827,1073,891,1686,1790,1373,2692,552,506,811,932,678,1199,521,385,875,858,695,1493,4459,0,4459
20233,A,골목상권,3111068,강동성심병원,386,187,199,59,19,95,89,58,66,34,9,37,48,29,30,25,10,58,41,29,36,171,0,171
20233,A,골목상권,3111069,천호1동주민센터,5164,2658,2506,479,533,697,792,890,1773,258,273,364,427,473,863,221,260,333,365,417,910,2810,0,2810
20233,A,골목상권,3111070,천호초등학교,2407,1189,1218,302,241,343,384,372,765,148,123,171,204,191,352,154,118,172,180,181,413,1283,0,1283
20233,A,골목상권,3111071,천동초등학교,1018,515,503,119,94,165,173,135,332,65,52,82,95,63,158,54,42,83,78,72,174,531,0,531
20233,A,골목상권,3111072,굽은다리역 1번(십자성마을),7213,3605,3608,875,823,1067,1191,1062,2195,455,420,550,641,519,1020,420,403,517,550,543,1175,3168,0,3168
20233,A,골목상권,3111073,둔촌동역 1번(한산중학교),7458,3688,3770,878,889,1141,1140,1256,2154,473,439,596,562,600,1018,405,450,545,578,656,1136,3295,0,3295
20233,A,골목상권,3111074,명일역 1번,2307,1124,1183,320,252,335,406,345,649,164,124,176,208,165,287,156,128,159,198,180,362,964,0,964
20233,A,골목상권,3111075,굽은다리역 2번,4718,2349,2369,461,521,703,656,739,1638,217,264,390,355,357,766,244,257,313,301,382,872,2011,0,2011
20233,A,골목상권,3111076,둔촌2동주민센터,1743,898,845,149,204,250,246,302,592,80,102,136,142,149,289,69,102,114,104,153,303,1011,0,1011
20233,A,골목상권,3111077,길동주민센터(강동도서관),11358,5637,5721,1309,1147,1759,1965,1764,3414,701,597,869,1010,867,1593,608,550,890,955,897,1821,5387,0,5387
20233,A,골목상권,3111078,굽은다리역 4번,10272,5040,5232,1043,1233,1645,1625,1616,3110,549,634,809,845,783,1420,494,599,836,780,833,1690,4316,0,4316
20233,A,골목상권,3111079,둔촌고등학교(둔촌중학교),1969,981,988,193,248,311,268,325,624,100,134,154,148,166,279,93,114,157,120,159,345,910,0,910
20233,A,골목상권,3111080,굽은다리역 3번,3247,1574,1673,385,444,447,452,551,968,205,216,241,221,253,438,180,228,206,231,298,530,1228,0,1228
20233,A,골목상권,3111081,둔촌푸르지오아파트,284,140,144,14,50,41,29,59,91,5,31,22,14,28,40,9,19,19,15,31,51,114,0,114
20233,A,골목상권,3111082,중앙보훈병원,1250,610,640,155,167,176,182,196,374,87,79,97,89,93,165,68,88,79,93,103,209,480,0,480
20233,A,골목상권,3111083,GS강동자이아파트,3443,1725,1718,404,413,503,563,583,977,205,217,258,302,287,456,199,196,245,261,296,521,1379,0,1379
20233,A,골목상권,3111084,길동신동아아파트,1100,531,569,173,164,135,174,190,264,89,88,63,77,85,129,84,76,72,97,105,135,354,0,354
20233,A,골목상권,3111085,묘곡초등학교(고덕아이파크아파트),5017,2602,2415,480,688,676,602,915,1656,245,387,381,322,465,802,235,301,295,280,450,854,1980,0,1980
20233,A,골목상권,3111086,한영중고,2818,1392,1426,332,473,313,355,553,792,174,262,168,170,263,355,158,211,145,185,290,437,1056,0,1056
20233,A,골목상권,3111087,고덕중학교(고덕2동주민센터),2973,1575,1398,251,378,374,361,550,1059,130,219,220,200,288,518,121,159,154,161,262,541,1224,0,1224
20233,A,골목상권,3111088,고덕동성당,2415,1236,1179,214,260,303,298,427,913,107,152,169,157,227,424,107,108,134,141,200,489,967,0,967
20233,A,골목상권,3111089,상일여고(상일초등학교),4387,2269,2118,440,557,662,531,803,1394,238,280,371,288,401,691,202,277,291,243,402,703,1702,0,1702
20233,A,골목상권,3111090,강일동주민센터,604,322,282,27,45,172,141,95,124,17,15,88,86,49,67,10,30,84,55,46,57,826,0,826
20233,D,발달상권,3120001,서대문역,643,344,299,36,57,112,88,110,240,18,18,47,52,75,134,18,39,65,36,35,106,513,0,513
20233,D,발달상권,3120002,서촌(경복궁역),1803,837,966,185,193,260,274,308,583,95,98,130,122,140,252,90,95,130,152,168,331,798,0,798
20233,D,발달상권,3120003,광화문역,2270,1028,1242,307,171,302,446,310,734,159,81,121,186,138,343,148,90,181,260,172,391,1571,0,1571
20233,D,발달상권,3120004,종로구청,279,157,122,16,16,45,41,50,111,14,7,28,23,25,60,2,9,17,18,25,51,276,0,276
20233,D,발달상권,3120005,삼청동,1224,565,659,95,123,147,202,166,491,45,52,73,96,80,219,50,71,74,106,86,272,582,0,582
20233,D,발달상권,3120006,종각역,300,187,113,6,17,64,35,54,124,3,9,44,20,33,78,3,8,20,15,21,46,356,0,356
20233,D,발달상권,3120007,북촌(안국역),1503,686,817,118,146,170,203,242,624,67,69,78,104,107,261,51,77,92,99,135,363,817,0,817
20233,D,발달상권,3120008,인사동,271,153,118,6,12,30,34,43,146,2,7,14,17,30,83,4,5,16,17,13,63,308,0,308
20233,D,발달상권,3120009,종로3가역,3675,2407,1268,105,136,374,383,688,1989,67,68,253,248,522,1249,38,68,121,135,166,740,3116,0,3116
20233,D,발달상권,3120010,원남동사거리,902,366,536,21,266,205,84,81,245,11,24,97,55,52,127,10,242,108,29,29,118,589,0,589
20233,D,발달상권,3120011,종로4가,1001,499,502,168,88,168,161,123,293,80,46,90,78,58,147,88,42,78,83,65,146,368,0,368
20233,D,발달상권,3120012,대학로(혜화역),1973,921,1052,99,284,599,242,255,494,54,102,297,117,122,229,45,182,302,125,133,265,1346,0,1346
20233,D,발달상권,3120013,이화사거리,646,326,320,59,42,176,97,83,189,32,17,79,54,48,96,27,25,97,43,35,93,631,0,631
20233,D,발달상권,3120014,종로5가역,721,420,301,22,39,78,91,128,363,12,16,44,57,78,213,10,23,34,34,50,150,847,0,847
20233,D,발달상권,3120015,종로6가,186,111,75,9,11,17,22,36,91,6,5,8,14,22,56,3,6,9,8,14,35,101,0,101
20233,D,발달상권,3120016,동대문역,677,460,217,18,36,61,54,120,388,8,22,35,33,90,272,10,14,26,21,30,116,466,0,466
20233,D,발달상권,3120017,동묘앞역(동묘),991,513,478,39,95,174,135,164,384,21,43,100,74,89,186,18,52,74,61,75,198,703,0,703
20233,D,발달상권,3120018,중림동,1598,931,667,123,104,273,301,269,528,64,50,121,176,196,324,59,54,152,125,73,204,1266,0,1266
20233,D,발달상권,3120019,경찰청앞교차로,258,119,139,46,8,65,76,28,35,24,1,33,35,9,17,22,7,32,41,19,18,194,0,194
20233,D,발달상권,3120020,시청역_1번,18,11,7,1,1,3,4,5,4,0,1,3,1,4,2,1,0,0,3,1,2,7,0,7
20233,D,발달상권,3120021,시청역_8번,18,12,6,1,1,4,1,2,9,1,1,2,1,0,7,0,0,2,0,2,2,14,0,14
20233,D,발달상권,3120022,북창동(시청역_6번),240,153,87,3,4,27,25,49,132,1,2,19,22,28,81,2,2,8,3,21,51,234,0,234
20233,D,발달상권,3120023,서울시청,17,11,6,0,0,0,2,2,13,0,0,0,1,0,10,0,0,0,1,2,3,14,0,14
20233,D,발달상권,3120024,회현역,1741,923,818,72,104,140,202,247,976,36,45,75,126,131,510,36,59,65,76,116,466,1109,0,1109
20233,D,발달상권,3120026,을지로입구역,73,42,31,7,3,2,16,7,38,5,1,0,9,3,24,2,2,2,7,4,14,48,0,48
20233,D,발달상권,3120027,명동역(명동재미로),1307,630,677,120,87,168,196,203,533,61,36,81,91,105,256,59,51,87,105,98,277,695,0,695
20233,D,발달상권,3120028,명동(명동거리),114,66,48,2,4,14,16,24,54,0,2,8,7,18,31,2,2,6,9,6,23,85,0,85
20233,D,발달상권,3120029,을지로2가,25,16,9,0,2,4,2,7,10,0,2,2,2,3,7,0,0,2,0,4,3,10,0,10
20233,D,발달상권,3120030,중부경찰서(영화인의거리),185,127,58,1,12,24,19,49,80,0,8,16,14,39,50,1,4,8,5,10,30,316,0,316
20233,D,발달상권,3120031,을지로3가역,507,340,167,4,16,21,56,80,330,3,7,14,38,56,222,1,9,7,18,24,108,588,0,588
20233,D,발달상권,3120032,충무로역,2496,1260,1236,148,197,388,339,353,1071,73,89,219,184,187,508,75,108,169,155,166,563,1495,0,1495
20233,D,발달상권,3120033,을지로4가역,106,66,40,0,1,5,6,12,82,0,0,5,5,7,49,0,1,0,1,5,33,57,0,57
20233,D,발달상권,3120034,중구청(퇴계로4가),988,513,475,105,70,233,166,137,277,46,35,105,85,74,168,59,35,128,81,63,109,739,0,739
20233,D,발달상권,3120035,퇴계로5가,271,163,108,12,23,36,35,54,111,5,12,19,26,35,66,7,11,17,9,19,45,288,0,288
20233,D,발달상권,3120036,장충동족발거리(남소영길),267,141,126,7,48,60,33,34,85,4,17,38,22,19,41,3,31,22,11,15,44,208,0,208
20233,D,발달상권,3120037,동대문역사문화공원역,2146,1133,1013,97,150,312,266,332,989,48,75,162,148,196,504,49,75,150,118,136,485,1352,0,1352
20233,D,발달상권,3120038,약수역,2438,1145,1293,169,247,399,365,378,880,85,123,191,179,170,397,84,124,208,186,208,483,1252,0,1252
20233,D,발달상권,3120039,신당역,2615,1365,1250,228,257,450,393,457,830,128,136,220,206,247,428,100,121,230,187,210,402,2095,0,2095
20233,D,발달상권,3120040,용산전자상가(용산역),1280,708,572,129,92,236,261,205,357,72,57,126,156,122,175,57,35,110,105,83,182,843,0,843
20233,D,발달상권,3120041,신용산역(용산역),2372,1140,1232,185,142,501,453,322,769,91,77,213,203,177,379,94,65,288,250,145,390,4109,0,4109
20233,D,발달상권,3120042,"숙대입구역(남영역, 남영동)",192,96,96,6,13,65,46,22,40,1,4,31,27,14,19,5,9,34,19,8,21,261,0,261
20233,D,발달상권,3120043,서울역,1032,900,132,3,4,29,86,252,658,3,1,22,76,237,561,0,3,7,10,15,97,836,0,836
20233,D,발달상권,3120044,삼각지역,1666,840,826,159,112,295,280,239,581,82,59,148,155,122,274,77,53,147,125,117,307,1029,0,1029
20233,D,발달상권,3120045,남영동 먹자골목,646,384,262,17,38,112,107,116,256,8,20,67,71,75,143,9,18,45,36,41,113,487,0,487
20233,D,발달상권,3120046,이태원(이태원역),2931,1464,1467,171,220,613,557,457,913,83,108,338,277,236,422,88,112,275,280,221,491,1705,0,1705
20233,D,발달상권,3120047,한남오거리,1433,674,759,130,84,240,326,263,390,70,47,93,152,127,185,60,37,147,174,136,205,1075,0,1075
20233,D,발달상권,3120048,금호역,1531,740,791,91,168,205,200,275,592,49,81,106,100,135,269,42,87,99,100,140,323,787,0,787
20233,D,발달상권,3120049,왕십리역(왕십리),2362,1132,1230,113,333,938,292,217,469,55,143,440,160,109,225,58,190,498,132,108,244,1765,0,1765
20233,D,발달상권,3120050,서울숲역,1080,565,515,99,127,249,168,169,268,57,60,148,94,81,125,42,67,101,74,88,143,491,0,491
20233,D,발달상권,3120051,뚝섬역,2558,1314,1244,219,261,467,424,452,735,102,126,228,226,244,388,117,135,239,198,208,347,1248,0,1248
20233,D,발달상권,3120052,성수역,993,581,412,46,103,190,158,198,298,22,60,106,88,128,177,24,43,84,70,70,121,722,0,722
20233,D,발달상권,3120053,건대입구역(건대),4782,2180,2602,209,476,1461,645,500,1491,103,198,620,329,243,687,106,278,841,316,257,804,2966,0,2966
20233,D,발달상권,3120054,어린이대공원역,2783,1407,1376,203,354,786,411,394,635,98,160,404,219,210,316,105,194,382,192,184,319,2832,0,2832
20233,D,발달상권,3120055,군자역,5277,2519,2758,421,440,1408,904,687,1417,229,206,602,437,350,695,192,234,806,467,337,722,4160,0,4160
20233,D,발달상권,3120056,구의역,3681,1717,1964,208,308,1160,725,482,798,111,133,470,374,259,370,97,175,690,351,223,428,3114,0,3114
20233,D,발달상권,3120057,아차산역,3403,1619,1784,340,386,621,525,576,955,188,169,279,261,285,437,152,217,342,264,291,518,1831,0,1831
20233,D,발달상권,3120058,구의사거리,1820,898,922,215,194,315,276,272,548,112,88,159,136,136,267,103,106,156,140,136,281,925,0,925
20233,D,발달상권,3120059,구삼강변맛길,3771,1821,1950,422,521,553,573,667,1035,201,264,262,272,335,487,221,257,291,301,332,548,1946,0,1946
20233,D,발달상권,3120060,강변역(테크노마트),2,0,2,0,0,0,0,1,1,0,0,0,0,0,0,0,0,0,0,1,1,5,0,5
20233,D,발달상권,3120061,올림픽대교북단,192,90,102,23,24,39,29,31,46,8,15,24,14,13,16,15,9,15,15,18,30,156,0,156
20233,D,발달상권,3120062,신설동역,2696,1448,1248,86,248,863,420,371,708,47,95,397,228,240,441,39,153,466,192,131,267,2999,0,2999
20233,D,발달상권,3120063,청량리역(청량리),1102,632,470,53,91,179,152,171,456,26,41,85,89,111,280,27,50,94,63,60,176,1025,0,1025
20233,D,발달상권,3120064,경희대학교(경희대),672,315,357,32,119,191,87,67,176,13,44,95,41,39,83,19,75,96,46,28,93,481,0,481
20233,D,발달상권,3120065,회기역,1539,736,803,97,215,499,234,160,334,49,79,257,121,83,147,48,136,242,113,77,187,1486,0,1486
20233,D,발달상권,3120066,장한평역(장한평),3268,1775,1493,231,293,767,604,493,880,127,123,391,355,287,492,104,170,376,249,206,388,3035,0,3035
20232,A,골목상권,3110735,말미고개,5877,2975,2902,623,616,988,815,1020,1815,337,320,520,426,510,862,286,296,468,389,510,953,2688,0,2688
20233,D,발달상권,3120067,장안동사거리,5130,2644,2486,558,442,1042,1082,756,1250,297,226,533,573,404,611,261,216,509,509,352,639,3467,0,3467
20233,D,발달상권,3120068,사가정역,718,381,337,27,38,101,111,134,307,18,19,48,62,83,151,9,19,53,49,51,156,530,0,530
20233,D,발달상권,3120069,상봉역,5808,2844,2964,685,641,1049,974,951,1508,347,305,485,462,490,755,338,336,564,512,461,753,3444,0,3444
20233,D,발달상권,3120070,한성대입구역,1175,552,623,65,136,268,175,180,351,32,66,116,84,90,164,33,70,152,91,90,187,701,0,701
20233,D,발달상권,3120071,성북구청,747,302,445,42,97,282,116,77,133,18,30,99,59,42,54,24,67,183,57,35,79,746,0,746
20233,D,발달상권,3120072,성신여대,2820,1146,1674,133,445,996,399,288,559,76,110,363,181,155,261,57,335,633,218,133,298,2335,0,2335
20233,D,발달상권,3120073,미아사거리,376,171,205,14,52,83,50,42,135,8,15,28,24,28,68,6,37,55,26,14,67,685,0,685
20233,D,발달상권,3120075,월곡역,2116,971,1145,209,313,436,268,354,536,112,100,185,137,175,262,97,213,251,131,179,274,1269,0,1269
20233,D,발달상권,3120076,수유역,5393,2695,2698,266,504,1301,992,858,1472,144,178,626,541,474,732,122,326,675,451,384,740,4009,0,4009
20233,D,발달상권,3120077,미아역,1793,900,893,133,179,285,271,309,616,68,89,138,138,164,303,65,90,147,133,145,313,1077,0,1077
20233,D,발달상권,3120078,미아사거리역,571,308,263,16,40,78,84,111,242,13,22,43,48,63,119,3,18,35,36,48,123,322,0,322
20233,D,발달상권,3120079,창동역,417,254,163,9,35,119,60,100,94,5,9,52,38,75,75,4,26,67,22,25,19,450,0,450
20233,D,발달상권,3120080,마들역,16,14,2,0,0,1,1,4,10,0,0,1,1,4,8,0,0,0,0,0,2,3,0,3
20233,D,발달상권,3120081,노원역,899,517,382,26,101,212,146,163,251,12,44,95,93,103,170,14,57,117,53,60,81,855,0,855
20233,D,발달상권,3120082,상계백병원,100,48,52,11,12,24,14,13,26,5,4,15,9,4,11,6,8,9,5,9,15,47,0,47
20233,D,발달상권,3120083,등나무근린공원,1592,759,833,237,267,208,317,353,210,123,129,96,154,166,91,114,138,112,163,187,119,633,0,633
20233,D,발달상권,3120084,공릉역,1109,558,551,73,171,238,152,160,315,44,75,117,88,70,164,29,96,121,64,90,151,1077,0,1077
20233,D,발달상권,3120085,은행사거리,39,22,17,3,8,2,6,12,8,2,5,0,2,8,5,1,3,2,4,4,3,100,0,100
20233,D,발달상권,3120086,태릉입구역,1562,754,808,146,247,313,235,258,363,75,107,127,118,137,190,71,140,186,117,121,173,934,0,934
20233,D,발달상권,3120087,응암역,2360,1086,1274,206,207,573,506,322,546,111,89,247,243,160,236,95,118,326,263,162,310,1374,0,1374
20233,D,발달상권,3120088,구산역,1589,719,870,164,206,268,248,298,405,78,89,104,112,153,183,86,117,164,136,145,222,772,0,772
20233,D,발달상권,3120089,구파발역,131,67,64,31,18,9,29,23,21,16,11,4,13,14,9,15,7,5,16,9,12,1612,0,1612
20233,D,발달상권,3120090,연신내역,2351,1085,1266,136,216,685,351,304,659,75,95,306,169,152,288,61,121,379,182,152,371,2194,0,2194
20233,D,발달상권,3120091,본서부병원,3305,1542,1763,382,338,619,660,484,822,192,164,248,335,232,371,190,174,371,325,252,451,1936,0,1936
20233,D,발달상권,3120092,불광역,1170,557,613,82,94,280,174,166,374,36,31,143,92,78,177,46,63,137,82,88,197,845,0,845
20233,D,발달상권,3120093,연희동,1167,545,622,93,129,353,184,127,281,39,48,186,77,59,136,54,81,167,107,68,145,700,0,700
20233,D,발달상권,3120094,"신촌역(신촌역, 신촌로터리)",3443,1693,1750,99,434,1421,467,336,686,56,175,683,252,192,335,43,259,738,215,144,351,2990,0,2990
20233,D,발달상권,3120095,홍제역,1341,646,695,63,100,139,185,237,617,30,49,73,96,123,275,33,51,66,89,114,342,940,0,940
20233,D,발달상권,3120096,"이화여대(이대역, 이대)",1935,712,1223,56,322,556,256,266,479,23,60,180,118,127,204,33,262,376,138,139,275,2265,0,2265
20233,D,발달상권,3120097,충정로역,401,164,237,32,21,135,117,44,52,11,7,47,57,16,26,21,14,88,60,28,26,718,0,718
20233,D,발달상권,3120098,DMC(디지털미디어시티),708,329,379,85,88,179,156,122,78,39,41,65,83,61,40,46,47,114,73,61,38,981,0,981
20233,D,발달상권,3120100,망원역,1261,580,681,99,128,286,216,191,341,61,54,123,90,100,152,38,74,163,126,91,189,633,0,633
20233,D,발달상권,3120101,합정역,4090,2036,2054,769,465,784,557,526,989,449,228,357,283,269,450,320,237,427,274,257,539,3485,0,3485
20233,D,발달상권,3120102,서교동(홍대),3575,1747,1828,380,312,845,688,480,870,207,144,403,360,239,394,173,168,442,328,241,476,1861,0,1861
20233,D,발달상권,3120103,홍대입구역(홍대),3865,1826,2039,283,388,1069,724,510,891,150,148,515,362,251,400,133,240,554,362,259,491,3238,0,3238
20233,D,발달상권,3120104,연남동(홍대),8655,3976,4679,650,790,2235,1672,1099,2209,324,369,1002,781,515,985,326,421,1233,891,584,1224,4471,0,4471
20233,D,발달상권,3120105,상수역(홍대),1603,709,894,69,186,559,310,149,330,42,71,264,129,57,146,27,115,295,181,92,184,991,0,991
20233,D,발달상권,3120106,마포역,2160,1056,1104,262,156,445,459,363,475,134,69,194,237,203,219,128,87,251,222,160,256,2059,0,2059
20233,D,발달상권,3120107,공덕역(공덕오거리),1457,693,764,156,132,321,247,245,356,87,61,127,127,122,169,69,71,194,120,123,187,1269,0,1269
20233,D,발달상권,3120108,신정네거리역,3299,1672,1627,265,307,587,559,550,1031,124,159,289,302,300,498,141,148,298,257,250,533,1994,0,1994
20233,D,발달상권,3120109,서울남부지방법원,2272,1156,1116,253,281,288,355,398,697,136,145,135,184,212,344,117,136,153,171,186,353,1055,0,1055
20233,D,발달상권,3120110,목동역 8번출구,2147,1123,1024,209,225,386,326,360,641,100,125,190,171,193,344,109,100,196,155,167,297,1182,0,1182
20233,D,발달상권,3120111,목동사거리,2515,1293,1222,218,261,454,434,416,732,119,155,215,227,208,369,99,106,239,207,208,363,1306,0,1306
20233,D,발달상권,3120112,등촌역,3638,1716,1922,318,336,938,663,466,917,159,167,400,338,226,426,159,169,538,325,240,491,2850,0,2850
20233,D,발달상권,3120113,오목교역,3648,1748,1900,502,607,443,522,706,868,257,296,203,235,346,411,245,311,240,287,360,457,1227,0,1227
20233,D,발달상권,3120114,목동신시가지,7731,3643,4088,1255,1266,831,1215,1726,1438,630,636,339,455,872,711,625,630,492,760,854,727,3858,0,3858
20233,D,발달상권,3120116,송정역,664,333,331,39,56,206,94,72,197,24,19,91,52,42,105,15,37,115,42,30,92,628,0,628
20233,D,발달상권,3120117,강서농산물도매시장,14,5,9,0,5,6,3,0,0,0,1,2,2,0,0,0,4,4,1,0,0,41,0,41
20233,D,발달상권,3120118,마곡역(마곡),291,137,154,2,38,156,64,18,13,0,12,69,42,8,6,2,26,87,22,10,7,1583,0,1583
20233,D,발달상권,3120119,발산역(마곡),1513,645,868,15,217,714,318,154,95,7,59,278,156,88,57,8,158,436,162,66,38,2112,0,2112
20233,D,발달상권,3120120,화곡역,2432,1184,1248,175,214,643,429,357,614,94,108,292,215,173,302,81,106,351,214,184,312,1729,0,1729
20233,D,발달상권,3120121,까치산역,2907,1342,1565,238,201,766,616,328,758,113,96,333,317,144,339,125,105,433,299,184,419,2142,0,2142
20233,D,발달상권,3120122,강서구청,4330,2059,2271,401,413,1199,802,581,934,184,182,481,441,320,451,217,231,718,361,261,483,4582,0,4582
20233,D,발달상권,3120123,오류동역,2296,1090,1206,116,195,886,507,243,349,58,67,363,290,145,167,58,128,523,217,98,182,3946,0,3946
20233,D,발달상권,3120124,개봉동 현대아파트,3704,1847,1857,399,308,496,636,590,1275,216,143,257,347,300,584,183,165,239,289,290,691,1831,0,1831
20233,D,발달상권,3120125,구로역,1698,869,829,188,136,411,393,233,337,103,66,187,210,128,175,85,70,224,183,105,162,1144,0,1144
20233,D,발달상권,3120126,디지털단지오거리,684,402,282,19,40,92,51,150,332,14,21,55,37,89,186,5,19,37,14,61,146,446,0,446
20233,D,발달상권,3120127,구로구청,5057,2394,2663,437,484,1708,1240,563,625,227,165,709,659,318,316,210,319,999,581,245,309,3664,0,3664
20233,D,발달상권,3120128,신도림역,1194,553,641,186,108,248,310,165,177,97,48,100,149,76,83,89,60,148,161,89,94,1605,0,1605
20233,D,발달상권,3120129,구로디지털단지,1538,766,772,83,90,696,312,167,190,39,34,319,195,97,82,44,56,377,117,70,108,1148,0,1148
20233,D,발달상권,3120130,구로디지털단지역,2019,1121,898,44,110,965,430,189,281,26,38,497,270,124,166,18,72,468,160,65,115,1747,0,1747
20233,D,발달상권,3120131,가산디지털단지,1668,890,778,80,70,651,346,165,356,38,24,307,223,110,188,42,46,344,123,55,168,4135,0,4135
20233,D,발달상권,3120132,독산동,5866,3402,2464,423,429,1842,1135,787,1250,225,204,1127,722,475,649,198,225,715,413,312,601,4547,0,4547
20233,D,발달상권,3120133,서울시흥동우체국(홈플러스시흥점),444,218,226,31,50,75,52,69,167,15,27,40,26,35,75,16,23,35,26,34,92,337,0,337
20233,D,발달상권,3120134,구로전화국,2984,1568,1416,208,237,560,513,546,920,106,120,301,298,282,461,102,117,259,215,264,459,2172,0,2172
20233,D,발달상권,3120135,양평역,463,222,241,47,30,127,107,43,109,28,15,47,53,23,56,19,15,80,54,20,53,321,0,321
20233,D,발달상권,3120136,영등포구청역,2664,1334,1330,148,254,741,451,334,736,81,142,355,235,171,350,67,112,386,216,163,386,2043,0,2043
20233,D,발달상권,3120138,당산2동(영등포우체국),1435,675,760,87,113,344,171,206,514,35,54,167,86,107,226,52,59,177,85,99,288,1119,0,1119
20233,D,발달상권,3120139,대림3동사거리,2461,1294,1167,245,265,273,390,487,801,123,140,129,197,281,424,122,125,144,193,206,377,1232,0,1232
20233,D,발달상권,3120140,문래동주민센터,1161,593,568,166,79,123,197,179,417,82,39,61,96,101,214,84,40,62,101,78,203,597,0,597
20233,D,발달상권,3120141,영등포청과시장교차로,1247,638,609,124,98,303,195,166,361,59,47,150,117,91,174,65,51,153,78,75,187,843,0,843
20233,D,발달상권,3120142,대림역,1961,1053,908,110,178,405,345,327,596,55,93,228,196,176,305,55,85,177,149,151,291,1022,0,1022
20233,D,발달상권,3120143,당산역,2378,1044,1334,70,206,1123,461,197,321,36,71,421,242,118,156,34,135,702,219,79,165,2355,0,2355
20233,D,발달상권,3120144,영중로,837,381,456,37,70,334,127,62,207,21,30,123,72,32,103,16,40,211,55,30,104,1356,0,1356
20233,D,발달상권,3120145,영등포역(영등포),3113,1943,1170,66,173,846,522,519,987,35,62,400,349,393,704,31,111,446,173,126,283,4219,0,4219
20233,D,발달상권,3120146,한강성심병원,1233,711,522,40,101,615,178,112,187,24,41,362,118,61,105,16,60,253,60,51,82,2068,0,2068
20233,D,발달상권,3120147,보라매역,1127,514,613,125,104,319,196,134,249,67,39,117,91,69,131,58,65,202,105,65,118,645,0,645
20233,D,발달상권,3120148,국회의사당역(국회의사당),1512,753,759,205,93,297,340,234,343,101,44,132,166,124,186,104,49,165,174,110,157,1658,0,1658
20233,D,발달상권,3120149,여의도역(여의도),2929,1428,1501,379,319,385,416,506,924,193,169,162,192,239,473,186,150,223,224,267,451,1075,0,1075
20233,D,발달상권,3120150,63빌딩,648,303,345,69,62,66,81,98,272,27,31,32,39,48,126,42,31,34,42,50,146,263,0,263
20233,D,발달상권,3120151,보라매공원,2989,1447,1542,370,316,444,474,412,973,195,166,207,221,202,456,175,150,237,253,210,517,2091,0,2091
20233,D,발달상권,3120152,신대방삼거리역,2654,1264,1390,268,254,722,445,378,587,137,131,288,207,198,303,131,123,434,238,180,284,1709,0,1709
20233,D,발달상권,3120153,노량진역(노량진),1508,754,754,47,273,616,158,160,254,23,90,339,104,87,111,24,183,277,54,73,143,1856,0,1856
20233,D,발달상권,3120154,장승배기역,939,459,480,66,105,240,138,131,259,37,40,114,80,66,122,29,65,126,58,65,137,648,0,648
20233,D,발달상권,3120155,총신대학교,1763,862,901,205,154,309,344,236,515,94,82,167,169,121,229,111,72,142,175,115,286,996,0,996
20233,D,발달상권,3120156,"총신대입구역(이수, 총신대)",3931,1793,2138,337,391,817,683,585,1118,185,151,319,325,303,510,152,240,498,358,282,608,2369,0,2369
20233,D,발달상권,3120157,신림역(신림),7149,3651,3498,270,667,3043,1247,713,1209,151,271,1536,716,382,595,119,396,1507,531,331,614,6728,0,6728
20233,D,발달상권,3120158,녹두거리(대학동),1876,1147,729,54,207,647,334,247,387,33,93,417,242,176,186,21,114,230,92,71,201,1747,0,1747
20233,D,발달상권,3120159,서울대입구역,6240,2841,3399,192,765,2866,962,532,923,86,281,1206,485,296,487,106,484,1660,477,236,436,7285,0,7285
20233,D,발달상권,3120160,사당역(사당),3654,1683,1971,307,375,1163,598,430,781,153,169,495,302,200,364,154,206,668,296,230,417,2376,0,2376
20233,D,발달상권,3120161,방배동가구거리(사당동가구거리),1348,610,738,201,160,211,266,232,278,105,76,89,124,104,112,96,84,122,142,128,166,542,0,542
20233,D,발달상권,3120162,방배동카페골목,2069,1021,1048,290,276,287,330,388,498,140,145,144,154,197,241,150,131,143,176,191,257,1096,0,1096
20233,D,발달상권,3120163,사당역 11번(사당역먹자골목),3399,1613,1786,403,400,564,605,492,935,212,212,262,283,228,416,191,188,302,322,264,519,1661,0,1661
20233,D,발달상권,3120164,내방역,2784,1337,1447,284,274,480,467,448,831,139,157,197,230,238,376,145,117,283,237,210,455,1480,0,1480
20233,D,발달상권,3120165,서래마을카페거리(서래마을),1587,729,858,252,194,214,278,264,385,126,104,84,120,126,169,126,90,130,158,138,216,618,0,618
20233,D,발달상권,3120166,방배역,3039,1480,1559,275,290,515,540,500,919,156,143,233,281,251,416,119,147,282,259,249,503,1703,0,1703
20233,D,발달상권,3120167,고속터미널(고속터미널역),284,138,146,65,39,20,55,58,47,29,23,7,25,31,23,36,16,13,30,27,24,96,0,96
20233,D,발달상권,3120168,서울고교교차로,229,115,114,32,29,32,26,43,67,15,15,19,11,22,33,17,14,13,15,21,34,149,0,149
20233,D,발달상권,3120169,서초역,1785,852,933,156,214,339,230,313,533,83,104,152,105,150,258,73,110,187,125,163,275,917,0,917
20233,D,발달상권,3120170,삼호가든사거리,572,253,319,105,67,86,97,85,132,53,34,34,44,36,52,52,33,52,53,49,80,259,0,259
20233,D,발달상권,3120171,서초3동사거리,2374,1163,1211,247,317,470,370,387,583,125,169,211,184,198,276,122,148,259,186,189,307,1771,0,1771
20233,D,발달상권,3120172,교대입구교차로,2105,1030,1075,139,187,500,482,335,462,74,94,203,241,187,231,65,93,297,241,148,231,2327,0,2327
20233,D,발달상권,3120173,교대역(법원.검찰청),4041,1902,2139,321,524,896,750,597,953,153,268,416,330,301,434,168,256,480,420,296,519,2857,0,2857
20233,D,발달상권,3120174,논현역 5번,1494,707,787,162,137,330,260,228,377,90,69,141,119,109,179,72,68,189,141,119,198,717,0,717
20233,D,발달상권,3120175,남부터미널역,3351,1552,1799,340,321,650,665,569,806,168,157,277,296,258,396,172,164,373,369,311,410,2394,0,2394
20233,D,발달상권,3120176,논현역 4번,5137,2456,2681,331,348,1411,1216,675,1156,173,164,636,626,354,503,158,184,775,590,321,653,3227,0,3227
20233,D,발달상권,3120177,신논현역 1번,4639,2292,2347,211,334,1487,1004,615,988,106,155,674,541,349,467,105,179,813,463,266,521,3223,0,3223
20233,D,발달상권,3120178,신사역,4060,1950,2110,261,311,1054,830,587,1017,137,136,448,408,333,488,124,175,606,422,254,529,2447,0,2447
20233,D,발달상권,3120179,양재역,5081,2355,2726,539,514,1083,1057,737,1151,254,245,472,496,333,555,285,269,611,561,404,596,2769,0,2769
20233,D,발달상권,3120180,양재화물트럭터미널앞,1492,708,784,418,133,120,360,173,288,227,55,51,169,91,115,191,78,69,191,82,173,392,0,392
20233,D,발달상권,3120181,교육개발원입구사거리,1028,483,545,79,78,225,203,125,318,47,38,96,105,65,132,32,40,129,98,60,186,578,0,578
20233,D,발달상권,3120182,"양재시민의숲역(양재동꽃시장, aT센터)",2012,1025,987,200,163,357,384,335,573,105,90,166,202,178,284,95,73,191,182,157,289,1043,0,1043
20233,D,발달상권,3120183,양재천카페거리,1359,678,681,117,109,275,325,221,312,68,62,127,163,116,142,49,47,148,162,105,170,700,0,700
20233,D,발달상권,3120184,포이사거리(삼호물산),5580,2936,2644,562,537,1111,1087,981,1302,301,283,583,586,523,660,261,254,528,501,458,642,3235,0,3235
20233,D,발달상권,3120185,논현역,3906,1889,2017,235,287,967,854,605,958,127,133,454,404,318,453,108,154,513,450,287,505,2397,0,2397
20233,D,발달상권,3120186,가로수길,3522,1580,1942,330,356,673,721,584,858,165,163,260,316,297,379,165,193,413,405,287,479,1777,0,1777
20233,D,발달상권,3120187,신논현역,5248,2505,2743,247,398,1414,1150,730,1309,118,168,618,584,401,616,129,230,796,566,329,693,3959,0,3959
20233,D,발달상권,3120188,압구정역,1134,521,613,147,93,195,238,152,309,76,38,86,107,66,148,71,55,109,131,86,161,598,0,598
20233,D,발달상권,3120189,강남역,5924,2776,3148,470,703,1655,1198,784,1114,247,317,716,558,405,533,223,386,939,640,379,581,4029,0,4029
20233,D,발달상권,3120190,강남을지병원,2543,1188,1355,219,225,595,543,366,595,119,105,256,247,175,286,100,120,339,296,191,309,1367,0,1367
20233,D,발달상권,3120191,학동역,4811,2200,2611,266,334,1153,1170,761,1127,129,155,491,526,395,504,137,179,662,644,366,623,2983,0,2983
20232,A,골목상권,3110840,중앙대학교,2040,1035,1005,157,284,520,263,246,570,76,132,324,139,120,244,81,152,196,124,126,326,1415,0,1415
20233,D,발달상권,3120192,뱅뱅사거리,5192,2441,2751,399,481,1534,1130,743,905,208,223,695,521,372,422,191,258,839,609,371,483,4718,0,4718
20233,D,발달상권,3120193,도산공원교차로,1111,515,596,78,110,218,222,168,315,36,62,107,102,76,132,42,48,111,120,92,183,596,0,596
20233,D,발달상권,3120194,언주역(차병원),2437,1131,1306,148,148,707,599,315,520,73,70,298,278,167,245,75,78,409,321,148,275,1764,0,1764
20233,D,발달상권,3120195,성수대교남단,486,239,247,56,32,81,115,59,143,28,16,41,59,31,64,28,16,40,56,28,79,224,0,224
20233,D,발달상권,3120196,서울세관,1441,690,751,101,106,244,285,265,440,52,52,109,137,140,200,49,54,135,148,125,240,940,0,940
20233,D,발달상권,3120197,역삼역,5286,2833,2453,786,456,1408,1020,620,996,494,216,686,563,370,504,292,240,722,457,250,492,4337,0,4337
20233,D,발달상권,3120198,구역삼세무서,7396,3741,3655,453,538,1942,1721,1124,1618,221,252,932,903,641,792,232,286,1010,818,483,826,5072,0,5072
20233,D,발달상권,3120199,경복아파트교차로,587,283,304,30,48,181,156,89,83,15,20,87,66,50,45,15,28,94,90,39,38,598,0,598
20233,D,발달상권,3120200,학동사거리,1197,548,649,92,92,261,254,168,330,45,39,113,118,85,148,47,53,148,136,83,182,565,0,565
20233,D,발달상권,3120201,도곡1동,1796,851,945,158,188,384,371,281,414,82,91,173,181,128,196,76,97,211,190,153,218,1108,0,1108
20233,D,발달상권,3120202,압구정로데오역(압구정로데오),1934,926,1008,231,220,250,327,311,595,115,105,119,146,154,287,116,115,131,181,157,308,793,0,793
20233,D,발달상권,3120203,강남구청역,1322,632,690,97,118,321,276,214,296,44,61,149,118,111,149,53,57,172,158,103,147,920,0,920
20233,D,발달상권,3120204,르네상스호텔사거리,1498,639,859,90,108,467,394,224,215,45,41,171,180,103,99,45,67,296,214,121,116,1127,0,1127
20233,D,발달상권,3120205,매봉역,1161,557,604,72,148,261,171,210,299,38,70,109,90,107,143,34,78,152,81,103,156,592,0,592
20233,D,발달상권,3120206,개나리아파트,3987,1899,2088,484,554,583,741,661,964,264,265,272,350,322,426,220,289,311,391,339,538,2106,0,2106
20233,D,발달상권,3120207,선정릉역,7038,3203,3835,644,724,1470,1554,1136,1510,319,381,628,667,550,658,325,343,842,887,586,852,3816,0,3816
20233,D,발달상권,3120208,청담사거리(청담동명품거리),3534,1617,1917,285,325,598,641,593,1092,153,155,253,309,262,485,132,170,345,332,331,607,1999,0,1999
20233,D,발달상권,3120209,"강남구청(청담역_8번, 강남세무서)",1251,585,666,161,149,208,212,215,306,85,83,91,90,97,139,76,66,117,122,118,167,671,0,671
20233,D,발달상권,3120210,선릉역,4480,2146,2334,247,433,1079,1108,745,868,128,160,480,532,417,429,119,273,599,576,328,439,3339,0,3339
20233,D,발달상권,3120211,도성초등학교,1580,756,824,147,279,239,238,351,326,85,145,100,101,171,154,62,134,139,137,180,172,726,0,726
20233,D,발달상권,3120212,한티역,1716,826,890,129,344,220,218,415,390,64,172,98,111,182,199,65,172,122,107,233,191,683,0,683
20233,D,발달상권,3120213,삼성중앙역,4267,2036,2231,339,449,958,846,666,1009,182,239,434,416,316,449,157,210,524,430,350,560,2324,0,2324
20233,D,발달상권,3120214,영동대교남단교차로,365,184,181,43,52,52,57,69,92,24,28,24,26,32,50,19,24,28,31,37,42,303,0,303
20233,D,발달상권,3120215,포스코사거리,2954,1396,1558,231,305,639,700,526,553,130,163,260,288,276,279,101,142,379,412,250,274,2275,0,2275
20233,D,발달상권,3120216,경기고교사거리(경기고교앞사거리),198,94,104,6,23,60,34,33,42,3,9,30,14,17,21,3,14,30,20,16,21,151,0,151
20233,D,발달상권,3120217,대치사거리,4089,2033,2056,353,711,787,749,734,755,185,409,373,351,360,355,168,302,414,398,374,400,2031,0,2031
20233,D,발달상권,3120219,은마아파트,1319,669,650,113,302,145,147,379,233,66,170,68,63,194,108,47,132,77,84,185,125,436,0,436
20233,D,발달상권,3120220,대치역,1365,658,707,218,288,114,152,345,248,111,139,59,58,166,125,107,149,55,94,179,123,391,0,391
20233,D,발달상권,3120221,봉은사역,659,340,319,34,61,118,128,112,206,18,36,65,68,53,100,16,25,53,60,59,106,493,0,493
20233,D,발달상권,3120222,삼성역,355,192,163,31,48,67,43,65,101,15,30,32,16,41,58,16,18,35,27,24,43,508,0,508
20233,D,발달상권,3120223,휘문고교사거리,325,182,143,49,57,42,37,61,79,35,39,19,19,27,43,14,18,23,18,34,36,111,0,111
20233,D,발달상권,3120224,수서역,285,140,145,40,17,47,52,50,79,18,10,16,22,32,42,22,7,31,30,18,37,437,0,437
20233,D,발달상권,3120225,잠실새내역(신천),3794,1800,1994,234,297,805,727,604,1127,116,147,363,355,315,504,118,150,442,372,289,623,2702,0,2702
20233,D,발달상권,3120226,석촌고분역,1942,924,1018,181,179,433,374,273,502,89,96,204,183,131,221,92,83,229,191,142,281,1092,0,1092
20233,D,발달상권,3120227,잠실역,4458,2108,2350,561,503,687,586,711,1410,251,250,323,277,309,698,310,253,364,309,402,712,2183,0,2183
20233,D,발달상권,3120228,석촌역(석촌호수),4598,2195,2403,466,421,1046,861,646,1158,251,208,481,411,291,553,215,213,565,450,355,605,2293,0,2293
20233,D,발달상권,3120229,방이동먹자골목,2635,1334,1301,188,169,633,590,377,678,105,77,314,307,195,336,83,92,319,283,182,342,2005,0,2005
20233,D,발달상권,3120230,송파사거리(송파역),1109,594,515,78,133,183,174,194,347,45,69,92,96,112,180,33,64,91,78,82,167,906,0,906
20233,D,발달상권,3120232,송파나루역,950,452,498,101,95,192,170,158,234,54,51,82,82,78,105,47,44,110,88,80,129,462,0,462
20233,D,발달상권,3120233,몽촌토성역,904,445,459,47,51,267,197,143,199,18,26,125,93,78,105,29,25,142,104,65,94,2871,0,2871
20233,D,발달상권,3120234,가락시장역,1751,930,821,93,144,292,304,340,578,42,65,137,168,208,310,51,79,155,136,132,268,1472,0,1472
20233,D,발달상권,3120235,문정역,654,336,318,80,80,118,137,98,141,47,39,56,81,51,62,33,41,62,56,47,79,3480,0,3480
20233,D,발달상권,3120236,장지역(가든파이브),188,109,79,26,24,28,31,33,46,14,16,20,17,22,20,12,8,8,14,11,26,89,0,89
20233,D,발달상권,3120237,경찰병원역,3652,1938,1714,314,343,694,647,635,1019,164,189,358,349,354,524,150,154,336,298,281,495,2305,0,2305
20233,D,발달상권,3120238,방이역,531,275,256,62,63,72,75,104,155,36,38,37,32,54,78,26,25,35,43,50,77,251,0,251
20233,D,발달상권,3120239,오금역,4301,2115,2186,442,518,790,648,751,1152,221,258,398,315,369,554,221,260,392,333,382,598,2024,0,2024
20233,D,발달상권,3120240,개롱역,3745,1797,1948,495,519,581,643,622,885,259,253,270,315,295,405,236,266,311,328,327,480,1478,0,1478
20233,D,발달상권,3120241,거여역,1959,1006,953,201,241,293,312,347,565,108,128,154,158,183,275,93,113,139,154,164,290,883,0,883
20233,D,발달상권,3120242,강동구청역,3768,1822,1946,471,388,611,665,561,1072,245,198,274,327,281,497,226,190,337,338,280,575,1741,0,1741
20233,D,발달상권,3120243,천호역,2895,1384,1511,178,213,786,609,400,709,86,101,356,293,212,336,92,112,430,316,188,373,2801,0,2801
20233,D,발달상권,3120244,암사역,2226,1140,1086,210,170,475,436,334,601,118,78,233,231,180,300,92,92,242,205,154,301,1394,0,1394
20233,D,발달상권,3120245,둔촌역,2701,1415,1286,312,311,370,432,501,775,189,179,195,222,264,366,123,132,175,210,237,409,1358,0,1358
20233,D,발달상권,3120246,길동역,5185,2536,2649,396,418,1420,996,713,1242,215,186,582,538,395,620,181,232,838,458,318,622,4215,0,4215
20233,D,발달상권,3120247,굽은다리역,1781,840,941,189,207,285,271,285,544,85,115,132,129,136,243,104,92,153,142,149,301,888,0,888
20233,D,발달상권,3120248,명일역,2297,1156,1141,214,249,304,382,376,772,122,133,149,188,194,370,92,116,155,194,182,402,1153,0,1153
20233,D,발달상권,3120249,고덕역,899,436,463,116,152,128,117,184,202,65,79,55,46,91,100,51,73,73,71,93,102,627,0,627
20233,R,전통시장,3130001,통인시장,813,381,432,86,78,99,134,130,286,47,38,47,59,68,122,39,40,52,75,62,164,344,0,344
20233,R,전통시장,3130002,세종마을음식문화거리(금천교시장),656,305,351,59,55,104,98,106,234,32,23,49,46,53,102,27,32,55,52,53,132,318,0,318
20233,R,전통시장,3130004,낙원시장(낙원지하시장(대일상가)),360,177,183,52,21,47,53,44,143,31,13,27,31,21,54,21,8,20,22,23,89,144,0,144
20233,R,전통시장,3130005,세운상가가동,21,17,4,0,0,2,5,4,10,0,0,2,4,3,8,0,0,0,1,1,2,22,0,22
20233,R,전통시장,3130007,광장시장(광장전통시장),78,32,46,1,3,2,3,13,56,1,3,0,3,4,21,0,0,2,0,9,35,66,0,66
20233,R,전통시장,3130010,종로신진시장,96,57,39,0,6,7,5,23,55,0,4,5,4,12,32,0,2,2,1,11,23,102,0,102
20233,R,전통시장,3130011,충신시장,242,126,116,13,36,27,22,54,90,7,18,17,12,26,46,6,18,10,10,28,44,98,0,98
20233,R,전통시장,3130012,"동대문종합시장(동대문종합시장 신관, 동대문종합시장D동상가)",1,1,0,0,0,0,0,1,0,0,0,0,0,1,0,0,0,0,0,0,0,2,0,2
20233,R,전통시장,3130013,동대문상가A동,50,26,24,3,0,6,7,6,28,1,0,3,5,4,13,2,0,3,2,2,15,27,0,27
20233,R,전통시장,3130014,동문시장,149,91,58,2,7,7,17,34,82,0,3,5,10,20,53,2,4,2,7,14,29,100,0,100
20233,R,전통시장,3130015,창신골목시장,820,430,390,33,58,97,80,154,398,17,33,61,38,89,192,16,25,36,42,65,206,502,0,502
20233,R,전통시장,3130016,동대문상가B동,60,29,31,1,7,14,11,5,22,0,4,8,5,2,10,1,3,6,6,3,12,28,0,28
20233,R,전통시장,3130017,동대문상가C동,87,54,33,5,2,10,10,16,44,2,2,9,8,8,25,3,0,1,2,8,19,55,0,55
20233,R,전통시장,3130018,동대문문구완구거리(동대문문구완구시장),196,109,87,8,15,23,18,28,104,4,8,14,12,14,57,4,7,9,6,14,47,87,0,87
20233,R,전통시장,3130019,동대문상가D동,47,26,21,2,1,7,7,8,22,1,1,5,3,5,11,1,0,2,4,3,11,33,0,33
20233,R,전통시장,3130020,동묘시장(동묘벼룩시장),361,200,161,10,32,84,36,63,136,4,13,43,20,45,75,6,19,41,16,18,61,349,0,349
20233,R,전통시장,3130021,신설종합시장,17,12,5,0,1,1,0,3,12,0,1,1,0,2,8,0,0,0,0,1,4,7,0,7
20233,R,전통시장,3130024,남대문시장(자유상가),68,40,28,1,2,6,10,10,39,1,2,5,6,6,20,0,0,1,4,4,19,49,0,49
20233,R,전통시장,3130031,청계천공구상가,40,28,12,0,3,1,3,12,21,0,1,1,3,10,13,0,2,0,0,2,8,33,0,33
20233,R,전통시장,3130032,인현시장,153,87,66,5,12,21,9,27,79,4,4,13,6,14,46,1,8,8,3,13,33,94,0,94
20233,R,전통시장,3130033,대림상가(청계상가),137,85,52,5,11,15,4,30,72,2,5,8,2,21,47,3,6,7,2,9,25,87,0,87
20233,R,전통시장,3130034,필동 골목형상점가,14,9,5,0,1,1,2,5,5,0,1,0,2,4,2,0,0,1,0,1,3,6,0,6
20233,R,전통시장,3130035,방산종합시장(방산시장),282,183,99,9,20,40,30,48,135,5,12,24,15,36,91,4,8,16,15,12,44,253,0,253
20233,R,전통시장,3130036,중부시장(신중부시장),223,137,86,5,9,20,17,46,126,4,7,7,10,30,79,1,2,13,7,16,47,326,0,326
20232,A,골목상권,3110946,청계산원터골,77,45,32,6,0,12,10,11,38,4,0,8,7,6,20,2,0,4,3,5,18,44,0,44
20233,R,전통시장,3130038,"평화시장(통일상가, 동화상가)",9,6,3,0,1,1,1,1,5,0,1,1,0,1,3,0,0,0,1,0,2,8,0,8
20233,R,전통시장,3130042,약수시장,497,250,247,46,36,82,76,77,180,27,19,37,40,47,80,19,17,45,36,30,100,256,0,256
20233,R,전통시장,3130046,team204(팀204),3,2,1,0,0,0,1,1,1,0,0,0,0,1,1,0,0,0,1,0,0,1,0,1
20233,R,전통시장,3130047,테크노상가(엘리시움),7,4,3,1,0,0,2,1,3,1,0,0,0,1,2,0,0,0,2,0,1,6,0,6
20233,R,전통시장,3130048,동평화시장,7,6,1,0,0,0,2,3,2,0,0,0,2,3,1,0,0,0,0,0,1,37,0,37
20233,R,전통시장,3130049,신당 미래유산 먹거리 골목형상점가,149,93,56,4,6,24,20,33,62,2,3,16,16,24,32,2,3,8,4,9,30,121,0,121
20233,R,전통시장,3130050,청평화시장,5,2,3,0,0,0,0,2,3,0,0,0,0,1,1,0,0,0,0,1,2,3,0,3
20233,R,전통시장,3130051,동화동 골목형상점가,1605,799,806,163,177,268,257,255,485,85,85,134,130,143,222,78,92,134,127,112,263,683,0,683
20233,R,전통시장,3130052,서울중앙시장(신중앙시장),1508,818,690,89,128,165,155,253,718,52,74,82,99,149,362,37,54,83,56,104,356,787,0,787
20233,R,전통시장,3130053,백학시장,1064,551,513,67,101,120,148,207,421,32,61,70,91,103,194,35,40,50,57,104,227,540,0,540
20233,R,전통시장,3130054,황학동주방가구거리상점가,1122,625,497,54,113,218,154,181,402,23,59,127,101,101,214,31,54,91,53,80,188,771,0,771
20233,R,전통시장,3130055,"황학시장(서울중앙시장, 신중앙시장)",1234,656,578,94,111,142,179,209,499,49,56,69,114,122,246,45,55,73,65,87,253,909,0,909
20233,R,전통시장,3130056,용산용문시장,679,330,349,50,60,125,84,109,251,20,32,66,48,63,101,30,28,59,36,46,150,394,0,394
20233,R,전통시장,3130057,만리시장,27,16,11,0,1,1,2,6,17,0,1,1,2,4,8,0,0,0,0,2,9,17,0,17
20233,R,전통시장,3130058,이촌종합시장,85,45,40,6,9,13,9,20,28,2,5,9,5,11,13,4,4,4,4,9,15,60,0,60
20233,R,전통시장,3130059,후암시장,793,401,392,70,90,102,86,140,305,39,49,59,48,75,131,31,41,43,38,65,174,371,0,371
20233,R,전통시장,3130060,신흥시장,130,69,61,6,6,23,10,17,68,1,3,13,5,11,36,5,3,10,5,6,32,48,0,48
20233,R,전통시장,3130061,이태원시장,64,29,35,7,5,11,5,10,26,4,1,3,3,7,11,3,4,8,2,3,15,34,0,34
20233,R,전통시장,3130062,보광시장,84,42,42,5,4,13,12,11,39,3,2,8,6,7,16,2,2,5,6,4,23,58,0,58
20233,R,전통시장,3130063,신금호역 골목형상점가,468,243,225,44,48,68,77,84,147,23,23,34,44,48,71,21,25,34,33,36,76,240,0,240
20233,R,전통시장,3130064,금남시장,233,121,112,8,19,23,33,41,109,1,11,16,20,24,49,7,8,7,13,17,60,128,0,128
20233,R,전통시장,3130065,무학봉상점가,3013,1554,1459,222,314,480,415,521,1061,117,168,271,219,270,509,105,146,209,196,251,552,1592,0,1592
20233,R,전통시장,3130066,행당시장상점가,1686,829,857,105,202,347,221,271,540,47,97,172,121,132,260,58,105,175,100,139,280,1241,0,1241
20233,R,전통시장,3130067,왕십리도선동상점가,3178,1557,1621,302,328,629,499,544,876,155,153,304,278,269,398,147,175,325,221,275,478,2024,0,2024
20233,R,전통시장,3130068,마장축산물시장,1614,835,779,129,170,244,233,267,571,77,88,139,127,137,267,52,82,105,106,130,304,923,0,923
20233,R,전통시장,3130069,"한양대앞상점가(한양시장, 왕십리맛골목)",480,249,231,4,89,242,36,37,72,2,43,131,19,20,34,2,46,111,17,17,38,451,0,451
20233,R,전통시장,3130070,뚝섬역상점가,1308,683,625,77,121,309,243,210,348,37,64,154,135,125,168,40,57,155,108,85,180,920,0,920
20233,R,전통시장,3130071,성수역 골목형상점가,3,2,1,0,0,0,0,2,1,0,0,0,0,2,0,0,0,0,0,0,1,5,0,5
20233,R,전통시장,3130072,성동용답상가시장,4754,2382,2372,432,520,745,714,840,1503,214,268,371,392,447,690,218,252,374,322,393,813,2147,0,2147
20233,R,전통시장,3130073,뚝도시장,580,306,274,31,70,60,75,129,215,17,39,35,39,72,104,14,31,25,36,57,111,300,0,300
20233,R,전통시장,3130074,영동교골목시장,482,248,234,20,43,74,67,98,180,10,28,34,37,56,83,10,15,40,30,42,97,275,0,275
20233,R,전통시장,3130075,노룬산시장(노룬산골목시장),91,43,48,2,7,11,12,19,40,2,4,6,5,9,17,0,3,5,7,10,23,62,0,62
20233,R,전통시장,3130076,능동로골목시장,876,426,450,47,90,139,107,134,359,21,43,67,59,69,167,26,47,72,48,65,192,448,0,448
20233,R,전통시장,3130077,조양시장,76,33,43,0,13,31,4,4,24,0,4,17,1,1,10,0,9,14,3,3,14,54,0,54
20233,R,전통시장,3130078,화양제일골목시장,900,426,474,34,112,353,127,94,180,16,38,169,73,51,79,18,74,184,54,43,101,683,0,683
20233,R,전통시장,3130079,한아름시장,302,128,174,11,51,131,32,28,49,6,15,53,18,15,21,5,36,78,14,13,28,264,0,264
20233,R,전통시장,3130080,자양종합시장(기능상실),59,30,29,10,9,6,14,8,12,5,4,3,7,4,7,5,5,3,7,4,5,19,0,19
20233,R,전통시장,3130081,자양골목전통시장(자양골목시장),2006,978,1028,193,219,346,351,314,583,95,107,171,184,149,272,98,112,175,167,165,311,982,0,982
20233,R,전통시장,3130082,면곡골목시장,257,125,132,23,28,46,30,48,82,10,13,21,15,24,42,13,15,25,15,24,40,118,0,118
20233,R,전통시장,3130083,"중곡제일시장(중곡제일골목시장, 광성시장)",848,429,419,85,96,120,101,165,281,45,44,71,49,82,138,40,52,49,52,83,143,392,0,392
20233,R,전통시장,3130084,신성시장(신성골목시장),243,122,121,19,25,45,38,40,76,12,13,19,22,19,37,7,12,26,16,21,39,111,0,111
20233,R,전통시장,3130085,용두시장,18,12,6,0,1,2,2,3,10,0,1,1,2,2,6,0,0,1,0,1,4,18,0,18
20233,R,전통시장,3130086,서울약령시장,1983,1076,907,73,143,313,251,319,884,48,77,185,160,185,421,25,66,128,91,134,463,1493,0,1493
20233,R,전통시장,3130087,경동광성상가(경동시장),75,34,41,1,3,8,6,12,45,0,0,5,3,8,18,1,3,3,3,4,27,50,0,50
20233,R,전통시장,3130088,경동시장,6,4,2,0,0,0,1,1,4,0,0,0,1,1,2,0,0,0,0,0,2,3,0,3
20233,R,전통시장,3130089,청량리수산시장,380,198,182,27,16,36,54,49,198,12,11,23,28,30,94,15,5,13,26,19,104,222,0,222
20233,R,전통시장,3130090,청량리종합시장,115,67,48,5,6,11,14,12,67,4,2,8,8,9,36,1,4,3,6,3,31,61,0,61
20233,R,전통시장,3130091,청량종합도매시장,437,227,210,18,27,87,44,55,206,8,17,56,24,32,90,10,10,31,20,23,116,412,0,412
20233,R,전통시장,3130092,청량리농수산물시장,450,247,203,29,43,62,36,64,216,18,26,32,20,34,117,11,17,30,16,30,99,229,0,229
20233,R,전통시장,3130094,청량리청과물시장,66,44,22,3,0,2,8,14,39,2,0,1,6,11,24,1,0,1,2,3,15,48,0,48
20233,R,전통시장,3130095,청량리전통시장,365,232,133,3,12,38,39,50,223,1,6,21,26,41,137,2,6,17,13,9,86,348,0,348
20233,R,전통시장,3130097,답십리 건축자재시장,1682,831,851,125,179,216,234,300,628,55,97,116,113,151,299,70,82,100,121,149,329,816,0,816
20233,R,전통시장,3130098,회기시장,1181,526,655,44,192,404,141,127,273,24,64,189,75,53,121,20,128,215,66,74,152,958,0,958
20233,R,전통시장,3130099,전농로터리시장,45,30,15,1,8,3,3,18,12,1,6,3,2,10,8,0,2,0,1,8,4,54,0,54
20233,R,전통시장,3130100,답십리시장,446,210,236,35,57,60,59,92,143,13,30,24,36,40,67,22,27,36,23,52,76,210,0,210
20233,R,전통시장,3130101,답십리현대시장,316,161,155,18,25,33,55,49,136,12,10,17,35,28,59,6,15,16,20,21,77,164,0,164
20233,R,전통시장,3130102,이문제일시장,66,27,39,8,7,5,11,16,19,0,3,2,6,8,8,8,4,3,5,8,11,34,0,34
20233,R,전통시장,3130103,이경시장,225,111,114,15,25,30,25,36,94,7,12,16,13,17,46,8,13,14,12,19,48,135,0,135
20233,R,전통시장,3130104,전곡시장,674,334,340,58,69,97,90,112,248,29,33,50,49,57,116,29,36,47,41,55,132,312,0,312
20233,R,전통시장,3130105,장미제일시장(중화동제일시장),967,481,486,98,99,138,148,163,321,50,42,75,81,86,147,48,57,63,67,77,174,570,0,570
20233,R,전통시장,3130106,중랑동부시장,1326,678,648,98,155,285,207,204,377,47,70,158,109,113,181,51,85,127,98,91,196,812,0,812
20233,R,전통시장,3130107,중랑동부시장(중랑교종합상가),184,99,85,10,9,64,40,15,46,4,5,36,24,9,21,6,4,28,16,6,25,117,0,117
20233,R,전통시장,3130108,태능엔터피아(태릉시장),326,169,157,36,35,56,46,50,103,17,21,26,29,24,52,19,14,30,17,26,51,118,0,118
20233,R,전통시장,3130109,묵1동도깨비시장,808,400,408,93,101,103,127,135,249,55,59,46,60,66,114,38,42,57,67,69,135,383,0,383
20233,R,전통시장,3130110,면목골목시장(면목시장),1775,902,873,172,171,260,293,286,593,85,94,129,159,154,281,87,77,131,134,132,312,865,0,865
20233,R,전통시장,3130111,"동원전통종합시장(동원시장, 동원전통시장 상점가)",2093,1061,1032,190,222,296,315,354,716,101,115,156,174,180,335,89,107,140,141,174,381,1035,0,1035
20233,R,전통시장,3130112,사가정시장,2023,1016,1007,146,223,331,279,346,698,72,113,177,158,174,322,74,110,154,121,172,376,1132,0,1132
20233,R,전통시장,3130113,신아타운,119,65,54,4,12,13,15,30,45,2,7,4,8,20,24,2,5,9,7,10,21,119,0,119
20233,R,전통시장,3130114,유영시장,120,57,63,13,20,12,16,25,34,7,12,6,7,10,15,6,8,6,9,15,19,45,0,45
20233,R,전통시장,3130115,우림골목시장,2050,1047,1003,149,195,290,284,357,775,74,99,166,164,185,359,75,96,124,120,172,416,1274,0,1274
20233,R,전통시장,3130116,동성타워프라자,301,154,147,41,33,41,46,43,97,23,17,25,24,19,46,18,16,16,22,24,51,98,0,98
20233,R,전통시장,3130117,정릉시장,847,423,424,62,83,142,101,122,337,29,43,80,63,67,141,33,40,62,38,55,196,516,0,516
20233,R,전통시장,3130118,정릉골 골목형상점가,660,323,337,79,74,95,113,98,201,48,29,42,62,53,89,31,45,53,51,45,112,274,0,274
20233,R,전통시장,3130119,정릉아리랑시장,387,196,191,37,37,60,59,53,141,21,21,34,32,25,63,16,16,26,27,28,78,229,0,229
20233,R,전통시장,3130120,돈암시장(돈암제일시장),295,134,161,20,21,58,33,32,131,10,10,29,18,20,47,10,11,29,15,12,84,130,0,130
20233,R,전통시장,3130121,길음시장,8,8,0,0,0,3,2,3,0,0,0,3,2,3,0,0,0,0,0,0,0,29,0,29
20233,R,전통시장,3130122,밤나무골시장,244,117,127,22,23,24,41,41,93,13,8,16,22,20,38,9,15,8,19,21,55,120,0,120
20233,R,전통시장,3130123,꿈의숲 장곡 골목형상점가,396,203,193,41,53,47,50,82,123,25,29,22,24,42,61,16,24,25,26,40,62,142,0,142
20233,R,전통시장,3130124,번동시장,32,19,13,8,1,4,4,2,13,6,0,3,1,1,8,2,1,1,3,1,5,8,0,8
20233,R,전통시장,3130125,장위전통시장,916,453,463,86,102,106,108,166,348,46,52,55,57,87,156,40,50,51,51,79,192,397,0,397
20233,R,전통시장,3130126,새석관시장,9,2,7,1,1,5,0,2,0,0,0,1,0,1,0,1,1,4,0,1,0,34,0,34
20233,R,전통시장,3130127,석관시장,182,108,74,14,16,23,27,39,63,10,10,14,17,28,29,4,6,9,10,11,34,87,0,87
20233,R,전통시장,3130128,돌곶이시장(석관황금시장),1959,998,961,149,208,257,275,339,731,81,108,134,149,176,350,68,100,123,126,163,381,924,0,924
20233,R,전통시장,3130129,장미원골목시장,1234,599,635,124,144,164,176,202,424,76,72,88,91,88,184,48,72,76,85,114,240,662,0,662
20233,R,전통시장,3130130,수유북부골목시장,67,34,33,3,3,9,10,6,36,2,2,7,5,4,14,1,1,2,5,2,22,30,0,30
20233,R,전통시장,3130131,동북프라자,26,12,14,4,3,1,3,4,11,1,0,0,2,3,6,3,3,1,1,1,5,16,0,16
20233,R,전통시장,3130132,삼양골목시장(삼양시장),697,350,347,55,68,93,102,127,252,36,24,49,51,70,120,19,44,44,51,57,132,351,0,351
20233,R,전통시장,3130133,우이골목시장(우이시장),1558,776,782,161,199,171,223,290,514,87,106,87,112,156,228,74,93,84,111,134,286,734,0,734
20233,R,전통시장,3130134,"솔샘시장(미아6,7동골목시장)",130,67,63,10,11,20,14,26,49,6,7,13,7,14,20,4,4,7,7,12,29,78,0,78
20233,R,전통시장,3130135,수유중앙골목시장(수유중앙시장),983,488,495,94,103,147,139,168,332,46,52,75,75,83,157,48,51,72,64,85,175,457,0,457
20233,R,전통시장,3130136,수유재래시장,492,252,240,40,54,67,61,89,181,18,26,44,34,44,86,22,28,23,27,45,95,220,0,220
20233,R,전통시장,3130137,"수유전통시장(수유시장, 수유골목시장)",493,251,242,37,51,73,76,79,177,19,28,44,38,40,82,18,23,29,38,39,95,299,0,299
20233,R,전통시장,3130138,수유프라자,241,107,134,21,26,39,34,29,92,9,12,16,14,11,45,12,14,23,20,18,47,87,0,87
20233,R,전통시장,3130139,강북종합전통시장(강북종합골목시장),2101,1033,1068,167,194,378,304,320,738,87,99,191,167,157,332,80,95,187,137,163,406,1343,0,1343
20233,R,전통시장,3130140,숭인시장,148,69,79,15,16,22,24,22,49,8,6,10,11,12,22,7,10,12,13,10,27,140,0,140
20233,R,전통시장,3130141,강북북부골목시장,987,471,516,118,89,136,186,139,319,53,49,60,92,78,139,65,40,76,94,61,180,526,0,526
20233,R,전통시장,3130143,방천골목시장,617,297,320,40,58,92,95,117,215,26,25,45,50,59,92,14,33,47,45,58,123,389,0,389
20233,R,전통시장,3130144,백운시장,370,174,196,37,46,50,51,54,132,17,21,28,21,25,62,20,25,22,30,29,70,210,0,210
20233,R,전통시장,3130145,쌍문역둘리상점가,592,294,298,44,69,99,67,92,221,20,35,54,34,40,111,24,34,45,33,52,110,473,0,473
20233,R,전통시장,3130146,쌍문시장(쌍문역골목시장),3414,1694,1720,235,315,613,537,550,1164,121,156,316,275,284,542,114,159,297,262,266,622,1953,0,1953
20233,R,전통시장,3130147,쌍문역동측상점가,866,425,441,76,69,142,144,137,298,38,33,72,71,66,145,38,36,70,73,71,153,473,0,473
20233,R,전통시장,3130148,방학동도깨비시장,1176,593,583,88,148,134,148,222,436,49,88,79,77,110,190,39,60,55,71,112,246,528,0,528
20233,R,전통시장,3130149,창동신창시장,2288,1106,1182,229,296,302,347,423,691,101,145,158,172,211,319,128,151,144,175,212,372,987,0,987
20233,R,전통시장,3130150,창동골목시장,1298,646,652,104,141,151,193,214,495,53,78,81,93,128,213,51,63,70,100,86,282,632,0,632
20233,R,전통시장,3130151,신도봉시장,211,109,102,15,39,26,19,44,68,4,19,16,11,23,36,11,20,10,8,21,32,80,0,80
20233,R,전통시장,3130152,오!도봉거리 상점가,720,397,323,49,80,80,95,133,283,24,40,45,58,80,150,25,40,35,37,53,133,411,0,411
20233,R,전통시장,3130153,창동역상점가,162,132,30,0,8,29,31,35,59,0,6,21,26,32,47,0,2,8,5,3,12,159,0,159
20233,R,전통시장,3130154,상계주공1단지(가)상가,191,104,87,113,14,17,2,18,27,66,9,7,2,8,12,47,5,10,0,10,15,24,0,24
20233,R,전통시장,3130156,시영2단지 무지개종합상가(중계 무지개2단지아파트상가),509,230,279,77,64,69,94,78,127,46,28,30,47,33,46,31,36,39,47,45,81,209,0,209
20233,R,전통시장,3130157,상계중앙시장,1835,894,941,111,194,259,228,310,733,66,93,142,121,144,328,45,101,117,107,166,405,945,0,945
20233,R,전통시장,3130158,상계역전종합상가,1165,524,641,140,132,201,189,192,311,69,62,101,81,89,122,71,70,100,108,103,189,469,0,469
20233,R,전통시장,3130159,공릉동 도깨비시장,1354,676,678,113,142,274,208,191,426,51,71,135,113,97,209,62,71,139,95,94,217,916,0,916
20233,R,전통시장,3130160,수일시장,92,45,47,2,6,7,7,15,55,1,4,2,6,9,23,1,2,5,1,6,32,61,0,61
20233,R,전통시장,3130161,증산종합시장,151,72,79,15,12,21,22,27,54,4,6,10,13,12,27,11,6,11,9,15,27,71,0,71
20233,R,전통시장,3130162,증산골목시장,97,58,39,6,8,16,17,19,31,3,7,11,10,11,16,3,1,5,7,8,15,96,0,96
20233,R,전통시장,3130163,응암오거리상점가,1250,614,636,102,107,252,199,192,398,57,54,116,105,101,181,45,53,136,94,91,217,846,0,846
20233,R,전통시장,3130164,역촌중앙시장,151,75,76,9,15,27,27,19,54,7,6,16,13,9,24,2,9,11,14,10,30,56,0,56
20233,R,전통시장,3130165,"대림골목시장(대림시장, 양지시장)",572,277,295,42,71,57,77,102,223,23,40,28,39,51,96,19,31,29,38,51,127,257,0,257
20233,R,전통시장,3130166,응암시장(신응암시장),215,120,95,33,13,29,51,28,61,21,8,18,29,15,29,12,5,11,22,13,32,81,0,81
20233,R,전통시장,3130167,연신내상점가(연빛거리),1685,852,833,113,189,379,276,264,464,57,90,194,157,137,217,56,99,185,119,127,247,923,0,923
20233,R,전통시장,3130168,연서시장,102,63,39,8,4,12,13,9,56,4,3,5,8,7,36,4,1,7,5,2,20,167,0,167
20233,R,전통시장,3130169,대조시장,1925,868,1057,139,153,391,340,269,633,63,70,171,175,124,265,76,83,220,165,145,368,1100,0,1100
20233,R,전통시장,3130170,제일시장,78,39,39,6,4,21,16,10,21,3,3,10,7,5,11,3,1,11,9,5,10,45,0,45
20233,R,전통시장,3130171,불광먹자골목 골목형상점가,1115,542,573,56,97,310,195,157,300,36,41,137,112,78,138,20,56,173,83,79,162,809,0,809
20233,R,전통시장,3130172,모래내시장(서중시장),47,31,16,0,2,5,2,9,29,0,2,4,2,5,18,0,0,1,0,4,11,59,0,59
20233,R,전통시장,3130173,백련시장,151,68,83,11,8,25,20,22,65,7,4,13,9,10,25,4,4,12,11,12,40,71,0,71
20233,R,전통시장,3130175,신촌 상인회(신촌상점가),6,3,3,0,1,4,0,0,1,0,1,1,0,0,1,0,0,3,0,0,0,3,0,3
20233,R,전통시장,3130176,유진상가,316,161,155,15,40,44,22,56,139,11,18,31,12,23,66,4,22,13,10,33,73,107,0,107
20233,R,전통시장,3130177,인왕시장(홍제골목형상점가),272,138,134,18,33,39,34,38,110,12,13,25,22,18,48,6,20,14,12,20,62,152,0,152
20233,R,전통시장,3130178,이대 앞 스타트업 상점가,44,17,27,0,7,15,4,2,16,0,0,10,1,0,6,0,7,5,3,2,10,35,0,35
20233,R,전통시장,3130179,"이화여대 3,5,7길 상점가",501,136,365,13,129,166,46,45,102,4,6,30,23,22,51,9,123,136,23,23,51,1238,0,1238
20233,R,전통시장,3130180,포방터시장,598,291,307,40,82,72,62,115,227,20,45,41,31,56,98,20,37,31,31,59,129,310,0,310
20233,R,전통시장,3130181,아현가구거리상점가,656,334,322,34,58,116,93,116,239,19,34,60,55,57,109,15,24,56,38,59,130,399,0,399
20233,R,전통시장,3130182,영천시장,558,280,278,23,50,71,69,100,245,11,24,38,44,54,109,12,26,33,25,46,136,294,0,294
20233,R,전통시장,3130183,상암동상점가,3058,1552,1506,297,295,669,504,464,829,148,155,329,279,255,386,149,140,340,225,209,443,1679,0,1679
20233,R,전통시장,3130185,망원월드컵시장,911,427,484,100,105,138,171,139,258,49,52,66,73,68,119,51,53,72,98,71,139,452,0,452
20233,R,전통시장,3130186,망원시장,2120,1006,1114,181,172,369,400,331,667,101,90,161,206,162,286,80,82,208,194,169,381,1068,0,1068
20233,R,전통시장,3130187,영진시장,222,99,123,17,17,39,35,28,86,8,11,16,17,10,37,9,6,23,18,18,49,134,0,134
20233,R,전통시장,3130189,서교시장,37,28,9,0,3,12,10,1,11,0,2,10,9,0,7,0,1,2,1,1,4,21,0,21
20233,R,전통시장,3130190,홍대소상공인상점가,431,214,217,18,55,150,66,45,97,11,24,81,28,26,44,7,31,69,38,19,53,258,0,258
20233,R,전통시장,3130191,홍대 걷고싶은 거리,694,321,373,34,87,211,88,79,195,19,39,104,46,35,78,15,48,107,42,44,117,328,0,328
20233,R,전통시장,3130192,동진시장,33,16,17,5,3,10,5,3,7,1,3,4,3,1,4,4,0,6,2,2,3,18,0,18
20233,R,전통시장,3130193,신수시장,72,35,37,5,9,11,7,13,27,2,5,4,4,7,13,3,4,7,3,6,14,40,0,40
20233,R,전통시장,3130194,용강동 상점가,727,360,367,132,64,85,139,125,182,62,35,42,72,71,78,70,29,43,67,54,104,358,0,358
20233,R,전통시장,3130195,도화동 상점가,2663,1220,1443,214,260,547,427,402,813,107,123,231,210,200,349,107,137,316,217,202,464,1475,0,1475
20233,R,전통시장,3130196,공덕시장,3,2,1,0,0,0,1,2,0,0,0,0,0,2,0,0,0,0,1,0,0,5,0,5
20233,R,전통시장,3130197,마포시장,78,56,22,3,3,7,7,21,37,1,0,7,6,19,23,2,3,0,1,2,14,59,0,59
20233,R,전통시장,3130198,아현시장,606,294,312,40,74,75,87,91,239,21,40,41,47,41,104,19,34,34,40,50,135,404,0,404
20233,R,전통시장,3130199,신월3동 골목시장,967,526,441,63,109,100,124,190,381,33,57,51,81,107,197,30,52,49,43,83,184,497,0,497
20233,R,전통시장,3130200,"신월7동 골목시장(약수시장, 우성상가)",269,128,141,21,25,46,36,46,95,10,9,26,21,21,41,11,16,20,15,25,54,110,0,110
20233,R,전통시장,3130201,월정로시장,1535,793,742,157,132,192,236,263,555,79,69,103,125,152,265,78,63,89,111,111,290,756,0,756
20233,R,전통시장,3130202,신영시장,1216,584,632,125,133,132,198,224,404,53,60,65,98,118,190,72,73,67,100,106,214,582,0,582
20233,R,전통시장,3130203,서서울 골목형상점가,656,319,337,43,53,104,89,118,249,16,27,57,46,58,115,27,26,47,43,60,134,345,0,345
20233,R,전통시장,3130204,경창시장,821,391,430,128,71,85,147,112,278,64,44,37,72,52,122,64,27,48,75,60,156,322,0,322
20233,R,전통시장,3130205,신곡종합시장(신월6동 골목시장),162,93,69,14,15,14,25,33,61,11,10,9,14,18,31,3,5,5,11,15,30,72,0,72
20233,R,전통시장,3130206,신정3동 골목시장,52,25,27,5,6,9,5,5,22,3,1,4,2,4,11,2,5,5,3,1,11,30,0,30
20233,R,전통시장,3130207,신정1동 골목시장(신정제일시장),181,76,105,13,18,23,16,28,83,3,4,10,6,15,38,10,14,13,10,13,45,106,0,106
20233,R,전통시장,3130208,목동깨비시장(목3동시장),1253,635,618,130,117,254,228,189,335,64,70,129,124,95,153,66,47,125,104,94,182,643,0,643
20233,R,전통시장,3130209,목사랑시장(목4동시장),1703,857,846,175,283,216,222,325,482,100,173,116,99,149,220,75,110,100,123,176,262,645,0,645
20233,R,전통시장,3130210,목2동시장,1050,532,518,62,74,196,139,146,433,29,32,103,79,77,212,33,42,93,60,69,221,841,0,841
20233,R,전통시장,3130211,신정2동 골목시장(오목교중앙시장),931,457,474,82,127,119,113,179,311,42,61,65,56,91,142,40,66,54,57,88,169,369,0,369
20233,R,전통시장,3130212,공항시장,351,157,194,5,30,142,45,43,86,3,10,53,26,26,39,2,20,89,19,17,47,307,0,307
20233,R,전통시장,3130213,방신전통시장,792,396,396,53,65,91,102,153,328,27,26,47,55,78,163,26,39,44,47,75,165,194,0,194
20233,R,전통시장,3130214,송화벽화시장(송화골목시장),543,267,276,60,83,68,98,99,135,30,41,27,46,52,71,30,42,41,52,47,64,320,0,320
20233,R,전통시장,3130216,화곡중앙시장,1042,500,542,148,100,172,187,149,286,65,51,92,91,67,134,83,49,80,96,82,152,455,0,455
20233,R,전통시장,3130217,화곡본동시장,348,153,195,34,32,68,67,45,102,18,13,28,28,19,47,16,19,40,39,26,55,179,0,179
20233,R,전통시장,3130218,신월중앙시장,86,50,36,15,4,17,25,8,17,7,4,9,14,7,9,8,0,8,11,1,8,45,0,45
20233,R,전통시장,3130219,까치산시장,960,422,538,97,77,173,185,125,303,51,32,77,89,51,122,46,45,96,96,74,181,512,0,512
20233,R,전통시장,3130220,등마루시장,631,252,379,24,25,26,21,38,497,14,8,13,11,14,192,10,17,13,10,24,305,393,0,393
20233,R,전통시장,3130221,"남부골목시장(남부화곡시장, 남부시장)",2164,1028,1136,201,183,319,374,316,771,103,103,155,188,152,327,98,80,164,186,164,444,951,0,951
20233,R,전통시장,3130222,오류시장,132,68,64,12,5,13,16,28,58,6,4,7,10,18,23,6,1,6,6,10,35,109,0,109
20233,R,전통시장,3130223,고척근린시장,636,304,332,44,72,79,75,109,257,20,34,41,38,54,117,24,38,38,37,55,140,313,0,313
20233,R,전통시장,3130225,개봉중앙시장,3138,1523,1615,300,370,436,492,511,1029,174,184,215,257,236,457,126,186,221,235,275,572,1332,0,1332
20233,R,전통시장,3130226,고척프라자,35,19,16,3,0,8,3,6,15,2,0,5,2,2,8,1,0,3,1,4,7,19,0,19
20233,R,전통시장,3130227,고척골목시장상점가(그라운드 고척),301,143,158,5,33,52,35,47,129,0,18,30,21,22,52,5,15,22,14,25,77,160,0,160
20233,R,전통시장,3130228,구로시장,249,129,120,17,26,25,26,56,99,10,11,10,18,33,47,7,15,15,8,23,52,135,0,135
20233,R,전통시장,3130229,남구로시장,763,442,321,69,60,72,122,134,306,36,30,42,74,94,166,33,30,30,48,40,140,402,0,402
20233,R,전통시장,3130230,가리봉시장,223,115,108,14,19,25,17,43,105,7,10,15,10,24,49,7,9,10,7,19,56,103,0,103
20233,R,전통시장,3130231,독산동 우시장,78,40,38,0,6,41,10,12,9,0,1,18,8,8,5,0,5,23,2,4,4,881,0,881
20233,R,전통시장,3130232,독산동 맛나는거리상점가(독산동 맛나는거리),1004,503,501,80,108,138,139,201,338,44,50,73,66,109,161,36,58,65,73,92,177,470,0,470
20233,R,전통시장,3130233,남문시장,1694,859,835,153,153,219,220,368,581,74,69,125,118,186,287,79,84,94,102,182,294,781,0,781
20233,R,전통시장,3130234,푸른터시장(기능상실),184,96,88,28,12,26,34,25,59,15,5,16,18,15,27,13,7,10,16,10,32,127,0,127
20233,R,전통시장,3130235,대명여울빛거리시장(대명시장),947,513,434,24,43,118,158,176,428,14,20,66,91,109,213,10,23,52,67,67,215,843,0,843
20233,R,전통시장,3130236,비단길현대시장(현대시장),2368,1137,1231,176,240,368,279,406,899,90,117,173,140,198,419,86,123,195,139,208,480,1174,0,1174
20233,R,전통시장,3130237,박미시장(기능상실),294,159,135,18,24,29,37,54,132,13,13,14,19,32,68,5,11,15,18,22,64,174,0,174
20233,R,전통시장,3130238,은행나무시장,1077,531,546,100,130,124,160,183,380,50,72,58,89,94,168,50,58,66,71,89,212,592,0,592
20233,R,전통시장,3130240,영등포유통상가,19,17,2,0,0,3,5,3,8,0,0,2,5,3,7,0,0,1,0,0,1,47,0,47
20233,R,전통시장,3130241,선유도역 골목형상점가,1220,616,604,174,121,234,240,176,275,77,70,117,135,91,126,97,51,117,105,85,149,777,0,777
20233,R,전통시장,3130242,대림중앙 골목형상점가,523,267,256,22,48,51,56,114,232,9,30,23,29,60,116,13,18,28,27,54,116,228,0,228
20233,R,전통시장,3130243,도림시장,53,26,27,4,6,4,9,11,19,2,5,2,6,6,5,2,1,2,3,5,14,52,0,52
20233,R,전통시장,3130244,대림중앙시장,1201,589,612,88,111,131,144,228,499,49,62,77,79,108,214,39,49,54,65,120,285,533,0,533
20233,R,전통시장,3130245,영일시장,237,166,71,5,6,22,20,48,136,3,5,15,13,43,87,2,1,7,7,5,49,138,0,138
20233,R,전통시장,3130246,영등포청과시장(조광시장),1206,678,528,68,100,151,153,219,515,34,53,97,98,134,262,34,47,54,55,85,253,1118,0,1118
20233,R,전통시장,3130247,우리시장,437,220,217,33,48,50,47,79,180,17,26,28,24,39,86,16,22,22,23,40,94,182,0,182
20233,R,전통시장,3130248,영등포역지하도상점가,49,27,22,3,1,5,10,8,22,2,1,5,4,6,9,1,0,0,6,2,13,33,0,33
20233,R,전통시장,3130249,동남상가,164,80,84,8,13,26,23,28,66,6,8,11,15,14,26,2,5,15,8,14,40,69,0,69
20233,R,전통시장,3130250,삼구시장(로타리상가),4,3,1,0,0,0,0,1,3,0,0,0,0,1,2,0,0,0,0,0,1,7,0,7
20233,R,전통시장,3130253,영신상가(제일상가),21,19,2,0,0,0,2,3,16,0,0,0,2,3,14,0,0,0,0,0,2,42,0,42
20233,R,전통시장,3130254,남서울상가,4,4,0,0,0,0,0,0,4,0,0,0,0,0,4,0,0,0,0,0,0,2,0,2
20233,R,전통시장,3130255,영등포전통시장,839,503,336,31,45,79,87,149,448,20,30,54,54,105,240,11,15,25,33,44,208,757,0,757
20232,D,발달상권,3120060,강변역(테크노마트),2,0,2,0,0,0,0,1,1,0,0,0,0,0,0,0,0,0,0,1,1,5,0,5
20233,R,전통시장,3130256,신동시장,51,26,25,3,5,3,9,11,20,2,5,2,6,5,6,1,0,1,3,6,14,25,0,25
20233,R,전통시장,3130257,영등포시장기계공구상가,155,116,39,6,3,6,15,48,77,2,2,4,14,40,54,4,1,2,1,8,23,473,0,473
20233,R,전통시장,3130258,영진시장A동,132,69,63,14,13,15,19,17,54,8,4,11,10,8,28,6,9,4,9,9,26,47,0,47
20233,R,전통시장,3130259,대신시장,234,103,131,23,27,21,40,37,86,11,11,10,16,19,36,12,16,11,24,18,50,82,0,82
20233,R,전통시장,3130260,신대방1동골목상권,605,300,305,44,60,76,82,107,236,23,26,40,45,51,115,21,34,36,37,56,121,303,0,303
20233,R,전통시장,3130261,성대전통시장(성대시장),1937,910,1027,135,170,360,302,317,653,70,88,148,147,155,302,65,82,212,155,162,351,1222,0,1222
20233,R,전통시장,3130262,상도도깨비 골목형상점가,913,433,480,69,97,152,129,145,321,35,49,84,58,72,135,34,48,68,71,73,186,488,0,488
20233,R,전통시장,3130263,신노량진시장(기능상실),193,97,96,11,14,38,25,34,71,6,5,18,13,16,39,5,9,20,12,18,32,132,0,132
20233,R,전통시장,3130264,상도약수골목형상점가,474,227,247,54,53,98,65,74,130,23,32,41,36,34,61,31,21,57,29,40,69,260,0,260
20233,R,전통시장,3130265,노량진중앙시장,91,50,41,3,14,39,10,5,20,1,10,21,7,2,9,2,4,18,3,3,11,97,0,97
20233,R,전통시장,3130266,만양로상점가,75,43,32,2,4,29,7,9,24,2,1,19,5,4,12,0,3,10,2,5,12,53,0,53
20233,R,전통시장,3130267,본동인정시장(기능상실),265,143,122,16,21,58,43,37,90,7,13,36,26,20,41,9,8,22,17,17,49,184,0,184
20233,R,전통시장,3130268,상도전통시장,1531,742,789,96,152,291,222,230,540,57,74,148,119,114,230,39,78,143,103,116,310,975,0,975
20233,R,전통시장,3130269,강남시장(동작구 강남시장),157,71,86,11,16,34,19,24,53,8,7,15,10,8,23,3,9,19,9,16,30,57,0,57
20233,R,전통시장,3130270,흑석시장,53,21,32,2,1,8,6,5,31,2,0,3,5,1,10,0,1,5,1,4,21,32,0,32
20233,R,전통시장,3130271,남성역골목시장,533,238,295,43,47,86,86,77,194,22,23,38,37,36,82,21,24,48,49,41,112,325,0,325
20233,R,전통시장,3130272,사당시장,13,9,4,0,3,1,2,5,2,0,1,1,2,4,1,0,2,0,0,1,1,5,0,5
20233,R,전통시장,3130273,남성사계시장(남성시장),748,374,374,38,50,175,125,90,270,20,24,71,74,55,130,18,26,104,51,35,140,463,0,463
20233,R,전통시장,3130274,사당1동먹자골목상점가(사당1동먹자골목),747,358,389,31,70,214,121,91,220,15,35,93,56,56,103,16,35,121,65,35,117,544,0,544
20233,R,전통시장,3130275,강남골목시장,409,199,210,40,32,89,74,60,114,14,13,45,44,35,48,26,19,44,30,25,66,247,0,247
20233,R,전통시장,3130276,신림중앙시장(조원동 펭귄시장),63,30,33,4,6,26,13,4,10,2,1,13,6,2,6,2,5,13,7,2,4,56,0,56
20233,R,전통시장,3130277,조원동 펭귄시장(신림중앙시장),1393,704,689,124,136,339,215,207,372,57,62,187,123,104,171,67,74,152,92,103,201,832,0,832
20233,R,전통시장,3130278,미성동 도깨비시장 골목형상점가,875,415,460,68,90,114,119,153,331,30,41,59,61,77,147,38,49,55,58,76,184,407,0,407
20233,R,전통시장,3130279,관악신사시장,2214,1128,1086,163,215,403,334,404,695,95,105,206,186,216,320,68,110,197,148,188,375,1355,0,1355
20233,R,전통시장,3130280,신림종합시장,279,147,132,18,29,102,46,35,49,12,12,61,19,17,26,6,17,41,27,18,23,191,0,191
20233,R,전통시장,3130281,우림시장,73,31,42,7,4,16,11,6,29,3,2,7,5,3,11,4,2,9,6,3,18,35,0,35
20233,R,전통시장,3130282,난곡 골목형상점가,339,174,165,32,26,59,55,43,124,19,15,33,32,17,58,13,11,26,23,26,66,166,0,166
20233,R,전통시장,3130283,신원시장,381,213,168,25,30,79,42,55,150,15,13,49,22,33,81,10,17,30,20,22,69,300,0,300
20233,R,전통시장,3130285,서원동상점가,488,221,267,5,48,238,89,59,49,3,15,100,48,29,26,2,33,138,41,30,23,751,0,751
20233,R,전통시장,3130286,신신림시장(삼성동시장),33,18,15,4,1,5,5,7,11,2,0,2,3,6,5,2,1,3,2,1,6,21,0,21
20233,R,전통시장,3130287,삼성동 시장(삼성동시장),181,101,80,10,11,15,23,31,91,6,7,12,15,18,43,4,4,3,8,13,48,117,0,117
20233,R,전통시장,3130288,신림현대종합상가,18,11,7,0,0,5,3,4,6,0,0,1,3,4,3,0,0,4,0,0,3,10,0,10
20233,R,전통시장,3130290,영림시장,1771,851,920,142,121,290,267,257,694,84,69,134,146,119,299,58,52,156,121,138,395,1468,0,1468
20233,R,전통시장,3130291,봉천제일종합시장,103,47,56,5,8,31,16,16,27,1,3,13,10,7,13,4,5,18,6,9,14,151,0,151
20233,R,전통시장,3130293,봉천중앙시장,321,145,176,9,34,159,44,41,34,5,9,69,22,21,19,4,25,90,22,20,15,322,0,322
20233,R,전통시장,3130294,관악중부시장,549,274,275,21,45,183,72,59,169,9,23,84,42,36,80,12,22,99,30,23,89,409,0,409
20233,R,전통시장,3130295,인헌시장(원당종합시장),1291,660,631,58,78,352,223,178,402,34,42,180,115,97,192,24,36,172,108,81,210,951,0,951
20233,R,전통시장,3130296,남부종합시장,131,66,65,22,23,15,13,25,33,16,11,6,5,13,15,6,12,9,8,12,18,79,0,79
20233,R,전통시장,3130301,양재시장,139,69,70,7,13,37,20,26,36,5,7,19,10,10,18,2,6,18,10,16,18,132,0,132
20233,R,전통시장,3130302,강남시장(강남구 강남시장),303,148,155,39,19,54,62,32,97,24,9,23,34,16,42,15,10,31,28,16,55,109,0,109
20233,R,전통시장,3130303,영동전통시장,1246,567,679,77,102,319,268,191,289,34,54,135,126,96,122,43,48,184,142,95,167,728,0,728
20233,R,전통시장,3130305,논현종합시장,89,34,55,6,8,12,17,15,31,2,3,2,6,7,14,4,5,10,11,8,17,47,0,47
20233,R,전통시장,3130306,강남언주로,466,233,233,20,30,144,93,69,110,10,15,69,51,35,53,10,15,75,42,34,57,274,0,274
20233,R,전통시장,3130307,도곡시장,26,12,14,3,5,2,4,6,6,2,3,1,1,2,3,1,2,1,3,4,3,12,0,12
20233,R,전통시장,3130308,청담삼익시장,154,74,80,11,16,22,11,27,67,6,8,9,5,12,34,5,8,13,6,15,33,4,0,4
20233,R,전통시장,3130309,은마종합상점가,610,313,297,64,147,57,61,165,116,34,85,30,27,77,60,30,62,27,34,88,56,171,0,171
20233,R,전통시장,3130310,강남개포시장,38,25,13,0,5,7,6,7,13,0,2,5,2,6,10,0,3,2,4,1,3,83,0,83
20233,R,전통시장,3130311,새마을시장,2423,1199,1224,174,205,484,392,352,816,90,101,238,222,175,373,84,104,246,170,177,443,1367,0,1367
20233,R,전통시장,3130312,석촌시장,976,487,489,83,94,178,160,146,315,42,48,69,87,81,160,41,46,109,73,65,155,524,0,524
20233,R,전통시장,3130313,방이시장,5719,2765,2954,654,611,1053,1062,857,1482,340,302,503,550,415,655,314,309,550,512,442,827,2702,0,2702
20233,R,전통시장,3130314,풍납시장,4699,2280,2419,349,456,679,692,801,1722,168,222,344,367,395,784,181,234,335,325,406,938,2071,0,2071
20233,R,전통시장,3130315,문정동 로데오거리 상점가(문정동 로데오거리),1349,709,640,102,158,215,201,246,427,60,94,110,101,123,221,42,64,105,100,123,206,687,0,687
20233,R,전통시장,3130316,마천시장,144,74,70,16,13,20,20,20,55,9,6,12,7,11,29,7,7,8,13,9,26,58,0,58
20233,R,전통시장,3130317,마천중앙시장,1200,630,570,125,103,157,175,202,438,55,55,91,92,121,216,70,48,66,83,81,222,536,0,536
20233,R,전통시장,3130318,로데오거리상점가,580,280,300,12,29,195,173,73,98,3,16,88,78,40,55,9,13,107,95,33,43,670,0,670
20233,R,전통시장,3130319,성내전통시장,1150,596,554,102,90,199,172,181,406,51,43,108,93,95,206,51,47,91,79,86,200,715,0,715
20233,R,전통시장,3130320,암사종합시장,955,490,465,67,99,186,181,144,278,31,61,96,99,74,129,36,38,90,82,70,149,556,0,556
20233,R,전통시장,3130321,장신구 특화거리 상점가,1046,516,530,129,131,173,204,154,255,57,72,82,109,73,123,72,59,91,95,81,132,664,0,664
20233,R,전통시장,3130322,고분다리전통시장,824,432,392,45,98,98,111,147,325,24,49,50,64,82,163,21,49,48,47,65,162,437,0,437
20233,R,전통시장,3130323,둔촌역전통시장,1781,870,911,161,238,272,254,311,545,81,137,144,125,146,237,80,101,128,129,165,308,718,0,718
20233,R,전통시장,3130324,길동복조리시장,1337,649,688,128,152,184,214,191,468,72,78,92,113,89,205,56,74,92,101,102,263,489,0,489
20233,R,전통시장,3130325,명일전통시장,2089,1038,1051,344,279,238,346,331,551,189,140,128,153,170,258,155,139,110,193,161,293,697,0,697
20233,R,전통시장,3130326,고덕 골목형상점가,124,59,65,4,16,15,15,21,53,0,12,7,8,9,23,4,4,8,7,12,30,579,0,579
20233,R,전통시장,3130327,"평화시장(남평화시장, 제일평화시장, 신평화패션타운)",2,2,0,0,0,1,0,0,1,0,0,1,0,0,1,0,0,0,0,0,0,3,0,3
20233,U,관광특구,3001491,이태원 관광특구,5337,2516,2821,315,322,963,882,866,1989,156,152,510,451,417,830,159,170,453,431,449,1159,3300,0,3300
20233,U,관광특구,3001492,명동 남대문 북창동 다동 무교동 관광특구,600,365,235,13,20,62,76,113,316,7,10,38,51,67,192,6,10,24,25,46,124,494,0,494
20233,U,관광특구,3001493,동대문패션타운 관광특구,1807,941,866,163,161,338,303,288,554,90,83,154,153,155,306,73,78,184,150,133,248,1704,0,1704
20233,U,관광특구,3001494,종로?청계 관광특구,1720,1092,628,32,94,178,157,304,955,14,51,123,103,207,594,18,43,55,54,97,361,1475,0,1475
20233,U,관광특구,3001495,잠실 관광특구,5902,2885,3017,572,462,1173,1128,849,1718,319,223,536,531,406,870,253,239,637,597,443,848,6271,0,6271
20233,U,관광특구,3001496,강남 마이스 관광특구,19,11,8,6,0,1,4,1,7,3,0,0,2,1,5,3,0,1,2,0,2,18,0,18
20233,A,골목상권,3110001,이북5도청사,1011,475,536,116,130,122,119,171,353,66,59,70,53,73,154,50,71,52,66,98,199,401,0,401
20233,A,골목상권,3110002,독립문역 1번,663,326,337,52,60,53,79,111,308,30,31,23,44,58,140,22,29,30,35,53,168,343,0,343
20233,A,골목상권,3110003,세검정초등학교,2926,1417,1509,331,413,381,381,533,887,165,206,210,180,237,419,166,207,171,201,296,468,1270,0,1270
20233,A,골목상권,3110004,대신고등학교,529,259,270,51,55,57,78,94,194,28,32,28,39,49,83,23,23,29,39,45,111,244,0,244
20233,A,골목상권,3110005,세검정,2153,1046,1107,243,308,267,285,410,640,133,171,138,124,181,299,110,137,129,161,229,341,878,0,878
20233,A,골목상권,3110006,부암동주민센터,671,329,342,46,68,70,66,127,294,27,40,37,28,65,132,19,28,33,38,62,162,384,0,384
20233,A,골목상권,3110007,사직공원(한국사회과학도서관),2073,950,1123,256,225,309,330,332,621,123,112,136,168,142,269,133,113,173,162,190,352,885,0,885
20233,A,골목상권,3110008,배화여자대학교(박노수미술관),5038,2280,2758,621,598,669,863,875,1412,308,266,314,382,417,593,313,332,355,481,458,819,2045,0,2045
20233,A,골목상권,3110009,자하문터널,1622,787,835,159,207,221,257,302,476,95,114,117,114,129,218,64,93,104,143,173,258,713,0,713
20233,A,골목상권,3110010,평창동서측,3015,1401,1614,295,368,395,409,517,1031,158,190,193,188,223,449,137,178,202,221,294,582,1417,0,1417
20233,A,골목상권,3110011,청운초등학교,432,204,228,59,67,44,71,83,108,33,41,17,30,36,47,26,26,27,41,47,61,164,0,164
20233,A,골목상권,3110012,성곡미술관,1916,878,1038,262,212,252,312,358,520,138,94,123,131,159,233,124,118,129,181,199,287,847,0,847
20233,A,골목상권,3110013,체부동홍종문가옥,292,137,155,25,30,53,54,46,84,16,15,19,29,19,39,9,15,34,25,27,45,198,0,198
20233,A,골목상권,3110014,경복고등학교,916,447,469,87,122,82,125,165,335,48,76,38,54,79,152,39,46,44,71,86,183,464,0,464
20233,A,골목상권,3110015,청와대사랑채,672,309,363,89,83,94,112,120,174,48,40,38,50,51,82,41,43,56,62,69,92,254,0,254
20233,A,골목상권,3110016,평창동동측,1988,982,1006,217,199,253,247,295,777,118,112,142,125,131,354,99,87,111,122,164,423,901,0,901
20233,A,골목상권,3110017,정독도서관,700,341,359,99,73,76,111,126,215,59,42,35,50,61,94,40,31,41,61,65,121,321,0,321
20233,A,골목상권,3110018,중앙고등학교,2897,1357,1540,278,340,383,489,520,887,131,164,185,222,258,397,147,176,198,267,262,490,1295,0,1295
20233,A,골목상권,3110019,창덕궁,271,150,121,11,16,30,37,45,132,4,8,18,22,30,68,7,8,12,15,15,64,159,0,159
20233,A,골목상권,3110020,서울국제고등학교,4097,2131,1966,312,589,953,537,556,1150,149,289,615,282,285,511,163,300,338,255,271,639,2299,0,2299
20233,A,골목상권,3110021,성균관대학교,1851,925,926,129,316,522,230,207,447,70,121,298,117,103,216,59,195,224,113,104,231,1229,0,1229
20233,A,골목상권,3110022,경신고등학교,1513,742,771,187,235,281,254,224,332,96,118,158,121,107,142,91,117,123,133,117,190,784,0,784
20233,A,골목상권,3110023,서울대병원,681,301,380,47,60,233,106,76,159,24,31,96,49,35,66,23,29,137,57,41,93,365,0,365
20233,A,골목상권,3110024,혜회동주민센터,980,436,544,100,170,194,138,144,234,53,78,86,53,63,103,47,92,108,85,81,131,800,0,800
20233,A,골목상권,3110025,충신시장옆,523,280,243,32,51,96,78,86,180,18,31,53,45,46,87,14,20,43,33,40,93,264,0,264
20233,A,골목상권,3110026,종로5가역 4번,130,61,69,7,13,16,13,24,57,0,8,4,7,11,31,7,5,12,6,13,26,62,0,62
20233,A,골목상권,3110027,혜화역 1번,2999,1400,1599,262,347,594,470,455,871,116,159,298,237,223,367,146,188,296,233,232,504,1450,0,1450
20233,A,골목상권,3110028,이화달팽이길,4475,2311,2164,254,679,787,518,817,1420,120,386,412,293,414,686,134,293,375,225,403,734,2181,0,2181
20233,A,골목상권,3110029,동대문역 1번,6133,3169,2964,458,788,794,763,1261,2069,253,414,422,430,663,987,205,374,372,333,598,1082,2569,0,2569
20233,A,골목상권,3110030,동대문역 3번,239,122,117,14,21,40,25,52,87,7,12,26,10,27,40,7,9,14,15,25,47,116,0,116
20233,A,골목상권,3110031,창신역 1번,350,180,170,26,41,56,38,65,124,14,21,35,19,28,63,12,20,21,19,37,61,266,0,266
20233,A,골목상권,3110032,수족관거리,32,15,17,1,2,4,5,8,12,0,0,2,4,5,4,1,2,2,1,3,8,16,0,16
20233,A,골목상권,3110033,창신역 4번,2222,1111,1111,182,228,304,323,411,774,98,119,159,173,210,352,84,109,145,150,201,422,1077,0,1077
20233,A,골목상권,3110034,창신1동주민센터,330,192,138,1,2,6,27,60,234,0,1,2,15,35,139,1,1,4,12,25,95,308,0,308
20233,A,골목상권,3110035,동묘앞역 2번,3851,1990,1861,241,391,543,511,758,1407,138,189,284,283,403,693,103,202,259,228,355,714,2014,0,2014
20233,A,골목상권,3110036,동묘앞역 3번,162,102,60,3,10,38,22,28,61,1,4,26,16,16,39,2,6,12,6,12,22,342,0,342
20233,A,골목상권,3110037,신설동역 12번,1645,801,844,128,159,233,243,281,601,67,78,117,129,139,271,61,81,116,114,142,330,807,0,807
20233,A,골목상권,3110038,경향신문사,15,12,3,2,0,3,2,2,6,2,0,3,2,2,3,0,0,0,0,0,3,7,0,7
20233,A,골목상권,3110039,회현역 1번,92,53,39,8,10,5,13,16,40,7,2,4,11,10,19,1,8,1,2,6,21,51,0,51
20233,A,골목상권,3110040,중구회현체육센터(정화예술대남산캠퍼스),1084,503,581,73,92,141,163,157,458,32,48,73,86,77,187,41,44,68,77,80,271,482,0,482
20233,A,골목상권,3110041,남산케이블카,765,386,379,81,61,132,126,125,240,40,33,79,66,65,103,41,28,53,60,60,137,439,0,439
20233,A,골목상권,3110042,남산골공원옆,934,456,478,81,73,175,140,141,324,39,33,91,70,75,148,42,40,84,70,66,176,532,0,532
20233,A,골목상권,3110043,충무초등학교,2059,1095,964,161,339,622,262,241,434,83,144,394,143,125,206,78,195,228,119,116,228,1458,0,1458
20233,A,골목상권,3110045,동대문역사문화공원역 5번,999,495,504,67,89,170,130,141,402,36,39,94,69,74,183,31,50,76,61,67,219,528,0,528
20233,A,골목상권,3110046,버티고개,4037,2045,1992,351,473,706,637,648,1222,196,256,398,335,318,542,155,217,308,302,330,680,1656,0,1656
20233,A,골목상권,3110047,다산성곽길,3006,1461,1545,249,336,410,421,532,1058,128,176,215,200,278,464,121,160,195,221,254,594,1360,0,1360
20233,A,골목상권,3110048,장충동주민센터,2658,1284,1374,257,291,498,419,425,768,133,146,247,205,203,350,124,145,251,214,222,418,1262,0,1262
20233,A,골목상권,3110049,장충단 고개,2063,964,1099,231,231,436,360,306,499,112,112,204,177,137,222,119,119,232,183,169,277,988,0,988
20233,A,골목상권,3110050,약수역 7번,850,391,459,62,93,150,117,137,291,32,49,59,53,74,124,30,44,91,64,63,167,396,0,396
20233,A,골목상권,3110051,한양공고앞 교차로,1236,641,595,88,117,178,159,231,463,41,59,101,95,120,225,47,58,77,64,111,238,710,0,710
20233,A,골목상권,3110052,장충초등학교,1915,948,967,172,226,305,259,353,600,82,109,157,143,181,276,90,117,148,116,172,324,876,0,876
20233,A,골목상권,3110053,청구역 1번,2726,1360,1366,207,340,481,374,516,808,98,172,270,203,257,360,109,168,211,171,259,448,1498,0,1498
20233,A,골목상권,3110054,청구역 3번,1969,946,1023,151,222,482,313,321,480,87,107,208,149,165,230,64,115,274,164,156,250,1121,0,1121
20233,A,골목상권,3110055,황학동벼룩시장,198,115,83,4,17,32,24,34,87,2,9,17,14,20,53,2,8,15,10,14,34,224,0,224
20233,A,골목상권,3110056,신당역 3번,5434,2688,2746,437,597,785,766,1067,1782,221,297,404,409,570,787,216,300,381,357,497,995,2699,0,2699
20233,A,골목상권,3110057,황학코아루아파트,1371,604,767,85,126,501,250,184,225,45,43,193,113,99,111,40,83,308,137,85,114,1288,0,1288
20233,A,골목상권,3110058,성심여자고등학교,4022,1936,2086,398,443,557,618,665,1341,193,225,271,310,344,593,205,218,286,308,321,748,1972,0,1972
20233,A,골목상권,3110059,새남터성지,1903,909,994,151,157,218,251,332,794,86,76,116,137,178,316,65,81,102,114,154,478,953,0,953
20233,A,골목상권,3110060,효창공원앞역 6번,3473,1661,1812,420,315,565,647,511,1015,195,164,262,323,264,453,225,151,303,324,247,562,1728,0,1728
20233,A,골목상권,3110061,효창동주민센터,3737,1818,1919,407,457,623,568,614,1068,212,240,307,291,290,478,195,217,316,277,324,590,1764,0,1764
20233,A,골목상권,3110062,한강로동땡땡거리(은행나무길),1344,724,620,71,105,164,182,195,627,41,63,107,110,123,280,30,42,57,72,72,347,734,0,734
20233,A,골목상권,3110063,효창공원앞역 5번,2463,1276,1187,215,233,381,373,389,872,115,133,217,213,206,392,100,100,164,160,183,480,1651,0,1651
20233,A,골목상권,3110064,효창공원앞역 2번,2816,1315,1501,347,367,478,490,453,681,181,173,215,232,215,299,166,194,263,258,238,382,1454,0,1454
20233,A,골목상권,3110065,남정초등학교,139,64,75,17,18,15,23,24,42,10,6,3,14,12,19,7,12,12,9,12,23,85,0,85
20233,A,골목상권,3110066,서울역 15번,3174,1634,1540,239,343,540,453,622,977,128,179,281,254,332,460,111,164,259,199,290,517,1541,0,1541
20233,A,골목상권,3110067,배문고등학교,8328,4236,4092,820,1058,1548,1266,1413,2223,427,555,845,682,700,1027,393,503,703,584,713,1196,3893,0,3893
20233,A,골목상권,3110068,남영역 1번,3001,1467,1534,246,290,569,516,432,948,126,136,279,265,231,430,120,154,290,251,201,518,2038,0,2038
20233,A,골목상권,3110069,숙대입구,4953,2159,2794,341,705,1105,804,635,1363,170,229,411,379,339,631,171,476,694,425,296,732,3446,0,3446
20233,A,골목상권,3110070,용산세무서,143,69,74,18,21,14,22,16,52,5,9,8,12,6,29,13,12,6,10,10,23,43,0,43
20233,A,골목상권,3110071,한강미주맨션아파트,452,207,245,76,57,32,59,85,143,44,30,13,17,45,58,32,27,19,42,40,85,179,0,179
20233,A,골목상권,3110072,열정도,154,91,63,5,8,20,19,25,77,1,3,14,13,16,44,4,5,6,6,9,33,97,0,97
20233,A,골목상권,3110073,삼각지역 3번,490,237,253,23,37,102,74,69,185,19,23,51,42,34,68,4,14,51,32,35,117,364,0,364
20233,A,골목상권,3110074,서울역 12번,2812,1932,880,112,180,315,326,577,1302,60,96,189,219,444,924,52,84,126,107,133,378,2493,0,2493
20233,A,골목상권,3110075,숙대입구역 1번,3426,1837,1589,248,310,575,521,590,1182,133,170,297,289,337,611,115,140,278,232,253,571,2033,0,2033
20233,A,골목상권,3110076,삼각지역 14번,32,22,10,2,0,1,6,5,18,1,0,1,4,4,12,1,0,0,2,1,6,15,0,15
20233,A,골목상권,3110077,삼광초등학교,1368,671,697,161,147,176,226,230,428,88,76,94,108,116,189,73,71,82,118,114,239,618,0,618
20233,A,골목상권,3110078,이촌동점보아파트,498,228,270,78,63,42,64,92,159,37,34,14,29,40,74,41,29,28,35,52,85,146,0,146
20233,A,골목상권,3110079,후암동주민센터,10496,5151,5345,1216,1121,1544,1849,1775,2991,622,602,796,935,867,1329,594,519,748,914,908,1662,5148,0,5148
20233,A,골목상권,3110080,해방촌예술마을,4324,2140,2184,409,463,665,684,691,1412,216,228,362,371,349,614,193,235,303,313,342,798,2097,0,2097
20233,A,골목상권,3110081,해방촌 남동측,3897,1815,2082,262,353,605,565,622,1490,125,175,285,294,292,644,137,178,320,271,330,846,1950,0,1950
20233,A,골목상권,3110082,용산구청,1040,487,553,89,65,212,168,141,365,51,34,100,87,58,157,38,31,112,81,83,208,564,0,564
20233,A,골목상권,3110083,서빙고역 1번,813,407,406,106,134,74,154,160,185,55,58,41,71,91,91,51,76,33,83,69,94,350,0,350
20233,A,골목상권,3110084,경리단길북측,4008,1823,2185,293,296,658,672,613,1476,149,153,328,313,290,590,144,143,330,359,323,886,2154,0,2154
20233,A,골목상권,3110085,경리단길남측,2556,1181,1375,274,209,412,420,411,830,132,101,207,207,185,349,142,108,205,213,226,481,1508,0,1508
20233,A,골목상권,3110086,이태원역 북측,1009,491,518,150,89,154,168,135,313,74,54,74,81,64,144,76,35,80,87,71,169,549,0,549
20233,A,골목상권,3110087,이태원엔틱가구거리,1794,768,1026,94,113,245,252,290,800,44,53,136,130,132,273,50,60,109,122,158,527,1150,0,1150
20233,A,골목상권,3110088,오산고등학교,1955,972,983,203,223,277,341,361,550,117,122,155,162,175,241,86,101,122,179,186,309,813,0,813
20233,A,골목상권,3110089,서빙고동주민센터,2587,1261,1326,222,264,299,403,440,959,112,130,168,206,217,428,110,134,131,197,223,531,1322,0,1322
20233,A,골목상권,3110090,한국폴리텍대학서울정수캠퍼스,2055,926,1129,162,192,339,323,383,656,78,96,167,143,172,270,84,96,172,180,211,386,1109,0,1109
20233,A,골목상권,3110091,리움미술관,169,85,84,13,6,38,27,19,66,8,3,23,11,7,33,5,3,15,16,12,33,82,0,82
20233,A,골목상권,3110092,NH농협은행 보광동지점,3884,1878,2006,270,428,626,579,691,1290,147,236,336,290,328,541,123,192,290,289,363,749,1848,0,1848
20233,A,골목상권,3110093,우사단길,6433,3253,3180,466,544,1169,1135,1042,2077,248,290,673,605,542,895,218,254,496,530,500,1182,3613,0,3613
20233,A,골목상권,3110094,오산중학교,372,193,179,14,45,63,46,82,122,6,29,35,28,42,53,8,16,28,18,40,69,201,0,201
20233,A,골목상권,3110095,한강진역 3번,2490,1092,1398,161,143,330,451,437,968,80,66,140,229,201,376,81,77,190,222,236,592,1717,0,1717
20233,A,골목상권,3110096,한남힐사이드아파트,1080,486,594,122,97,154,226,175,306,64,49,63,112,76,122,58,48,91,114,99,184,454,0,454
20233,A,골목상권,3110097,한남초등학교,225,104,121,31,5,55,57,21,56,18,3,25,28,5,25,13,2,30,29,16,31,131,0,131
20233,A,골목상권,3110098,서울독일학교,219,103,116,28,21,37,26,34,73,15,9,18,12,16,33,13,12,19,14,18,40,117,0,117
20233,A,골목상권,3110099,유엔빌리지길,1635,781,854,274,137,248,282,251,443,145,72,111,129,118,206,129,65,137,153,133,237,835,0,835
20233,A,골목상권,3110100,옥수동우편취급국,113,53,60,13,15,27,12,13,33,8,6,15,4,6,14,5,9,12,8,7,19,43,0,43
20233,A,골목상권,3110101,옥정중학교,693,321,372,82,49,152,156,103,151,42,19,69,78,47,66,40,30,83,78,56,85,378,0,378
20233,A,골목상권,3110102,옥수역 6번,995,479,516,114,90,179,178,134,300,64,43,83,88,67,134,50,47,96,90,67,166,455,0,455
20233,A,골목상권,3110103,옥수터널,480,231,249,46,50,81,76,78,149,28,32,41,41,36,53,18,18,40,35,42,96,215,0,215
20233,A,골목상권,3110104,신금호역 4번,3310,1604,1706,331,411,439,494,567,1068,166,204,217,255,292,470,165,207,222,239,275,598,1334,0,1334
20233,A,골목상권,3110105,금동어린이공원,2997,1488,1509,244,326,423,404,528,1072,134,185,231,195,285,458,110,141,192,209,243,614,1398,0,1398
20233,A,골목상권,3110106,금북초등학교,1081,541,540,103,125,157,140,179,377,56,76,73,75,79,182,47,49,84,65,100,195,407,0,407
20233,A,골목상권,3110107,금호사거리,269,137,132,22,22,44,42,34,105,14,8,24,23,22,46,8,14,20,19,12,59,132,0,132
20233,A,골목상권,3110108,성동구립금호도서관,3,1,2,0,0,0,1,0,2,0,0,0,0,0,1,0,0,0,1,0,1,1,0,1
20233,A,골목상권,3110109,금호삼성래미안아파트,503,259,244,32,59,57,74,88,193,15,35,31,44,48,86,17,24,26,30,40,107,242,0,242
20233,A,골목상권,3110110,상왕십리역 6번,2125,1045,1080,140,212,432,357,332,652,75,111,198,196,165,300,65,101,234,161,167,352,1159,0,1159
20233,A,골목상권,3110111,대현산장미원,1594,799,795,160,173,182,257,273,549,81,86,99,146,139,248,79,87,83,111,134,301,617,0,617
20233,A,골목상권,3110112,행당역 2번,2881,1365,1516,275,393,460,427,509,817,126,200,229,209,228,373,149,193,231,218,281,444,1348,0,1348
20233,A,골목상권,3110113,응봉산,1614,788,826,181,206,196,240,281,510,109,106,96,119,130,228,72,100,100,121,151,282,633,0,633
20233,A,골목상권,3110114,왕십리파출소,769,379,390,93,83,113,141,128,211,47,46,57,74,66,89,46,37,56,67,62,122,372,0,372
20233,A,골목상권,3110115,상왕십리역 3번,2074,1046,1028,162,262,431,277,381,561,90,143,209,144,201,259,72,119,222,133,180,302,1116,0,1116
20233,A,골목상권,3110116,청계천박물관,2169,1108,1061,198,279,283,275,438,696,116,148,158,136,216,334,82,131,125,139,222,362,948,0,948
20233,A,골목상권,3110117,성동구보건소,1620,819,801,135,197,269,214,288,517,70,118,128,122,145,236,65,79,141,92,143,281,795,0,795
20233,A,골목상권,3110118,왕십리역 9번,1163,614,549,81,106,206,156,203,411,41,60,125,80,108,200,40,46,81,76,95,211,694,0,694
20233,A,골목상권,3110119,마장지하차도,268,139,129,13,24,45,43,42,101,5,12,23,25,25,49,8,12,22,18,17,52,147,0,147
20233,A,골목상권,3110120,서울숲카페거리,1198,621,577,121,139,225,199,175,339,69,80,122,108,87,155,52,59,103,91,88,184,432,0,432
20233,A,골목상권,3110121,한양대역 4번,712,413,299,34,186,246,56,63,127,15,89,183,37,36,53,19,97,63,19,27,74,771,0,771
20233,A,골목상권,3110122,마장역 2번,706,359,347,100,93,114,101,117,181,51,49,57,50,58,94,49,44,57,51,59,87,365,0,365
20233,A,골목상권,3110123,마장역 3번,2880,1460,1420,219,314,426,377,478,1066,115,162,219,203,254,507,104,152,207,174,224,559,1611,0,1611
20233,A,골목상권,3110124,뚝섬역교차로,825,444,381,48,77,175,109,115,301,27,44,98,56,64,155,21,33,77,53,51,146,512,0,512
20233,A,골목상권,3110125,사근동살곶이상점가,4154,2274,1880,278,714,1018,458,525,1161,142,384,703,255,259,531,136,330,315,203,266,630,2833,0,2833
20233,A,골목상권,3110126,서울숲역 1번,543,265,278,47,67,99,77,93,160,28,34,51,41,37,74,19,33,48,36,56,86,316,0,316
20233,A,골목상권,3110127,성수1가1동주민센터,942,484,458,57,53,282,193,143,214,30,24,134,100,85,111,27,29,148,93,58,103,715,0,715
20233,A,골목상권,3110128,성원중학교,8370,4430,3940,702,1043,1194,1172,1695,2564,370,546,659,638,922,1295,332,497,535,534,773,1269,4002,0,4002
20233,A,골목상권,3110129,성원어린이공원,1687,836,851,168,148,335,342,270,424,88,75,168,180,130,195,80,73,167,162,140,229,833,0,833
20233,A,골목상권,3110130,답십리역 6번,2008,1016,992,144,233,286,289,360,696,76,106,146,164,189,335,68,127,140,125,171,361,627,0,627
20233,A,골목상권,3110131,성수동카페거리,2841,1538,1303,247,277,584,434,458,841,129,140,312,244,261,452,118,137,272,190,197,389,1526,0,1526
20233,A,골목상권,3110132,성수2가3동주민센터,1918,1011,907,129,161,375,286,308,659,68,85,189,160,170,339,61,76,186,126,138,320,1318,0,1318
20233,A,골목상권,3110133,서울교통공사,1527,819,708,132,140,209,248,319,479,63,68,113,140,185,250,69,72,96,108,134,229,977,0,977
20233,A,골목상권,3110134,성수119안전센터,6354,3316,3038,611,594,974,1021,1086,2068,314,317,512,541,589,1043,297,277,462,480,497,1025,2888,0,2888
20233,A,골목상권,3110135,성동세무서,1108,596,512,95,90,229,195,181,318,51,46,131,104,107,157,44,44,98,91,74,161,657,0,657
20233,A,골목상권,3110136,경수초등학교,2695,1404,1291,295,255,400,423,447,875,140,135,212,230,242,445,155,120,188,193,205,430,1203,0,1203
20233,A,골목상권,3110137,성수초등학교,1666,903,763,214,135,339,373,226,379,107,70,174,221,132,199,107,65,165,152,94,180,920,0,920
20233,A,골목상권,3110138,송정체육공원,3537,1903,1634,271,385,568,470,680,1163,136,218,305,262,381,601,135,167,263,208,299,562,1973,0,1973
20233,A,골목상권,3110139,자양4동주민센터,5586,2830,2756,358,523,800,823,1049,2033,155,271,415,443,568,978,203,252,385,380,481,1055,3040,0,3040
20233,A,골목상권,3110140,건대입구역 6번,5668,2843,2825,400,556,1062,865,950,1835,204,275,544,470,501,849,196,281,518,395,449,986,2848,0,2848
20233,A,골목상권,3110141,건대입구역 1번,3006,1430,1576,166,347,1072,455,335,631,82,127,504,251,170,296,84,220,568,204,165,335,2208,0,2208
20233,A,골목상권,3110142,화양사거리,5301,2606,2695,230,792,2113,735,543,888,111,314,1071,390,297,423,119,478,1042,345,246,465,4850,0,4850
20233,A,골목상권,3110143,뚝섬유원지역 1번,140,74,66,20,19,13,13,36,39,9,12,5,6,22,20,11,7,8,7,14,19,49,0,49
20233,A,골목상권,3110144,어린이대공원역 4번,2006,981,1025,71,281,664,254,239,497,32,107,333,134,152,223,39,174,331,120,87,274,1732,0,1732
20233,A,골목상권,3110145,장안초등학교,635,303,332,57,59,157,96,92,174,26,27,81,52,40,77,31,32,76,44,52,97,308,0,308
20233,A,골목상권,3110146,신자초등학교,4081,2073,2008,459,462,599,629,707,1225,217,257,324,331,349,595,242,205,275,298,358,630,1853,0,1853
20233,A,골목상권,3110147,능동우편취급국,6391,3243,3148,648,676,1432,1102,879,1654,348,350,743,599,431,772,300,326,689,503,448,882,3407,0,3407
20233,A,골목상권,3110148,어린이대공원역 3번,1427,737,690,72,213,379,186,196,381,39,113,218,95,101,171,33,100,161,91,95,210,1068,0,1068
20233,A,골목상권,3110149,세종대학교,923,410,513,72,127,264,148,129,183,37,48,112,66,63,84,35,79,152,82,66,99,598,0,598
20233,A,골목상권,3110150,중곡1동 마을마당,5846,2926,2920,514,468,1189,999,896,1780,259,262,568,533,460,844,255,206,621,466,436,936,3330,0,3330
20233,A,골목상권,3110151,자양한강도서관,4707,2315,2392,515,519,750,870,780,1273,266,276,366,441,385,581,249,243,384,429,395,692,2312,0,2312
20233,A,골목상권,3110152,중곡어린이공원,2070,1067,1003,229,215,359,322,364,581,123,108,191,171,201,273,106,107,168,151,163,308,996,0,996
20233,A,골목상권,3110153,중곡1동주민센터,2407,1168,1239,245,235,516,467,329,615,126,106,255,246,145,290,119,129,261,221,184,325,1412,0,1412
20233,A,골목상권,3110154,광진정말공원,4782,2336,2446,519,528,794,796,765,1380,294,250,394,405,384,609,225,278,400,391,381,771,2148,0,2148
20233,A,골목상권,3110155,광진구청,3905,1939,1966,342,490,728,635,666,1044,177,248,378,326,317,493,165,242,350,309,349,551,2111,0,2111
20233,A,골목상권,3110156,군자역 5번,6196,2946,3250,617,514,1552,1214,763,1536,321,260,675,632,373,685,296,254,877,582,390,851,3544,0,3544
20233,A,골목상권,3110157,자양동우체국,5967,2977,2990,780,746,930,1044,1009,1458,418,417,455,504,504,679,362,329,475,540,505,779,2602,0,2602
20233,A,골목상권,3110158,중곡3동주민센터,7012,3495,3517,687,741,1100,1088,1241,2155,359,371,573,582,614,996,328,370,527,506,627,1159,3649,0,3649
20233,A,골목상권,3110159,구의역 4번,9198,4495,4703,819,967,1742,1508,1479,2683,404,502,847,787,712,1243,415,465,895,721,767,1440,4855,0,4855
20233,A,골목상권,3110160,광진경찰서,1905,915,990,195,260,335,333,327,455,99,124,171,155,152,214,96,136,164,178,175,241,944,0,944
20233,A,골목상권,3110161,중곡역 3번,5088,2512,2576,501,589,848,754,896,1500,254,309,424,402,433,690,247,280,424,352,463,810,2469,0,2469
20233,A,골목상권,3110162,군자역 4번,4032,1934,2098,539,440,744,705,618,986,273,239,339,323,308,452,266,201,405,382,310,534,1665,0,1665
20233,A,골목상권,3110163,성자초등학교,2989,1434,1555,410,341,449,590,469,730,186,169,219,310,217,333,224,172,230,280,252,397,1278,0,1278
20233,A,골목상권,3110164,아차산역 5번,3100,1474,1626,320,283,755,607,406,729,175,140,335,308,190,326,145,143,420,299,216,403,1755,0,1755
20233,A,골목상권,3110165,국립정신건강센터,4490,2211,2279,462,577,756,682,799,1214,230,302,389,356,360,574,232,275,367,326,439,640,1913,0,1913
20233,A,골목상권,3110166,구의1동주민센터,6518,3073,3445,500,705,1479,1165,1005,1664,256,336,672,577,488,744,244,369,807,588,517,920,3508,0,3508
20233,A,골목상권,3110167,용마초등학교,6898,3400,3498,830,757,1229,1152,1140,1790,427,399,627,585,535,827,403,358,602,567,605,963,3155,0,3155
20233,A,골목상권,3110168,대원고등학교,2608,1281,1327,314,445,338,389,536,586,157,227,176,190,252,279,157,218,162,199,284,307,1104,0,1104
20233,A,골목상권,3110169,성동초등학교,2355,1188,1167,199,266,448,380,369,693,116,138,233,204,167,330,83,128,215,176,202,363,1360,0,1360
20233,A,골목상권,3110170,동대부여고,6314,3055,3259,500,628,1334,1168,968,1716,254,321,662,587,482,749,246,307,672,581,486,967,3367,0,3367
20233,A,골목상권,3110171,중곡4동주민센터,2691,1316,1375,230,339,361,351,524,886,122,180,184,186,254,390,108,159,177,165,270,496,1190,0,1190
20233,A,골목상권,3110172,광진초등학교,3768,1834,1934,437,436,554,606,644,1091,229,224,257,312,322,490,208,212,297,294,322,601,1960,0,1960
20233,A,골목상권,3110173,구남초등학교,1446,686,760,130,177,260,211,225,443,74,81,124,102,100,205,56,96,136,109,125,238,716,0,716
20233,A,골목상권,3110174,아차산역 1번,5080,2472,2608,608,551,757,820,823,1521,312,282,358,417,390,713,296,269,399,403,433,808,2047,0,2047
20233,A,골목상권,3110175,푸른동산공원,4810,2314,2496,571,515,910,887,744,1183,292,252,435,463,337,535,279,263,475,424,407,648,2478,0,2478
20233,A,골목상권,3110176,해오름공원,6416,3169,3247,616,711,1021,950,1112,2006,331,351,526,518,563,880,285,360,495,432,549,1126,2913,0,2913
20233,A,골목상권,3110177,동의초등학교,1692,842,850,196,189,187,302,274,544,99,115,88,154,146,240,97,74,99,148,128,304,661,0,661
20233,A,골목상권,3110178,장로회신학대학교,1265,595,670,146,144,202,178,199,396,68,69,98,84,101,175,78,75,104,94,98,221,559,0,559
20233,A,골목상권,3110179,광나루역 1번,788,389,399,78,105,125,125,134,221,45,56,66,59,63,100,33,49,59,66,71,121,580,0,580
20233,A,골목상권,3110180,광진정보도서관,1113,567,546,128,123,181,174,197,310,70,71,91,85,96,154,58,52,90,89,101,156,618,0,618
20233,A,골목상권,3110181,신설동역 9번,593,330,263,71,56,94,102,106,164,36,37,55,50,65,87,35,19,39,52,41,77,1033,0,1033
20233,A,골목상권,3110182,용두희망어린이공원,941,546,395,61,145,321,135,104,175,30,81,221,75,57,82,31,64,100,60,47,93,700,0,700
20233,A,골목상권,3110183,한국의류시험연구원,408,229,179,31,41,56,60,63,157,14,22,32,34,40,87,17,19,24,26,23,70,350,0,350
20233,A,골목상권,3110184,용두사거리,235,121,114,22,19,37,49,36,72,12,11,16,30,20,32,10,8,21,19,16,40,135,0,135
20233,A,골목상권,3110185,용두초등학교,416,221,195,35,32,58,48,86,157,15,14,33,25,54,80,20,18,25,23,32,77,249,0,249
20233,A,골목상권,3110186,종암초등학교,418,239,179,24,57,141,63,41,92,12,29,93,38,23,44,12,28,48,25,18,48,295,0,295
20233,A,골목상권,3110187,제기동역 6번,3256,1635,1621,223,342,654,503,507,1027,114,166,336,272,265,482,109,176,318,231,242,545,2930,0,2930
20233,A,골목상권,3110188,용두동신동아아파트,1769,903,866,187,190,259,285,303,545,98,102,147,156,153,247,89,88,112,129,150,298,2161,0,2161
20233,A,골목상권,3110189,제기동역 1번,2067,1006,1061,225,223,417,342,314,546,108,121,211,163,154,249,117,102,206,179,160,297,1104,0,1104
20233,A,골목상권,3110190,고대앞사거리,2054,1095,959,195,207,429,301,293,629,100,99,261,170,166,299,95,108,168,131,127,330,1415,0,1415
20233,A,골목상권,3110191,고려대역 6번,1068,572,496,58,98,221,173,135,383,30,51,127,109,75,180,28,47,94,64,60,203,843,0,843
20233,A,골목상권,3110192,동의보감타워,515,278,237,11,28,137,98,69,172,5,15,74,50,37,97,6,13,63,48,32,75,481,0,481
20233,A,골목상권,3110193,고려대역 4번,1474,781,693,93,154,386,180,162,499,50,72,236,94,95,234,43,82,150,86,67,265,875,0,875
20233,A,골목상권,3110194,홍파초등학교,1586,789,797,122,120,238,232,202,672,68,64,132,132,107,286,54,56,106,100,95,386,922,0,922
20233,A,골목상권,3110195,동대문구청,3313,1664,1649,240,289,556,426,487,1315,131,142,287,229,270,605,109,147,269,197,217,710,2226,0,2226
20233,A,골목상권,3110196,홍릉근린공원,1125,580,545,70,95,93,146,169,552,32,46,51,87,97,267,38,49,42,59,72,285,820,0,820
20233,A,골목상권,3110197,세종대왕기념관교차로,511,263,248,60,55,78,73,78,167,30,26,47,41,46,73,30,29,31,32,32,94,307,0,307
20233,A,골목상권,3110198,동대문중앙새마을금고본점,120,58,62,8,6,11,21,12,62,2,2,7,12,8,27,6,4,4,9,4,35,80,0,80
20233,A,골목상권,3110199,홍릉시장,943,485,458,41,68,126,122,130,456,21,34,73,74,77,206,20,34,53,48,53,250,699,0,699
20233,A,골목상권,3110200,동대문경찰서,708,366,342,45,61,110,102,110,280,24,35,56,59,63,129,21,26,54,43,47,151,463,0,463
20233,A,골목상권,3110201,전농119안전센터,474,246,228,34,42,32,82,81,203,21,20,15,49,47,94,13,22,17,33,34,109,354,0,354
20233,A,골목상권,3110202,전농1동주민센터(전농시장),1358,761,597,35,89,77,144,270,743,17,50,32,87,171,404,18,39,45,57,99,339,1053,0,1053
20233,A,골목상권,3110203,떡전교사거리,1844,914,930,149,168,284,258,281,704,73,83,163,138,158,299,76,85,121,120,123,405,1013,0,1013
20233,A,골목상권,3110204,간데메공원,3304,1649,1655,433,323,461,536,502,1049,220,168,235,265,268,493,213,155,226,271,234,556,1692,0,1692
20233,A,골목상권,3110205,경희대삼거리,2619,1294,1325,173,383,703,366,337,657,92,160,378,199,182,283,81,223,325,167,155,374,1683,0,1683
20233,A,골목상권,3110206,텃골근린공원,4002,2020,1982,361,477,575,552,697,1340,202,264,293,289,349,623,159,213,282,263,348,717,2011,0,2011
20233,A,골목상권,3110207,시립대앞사거리,831,422,409,54,104,129,106,131,307,30,51,68,61,66,146,24,53,61,45,65,161,576,0,576
20233,A,골목상권,3110208,시조사삼거리,764,408,356,46,100,209,101,91,217,23,53,122,56,45,109,23,47,87,45,46,108,540,0,540
20233,A,골목상권,3110209,답십리 장령당공원,722,369,353,63,79,103,101,127,249,30,44,58,53,74,110,33,35,45,48,53,139,372,0,372
20233,A,골목상권,3110210,서울시립대,3215,1612,1603,249,493,715,450,377,931,124,213,428,244,185,418,125,280,287,206,192,513,2186,0,2186
20233,A,골목상권,3110211,전곡마을마당공원,3640,1812,1828,260,449,467,478,657,1329,134,228,262,260,342,586,126,221,205,218,315,743,1938,0,1938
20233,A,골목상권,3110212,답십리초등학교,2315,1154,1161,210,263,287,313,404,838,116,131,159,167,208,373,94,132,128,146,196,465,1077,0,1077
20233,A,골목상권,3110213,청량초등학교,762,380,382,60,134,207,85,129,147,24,69,122,39,59,67,36,65,85,46,70,80,500,0,500
20233,A,골목상권,3110214,경희대후문,2343,1221,1122,139,551,826,182,217,428,68,230,535,91,99,198,71,321,291,91,118,230,1930,0,1930
20232,R,전통시장,3130101,답십리현대시장,316,161,155,18,25,33,55,49,136,12,10,17,35,28,59,6,15,16,20,21,77,164,0,164
20233,A,골목상권,3110215,회기역 1번,2080,1040,1040,78,339,799,265,189,410,37,133,418,149,111,192,41,206,381,116,78,218,1579,0,1579
20233,A,골목상권,3110216,전농중학교,1200,593,607,115,128,156,177,206,418,59,61,93,90,106,184,56,67,63,87,100,234,589,0,589
20233,A,골목상권,3110217,자동차부품상가,613,319,294,33,71,81,79,140,209,20,38,45,49,77,90,13,33,36,30,63,119,301,0,301
20233,A,골목상권,3110218,답십리사거리,2799,1418,1381,283,265,380,409,498,964,126,144,216,214,260,458,157,121,164,195,238,506,1289,0,1289
20233,A,골목상권,3110219,삼육보건대학교,6613,3372,3241,479,1092,1638,804,856,1744,252,512,962,447,397,802,227,580,676,357,459,942,4386,0,4386
20233,A,골목상권,3110220,외대앞역 1번,1939,976,963,87,316,478,246,257,555,46,132,271,137,140,250,41,184,207,109,117,305,1341,0,1341
20233,A,골목상권,3110221,의릉,977,458,519,80,129,188,168,149,263,36,54,90,95,71,112,44,75,98,73,78,151,565,0,565
20233,A,골목상권,3110222,회기역 2번,27,15,12,4,1,3,2,4,13,2,0,2,2,4,5,2,1,1,0,0,8,44,0,44
20233,A,골목상권,3110223,군자초등학교,1638,837,801,188,162,287,258,258,485,108,85,140,137,134,233,80,77,147,121,124,252,750,0,750
20233,A,골목상권,3110224,외대앞역 2번,1570,827,743,78,163,243,241,280,565,41,84,134,139,164,265,37,79,109,102,116,300,321,0,321
20233,A,골목상권,3110225,촬영소사거리,1339,690,649,101,170,171,179,247,471,46,88,97,96,129,234,55,82,74,83,118,237,603,0,603
20233,A,골목상권,3110226,장안1동주민센터,9890,5049,4841,904,970,1523,1573,1729,3191,457,515,788,856,887,1546,447,455,735,717,842,1645,5867,0,5867
20233,A,골목상권,3110227,답십리공원,749,370,379,68,92,102,96,150,241,38,37,50,52,80,113,30,55,52,44,70,128,380,0,380
20233,A,골목상권,3110228,장안근린공원,5180,2631,2549,373,614,645,693,913,1942,179,326,358,381,480,907,194,288,287,312,433,1035,2855,0,2855
20233,A,골목상권,3110229,장평중학교,7419,3695,3724,1054,617,1155,1364,1001,2228,553,311,565,716,495,1055,501,306,590,648,506,1173,3145,0,3145
20233,A,골목상권,3110230,장안현대홈타운1차아파트,2960,1492,1468,415,278,452,559,431,825,225,140,217,299,220,391,190,138,235,260,211,434,1685,0,1685
20233,A,골목상권,3110231,장안교,118,63,55,15,10,20,20,23,30,7,8,8,9,15,16,8,2,12,11,8,14,83,0,83
20233,A,골목상권,3110232,동대부고,2829,1441,1388,370,300,408,476,454,821,199,171,201,244,232,394,171,129,207,232,222,427,1455,0,1455
20233,A,골목상권,3110233,중랑역 1번,5266,2761,2505,386,508,841,709,960,1862,197,272,440,412,509,931,189,236,401,297,451,931,2875,0,2875
20233,A,골목상권,3110234,중랑역 4번,729,360,369,79,55,183,163,117,132,47,21,74,86,63,69,32,34,109,77,54,63,494,0,494
20233,A,골목상권,3110235,세화어린이공원,1418,794,624,93,134,184,200,287,520,48,78,105,118,167,278,45,56,79,82,120,242,799,0,799
20233,A,골목상권,3110236,신묵초등학교,7715,3884,3831,867,813,1293,1345,1217,2180,473,418,644,729,617,1003,394,395,649,616,600,1177,4017,0,4017
20233,A,골목상권,3110237,메가박스 상봉,4317,2148,2169,362,472,659,679,786,1359,176,231,326,379,419,617,186,241,333,300,367,742,2348,0,2348
20233,A,골목상권,3110238,배꽃어린이공원,1172,586,586,103,104,140,163,222,440,44,53,79,86,114,210,59,51,61,77,108,230,785,0,785
20233,A,골목상권,3110239,중랑역 2번,293,151,142,15,33,51,27,62,105,9,20,26,11,31,54,6,13,25,16,31,51,166,0,166
20233,A,골목상권,3110240,태릉시장 특화거리,1289,663,626,88,136,179,166,247,473,40,72,95,93,137,226,48,64,84,73,110,247,706,0,706
20233,A,골목상권,3110241,먹골역 5번,2629,1303,1326,230,271,427,420,437,844,120,115,216,227,231,394,110,156,211,193,206,450,1755,0,1755
20233,A,골목상권,3110242,면목5동주민센터,4308,2181,2127,494,464,594,640,792,1324,256,231,301,331,421,641,238,233,293,309,371,683,2108,0,2108
20233,A,골목상권,3110243,중랑노인종합복지관,4889,2474,2415,544,589,637,748,951,1420,265,283,330,412,487,697,279,306,307,336,464,723,2219,0,2219
20233,A,골목상권,3110244,중화역 4번,1073,560,513,88,111,171,161,172,370,53,62,83,91,96,175,35,49,88,70,76,195,847,0,847
20233,A,골목상권,3110245,KB국민은행 중화동지점,2503,1260,1243,194,272,338,320,477,902,105,126,177,181,245,426,89,146,161,139,232,476,1317,0,1317
20233,A,골목상권,3110246,월드순복음교회,2488,1240,1248,252,239,558,438,381,620,134,129,257,228,200,292,118,110,301,210,181,328,1591,0,1591
20233,A,골목상권,3110247,먹골역 1번,6235,3084,3151,571,590,1137,1069,934,1934,294,310,568,567,459,886,277,280,569,502,475,1048,3032,0,3032
20233,A,골목상권,3110248,먹골파출소,1465,761,704,138,143,247,214,221,502,75,81,128,122,118,237,63,62,119,92,103,265,810,0,810
20233,A,골목상권,3110249,중화역 1번,6619,3324,3295,698,745,1046,1020,1047,2063,347,399,546,531,528,973,351,346,500,489,519,1090,2908,0,2908
20233,A,골목상권,3110250,화랑대역 7번,1576,767,809,191,200,202,226,265,492,96,106,107,106,131,221,95,94,95,120,134,271,684,0,684
20233,A,골목상권,3110251,장안중학교,3901,1891,2010,387,470,666,527,629,1222,180,249,327,282,287,566,207,221,339,245,342,656,1895,0,1895
20233,A,골목상권,3110252,장안제일시장,4747,2416,2331,513,516,763,679,825,1451,253,258,405,352,429,719,260,258,358,327,396,732,2120,0,2120
20233,A,골목상권,3110253,중곡초등학교,3662,1848,1814,358,427,532,562,671,1112,193,223,262,298,346,526,165,204,270,264,325,586,1666,0,1666
20233,A,골목상권,3110254,오거리공원,7809,3930,3879,820,903,1042,1227,1397,2420,420,461,543,643,727,1136,400,442,499,584,670,1284,3458,0,3458
20233,A,골목상권,3110255,상봉역 4번,6496,3237,3259,543,591,1262,982,1097,2021,272,313,606,532,558,956,271,278,656,450,539,1065,3575,0,3575
20233,A,골목상권,3110256,면목2동체육관,8303,4279,4024,855,867,1216,1279,1495,2591,463,453,639,711,754,1259,392,414,577,568,741,1332,3930,0,3930
20233,A,골목상권,3110257,상봉역 7번,3869,1961,1908,427,403,600,572,620,1247,219,213,303,295,328,603,208,190,297,277,292,644,2178,0,2178
20233,A,골목상권,3110258,면동초등학교,5746,2931,2815,576,584,868,890,1062,1766,297,312,438,467,548,869,279,272,430,423,514,897,3214,0,3214
20233,A,골목상권,3110259,사가정역 1번,4080,2061,2019,358,396,709,699,647,1271,197,199,350,374,341,600,161,197,359,325,306,671,2160,0,2160
20233,A,골목상권,3110260,면목역 3번,2218,1133,1085,176,209,390,353,388,702,92,106,198,184,216,337,84,103,192,169,172,365,1261,0,1261
20233,A,골목상권,3110261,사가정역 4번,5043,2476,2567,442,539,837,811,829,1585,230,273,410,418,413,732,212,266,427,393,416,853,2655,0,2655
20233,A,골목상권,3110262,상봉역 3번,2915,1489,1426,310,228,528,457,429,963,167,135,269,261,203,454,143,93,259,196,226,509,2768,0,2768
20233,A,골목상권,3110263,면목역 1번,7265,3581,3684,695,804,1165,1108,1211,2282,331,409,603,608,599,1031,364,395,562,500,612,1251,3743,0,3743
20233,A,골목상권,3110264,면목역 2번,9684,4902,4782,841,1090,1730,1545,1648,2830,437,571,885,845,821,1343,404,519,845,700,827,1487,4953,0,4953
20233,A,골목상권,3110265,망우역 1번,1035,540,495,84,114,149,120,183,385,44,62,79,66,93,196,40,52,70,54,90,189,551,0,551
20233,A,골목상권,3110266,면목동우체국,5266,2589,2677,433,648,837,760,963,1625,206,348,439,394,473,729,227,300,398,366,490,896,2780,0,2780
20233,A,골목상권,3110267,망우역 2번,4466,2222,2244,532,518,686,733,699,1298,292,268,345,381,342,594,240,250,341,352,357,704,2073,0,2073
20233,A,골목상권,3110268,망우3동주민센터,2588,1293,1295,248,312,363,382,469,814,112,163,185,195,245,393,136,149,178,187,224,421,1439,0,1439
20233,A,골목상권,3110269,용마문화복지센터,1355,701,654,103,179,181,171,249,472,47,80,97,96,144,237,56,99,84,75,105,235,841,0,841
20233,A,골목상권,3110270,혜원여고,1235,592,643,128,155,175,169,216,392,56,81,91,79,108,177,72,74,84,90,108,215,550,0,550
20233,A,골목상권,3110271,신내역 1번,138,74,64,13,12,23,23,14,53,7,8,10,15,4,30,6,4,13,8,10,23,125,0,125
20233,A,골목상권,3110272,신내1동주민센터,3548,1733,1815,457,415,462,541,616,1057,231,229,206,284,310,473,226,186,256,257,306,584,1656,0,1656
20233,A,골목상권,3110273,장스여성병원,2369,1266,1103,161,269,340,293,418,888,80,145,198,165,219,459,81,124,142,128,199,429,1186,0,1186
20233,A,골목상권,3110274,서일대학교,6866,3490,3376,755,807,913,972,1264,2155,379,412,469,521,663,1046,376,395,444,451,601,1109,3294,0,3294
20233,A,골목상권,3110275,하나은행 망우동지점,896,476,420,70,93,121,118,159,335,39,52,54,69,95,167,31,41,67,49,64,168,487,0,487
20233,A,골목상권,3110276,신내IC북측,366,196,170,45,30,42,68,54,127,24,19,23,40,29,61,21,11,19,28,25,66,256,0,256
20233,A,골목상권,3110277,러스크서울병원,3593,1856,1737,329,415,512,516,598,1223,178,224,272,275,306,601,151,191,240,241,292,622,1806,0,1806
20233,A,골목상권,3110278,망우본동주민센터,3928,2053,1875,273,501,495,483,726,1450,142,271,262,269,377,732,131,230,233,214,349,718,2334,0,2334
20233,A,골목상권,3110279,신내역 2번,25,15,10,3,2,0,4,7,9,0,1,0,2,5,7,3,1,0,2,2,2,25,0,25
20233,A,골목상권,3110280,북정마을,713,356,357,47,71,85,110,102,298,28,38,37,61,56,136,19,33,48,49,46,162,378,0,378
20233,A,골목상권,3110281,길상사,912,459,453,106,91,123,125,155,312,70,42,62,58,79,148,36,49,61,67,76,164,486,0,486
20233,A,골목상권,3110282,국민대학교앞,676,330,346,67,106,129,74,79,221,26,48,76,40,42,98,41,58,53,34,37,123,473,0,473
20233,A,골목상권,3110283,성북초등학교앞,518,243,275,52,56,64,89,97,160,22,27,34,45,46,69,30,29,30,44,51,91,244,0,244
20233,A,골목상권,3110284,정릉북한산국립공원입구,1404,722,682,129,209,163,165,235,503,75,116,79,84,118,250,54,93,84,81,117,253,609,0,609
20233,A,골목상권,3110285,홍대부중,2137,1042,1095,248,243,295,388,383,580,135,139,149,175,200,244,113,104,146,213,183,336,897,0,897
20233,A,골목상권,3110286,한성대입구역 5번,2598,1223,1375,190,263,512,417,452,764,90,129,241,206,214,343,100,134,271,211,238,421,1433,0,1433
20233,A,골목상권,3110287,정릉3동주민센터,1888,990,898,132,328,349,210,306,563,68,168,234,111,148,261,64,160,115,99,158,302,1036,0,1036
20233,A,골목상권,3110288,동구여중,1648,790,858,178,210,232,253,276,499,86,113,115,127,128,221,92,97,117,126,148,278,889,0,889
20233,A,골목상권,3110289,북한산보국문역 2번,4966,2453,2513,489,645,702,720,760,1650,257,320,377,382,396,721,232,325,325,338,364,929,2448,0,2448
20233,A,골목상권,3110290,북한산보국문역 1번,1428,729,699,124,171,180,207,219,527,76,88,103,112,112,238,48,83,77,95,107,289,682,0,682
20233,A,골목상권,3110291,한성대입구역 3번,4426,2124,2302,354,576,826,696,684,1290,182,286,407,360,325,564,172,290,419,336,359,726,2385,0,2385
20233,A,골목상권,3110292,정릉역 2번,560,273,287,22,37,38,54,107,302,10,17,23,30,58,135,12,20,15,24,49,167,333,0,333
20233,A,골목상권,3110293,삼선중학교,2527,1171,1356,256,289,586,408,387,601,128,137,245,210,179,272,128,152,341,198,208,329,1340,0,1340
20233,A,골목상권,3110294,서경대학교,7169,3527,3642,792,883,1021,1088,1130,2255,427,444,523,570,542,1021,365,439,498,518,588,1234,3065,0,3065
20233,A,골목상권,3110295,정릉우체국,4685,2307,2378,530,487,632,734,694,1608,282,252,341,383,333,716,248,235,291,351,361,892,2294,0,2294
20233,A,골목상권,3110296,성신여대입구역 4번,1902,870,1032,238,224,294,303,313,530,118,100,134,142,155,221,120,124,160,161,158,309,952,0,952
20233,A,골목상권,3110297,경동고등학교,6534,3135,3399,559,808,1388,999,1042,1738,300,384,680,501,511,759,259,424,708,498,531,979,3502,0,3502
20233,A,골목상권,3110298,솔숲어린이공원,732,368,364,67,88,83,103,128,263,40,47,49,46,60,126,27,41,34,57,68,137,323,0,323
20233,A,골목상권,3110299,정릉역 1번,3547,1751,1796,364,381,455,506,543,1298,191,191,233,267,286,583,173,190,222,239,257,715,1690,0,1690
20233,A,골목상권,3110300,삼선동주민센터,2912,1235,1677,127,409,829,388,381,778,70,137,316,189,184,339,57,272,513,199,197,439,3186,0,3186
20233,A,골목상권,3110301,성신여대입구역 7번,3589,1650,1939,253,416,898,558,460,1004,134,175,405,292,221,423,119,241,493,266,239,581,2066,0,2066
20233,A,골목상권,3110302,보문역 8번,2263,1109,1154,186,213,457,368,341,698,95,112,229,199,174,300,91,101,228,169,167,398,1187,0,1187
20233,A,골목상권,3110303,성신여대입구역 1번,3389,1399,1990,205,448,964,443,416,913,100,115,367,210,199,408,105,333,597,233,217,505,2158,0,2158
20233,A,골목상권,3110304,보문역 4번,395,181,214,22,45,136,65,47,80,11,18,65,30,23,34,11,27,71,35,24,46,1203,0,1203
20233,A,골목상권,3110305,보문역 5번,779,412,367,55,84,175,100,119,246,33,40,102,59,62,116,22,44,73,41,57,130,2282,0,2282
20233,A,골목상권,3110306,미아초등학교,930,456,474,122,89,135,142,124,318,68,40,74,72,65,137,54,49,61,70,59,181,526,0,526
20233,A,골목상권,3110307,길음역 7번,226,112,114,48,24,36,50,35,33,21,15,14,27,21,14,27,9,22,23,14,19,121,0,121
20233,A,골목상권,3110308,길음역 8번,1086,541,545,80,106,142,160,171,427,44,50,82,82,95,188,36,56,60,78,76,239,556,0,556
20233,A,골목상권,3110309,대광초등학교,1377,708,669,77,159,323,198,219,401,40,70,184,122,105,187,37,89,139,76,114,214,825,0,825
20233,A,골목상권,3110310,길음역 10번,263,94,169,14,34,48,41,47,79,4,13,11,27,14,25,10,21,37,14,33,54,168,0,168
20233,A,골목상권,3110311,종암아이파크2차후문,1189,618,571,104,146,174,164,225,376,55,85,97,87,112,182,49,61,77,77,113,194,542,0,542
20233,A,골목상권,3110312,안암역 2번,934,491,443,18,223,370,82,68,173,9,103,215,50,36,78,9,120,155,32,32,95,1306,0,1306
20233,A,골목상권,3110313,안암역 3번,568,354,214,16,113,245,55,52,87,8,58,172,39,32,45,8,55,73,16,20,42,968,0,968
20233,A,골목상권,3110314,종암경찰서,1052,535,517,102,120,198,139,150,343,51,57,102,84,75,166,51,63,96,55,75,177,615,0,615
20233,A,골목상권,3110315,종암아이파크2차,3110,1521,1589,255,402,549,450,529,925,132,201,296,226,253,413,123,201,253,224,276,512,1486,0,1486
20233,A,골목상권,3110316,숭곡초등학교,4741,2330,2411,447,433,575,698,775,1813,219,234,292,364,412,809,228,199,283,334,363,1004,2347,0,2347
20233,A,골목상권,3110317,종암중학교,2192,1237,955,128,289,747,258,234,536,67,153,490,147,129,251,61,136,257,111,105,285,1588,0,1588
20233,A,골목상권,3110318,KT월곡지사,1456,742,714,152,148,206,243,208,499,94,80,105,138,106,219,58,68,101,105,102,280,884,0,884
20233,A,골목상권,3110319,종암동주민센터,2991,1415,1576,221,242,335,326,479,1388,122,122,174,171,242,584,99,120,161,155,237,804,1909,0,1909
20233,A,골목상권,3110320,KB국민은행 종암동지점,925,476,449,119,123,153,116,169,245,70,64,93,59,73,117,49,59,60,57,96,128,477,0,477
20233,A,골목상권,3110321,동덕여대,214,110,104,19,36,50,24,31,54,9,15,28,12,18,28,10,21,22,12,13,26,133,0,133
20233,A,골목상권,3110322,장위1동주민센터,2307,1112,1195,286,310,340,327,409,635,137,153,174,169,189,290,149,157,166,158,220,345,1288,0,1288
20233,A,골목상권,3110323,상월곡역 1번,2012,932,1080,156,316,366,244,331,599,88,95,167,133,181,268,68,221,199,111,150,331,1417,0,1417
20233,A,골목상권,3110324,월곡역 4번,656,322,334,19,83,135,66,100,253,11,29,72,33,56,121,8,54,63,33,44,132,481,0,481
20233,A,골목상권,3110325,장곡초등학교,3172,1586,1586,340,377,418,412,554,1071,183,205,226,219,275,478,157,172,192,193,279,593,1632,0,1632
20233,A,골목상권,3110326,장위동성당,1545,751,794,194,221,164,221,289,456,101,112,87,109,142,200,93,109,77,112,147,256,597,0,597
20233,A,골목상권,3110327,상월곡역 2번,3612,1823,1789,338,425,453,506,639,1251,174,220,240,279,316,594,164,205,213,227,323,657,1591,0,1591
20233,A,골목상권,3110328,상월곡역 3번,1950,1014,936,153,200,272,306,302,717,80,112,150,176,161,335,73,88,122,130,141,382,1208,0,1208
20233,A,골목상권,3110329,우리은행체육관,2675,1343,1332,251,303,329,373,438,981,127,155,178,199,210,474,124,148,151,174,228,507,1219,0,1219
20233,A,골목상권,3110330,돌곶이역 1번,2045,1034,1011,196,234,271,280,361,703,97,122,147,152,190,326,99,112,124,128,171,377,928,0,928
20233,A,골목상권,3110331,돌곶이역 8번,3234,1588,1646,272,405,523,477,534,1023,155,197,266,239,261,470,117,208,257,238,273,553,1801,0,1801
20233,A,골목상권,3110332,돌곶이역 3번,743,398,345,63,71,95,121,140,253,30,38,52,65,81,132,33,33,43,56,59,121,481,0,481
20233,A,골목상권,3110333,돌곶이역 5번,1229,600,629,111,144,184,190,190,410,50,67,100,96,85,202,61,77,84,94,105,208,680,0,680
20233,A,골목상권,3110334,석관중앙교회,3034,1526,1508,247,350,395,387,542,1113,138,176,215,198,282,517,109,174,180,189,260,596,1359,0,1359
20233,A,골목상권,3110335,석계역 7번,4330,2201,2129,330,442,696,653,755,1454,176,225,356,355,367,722,154,217,340,298,388,732,2385,0,2385
20232,R,전통시장,3130254,남서울상가,4,4,0,0,0,0,0,0,4,0,0,0,0,0,4,0,0,0,0,0,0,2,0,2
20233,A,골목상권,3110336,석관고등학교,2293,1170,1123,179,264,320,305,428,797,95,144,177,164,204,386,84,120,143,141,224,411,1121,0,1121
20233,A,골목상권,3110337,아카데미하우스,2659,1286,1373,346,305,315,393,432,868,176,164,151,186,208,401,170,141,164,207,224,467,1196,0,1196
20233,A,골목상권,3110338,인수초등학교,2381,1195,1186,176,223,249,307,444,982,89,131,118,166,224,467,87,92,131,141,220,515,1213,0,1213
20233,A,골목상권,3110339,국립4.19민주묘지,15,7,8,0,1,0,2,2,10,0,1,0,2,0,4,0,0,0,0,2,6,20,0,20
20233,A,골목상권,3110340,인수중학교,1661,834,827,165,196,222,214,299,565,70,115,105,123,150,271,95,81,117,91,149,294,687,0,687
20233,A,골목상권,3110341,북한산우이역 2번,2263,1100,1163,223,247,259,284,397,853,115,132,124,152,191,386,108,115,135,132,206,467,988,0,988
20233,A,골목상권,3110342,국립재활원,2743,1329,1414,294,340,360,384,461,904,145,166,185,199,222,412,149,174,175,185,239,492,1187,0,1187
20233,A,골목상권,3110343,무너미어린이공원,4511,2169,2342,596,536,561,700,761,1357,298,265,270,366,355,615,298,271,291,334,406,742,1981,0,1981
20233,A,골목상권,3110344,화계중학교,1201,621,580,122,121,160,185,181,432,70,66,86,103,83,213,52,55,74,82,98,219,509,0,509
20233,A,골목상권,3110345,솔밭공원역 2번,2834,1383,1451,332,296,331,431,473,971,169,145,165,234,237,433,163,151,166,197,236,538,1405,0,1405
20233,A,골목상권,3110346,4.19민주묘지역 2번,1247,596,651,135,121,134,190,190,477,73,57,62,93,95,216,62,64,72,97,95,261,618,0,618
20233,A,골목상권,3110347,구세군강북종합사회복지관,1479,751,728,127,209,216,207,293,427,77,101,114,113,141,205,50,108,102,94,152,222,644,0,644
20233,A,골목상권,3110348,강북문화예술회관,4200,2029,2171,414,414,546,607,638,1581,204,217,274,312,324,698,210,197,272,295,314,883,1800,0,1800
20233,A,골목상권,3110349,화계역 2번,1028,512,516,112,104,143,161,173,335,71,56,63,95,85,142,41,48,80,66,88,193,511,0,511
20233,A,골목상권,3110350,가오리역 2번,2933,1444,1489,348,305,393,448,475,964,174,174,202,233,238,423,174,131,191,215,237,541,1299,0,1299
20233,A,골목상권,3110351,수유북부시장옆,3235,1578,1657,303,425,411,406,565,1125,158,216,199,227,270,508,145,209,212,179,295,617,1406,0,1406
20233,A,골목상권,3110352,수유1동주민센터,5051,2516,2535,550,562,608,791,804,1736,269,296,328,425,397,801,281,266,280,366,407,935,2418,0,2418
20233,A,골목상권,3110353,수유동우체국,2158,1076,1082,181,219,310,308,359,781,95,115,159,183,179,345,86,104,151,125,180,436,1100,0,1100
20233,A,골목상권,3110354,삼각산119안전센터,221,106,115,46,22,14,57,36,46,21,10,6,28,21,20,25,12,8,29,15,26,159,0,159
20233,A,골목상권,3110355,삼양사거리역 2번,3439,1718,1721,242,391,399,420,641,1346,130,200,220,229,339,600,112,191,179,191,302,746,1654,0,1654
20233,A,골목상권,3110356,덕수교,3110,1528,1582,275,423,390,454,521,1047,140,210,208,237,239,494,135,213,182,217,282,553,1631,0,1631
20233,A,골목상권,3110357,가오리역 1번,1747,900,847,155,190,203,258,306,635,71,114,122,139,154,300,84,76,81,119,152,335,809,0,809
20233,A,골목상권,3110358,인수동 우편취급국,3656,1798,1858,288,364,602,587,583,1232,141,188,313,314,302,540,147,176,289,273,281,692,1850,0,1850
20233,A,골목상권,3110359,수유시장옆,6671,3331,3340,584,679,1108,1022,1064,2214,306,381,569,561,503,1011,278,298,539,461,561,1203,3291,0,3291
20233,A,골목상권,3110360,수유초등학교,3937,1933,2004,376,413,636,594,608,1310,182,221,301,335,296,598,194,192,335,259,312,712,2172,0,2172
20233,A,골목상권,3110361,삼양사거리역 1번,2599,1318,1281,228,263,351,352,440,965,112,145,173,210,223,455,116,118,178,142,217,510,1292,0,1292
20233,A,골목상권,3110362,우이천 계성교,5208,2524,2684,522,563,728,787,860,1748,264,305,391,404,423,737,258,258,337,383,437,1011,2541,0,2541
20233,A,골목상권,3110363,송천동주민센터,1137,581,556,30,71,84,144,207,601,17,32,49,83,117,283,13,39,35,61,90,318,669,0,669
20233,A,골목상권,3110364,미아역 8번,4491,2231,2260,369,457,683,659,766,1557,200,241,372,337,380,701,169,216,311,322,386,856,2314,0,2314
20233,A,골목상권,3110365,미아역 5번,4908,2356,2552,438,508,707,779,830,1646,211,253,349,400,382,761,227,255,358,379,448,885,2432,0,2432
20233,A,골목상권,3110366,광산사거리,2163,1082,1081,167,223,329,316,359,769,85,112,170,177,187,351,82,111,159,139,172,418,1091,0,1091
20233,A,골목상권,3110367,강북구청,1918,914,1004,124,197,330,307,283,677,59,92,164,167,133,299,65,105,166,140,150,378,1041,0,1041
20233,A,골목상권,3110368,송천초등학교,4067,2046,2021,308,446,554,511,768,1480,159,240,309,270,388,680,149,206,245,241,380,800,1910,0,1910
20233,A,골목상권,3110369,성신여대운정그린캠퍼스,4494,2201,2293,326,499,715,628,706,1620,174,216,361,335,370,745,152,283,354,293,336,875,2544,0,2544
20233,A,골목상권,3110370,도봉세무서,3153,1560,1593,235,350,434,468,522,1144,119,185,229,242,255,530,116,165,205,226,267,614,1495,0,1495
20233,A,골목상권,3110371,삼양입구사거리,1716,858,858,98,189,258,207,321,643,50,103,122,118,164,301,48,86,136,89,157,342,930,0,930
20233,A,골목상권,3110372,강북중학교,2725,1350,1375,178,298,502,385,472,890,96,155,267,203,229,400,82,143,235,182,243,490,1632,0,1632
20233,A,골목상권,3110373,수유역 2번,3609,1745,1864,200,382,651,597,594,1185,104,175,320,317,295,534,96,207,331,280,299,651,2096,0,2096
20233,A,골목상권,3110374,송중초등학교,5837,2943,2894,471,612,806,856,1001,2091,238,328,446,469,504,958,233,284,360,387,497,1133,2617,0,2617
20233,A,골목상권,3110375,서울북부고용노동지청,2257,1129,1128,193,275,287,324,388,790,98,147,154,168,213,349,95,128,133,156,175,441,1138,0,1138
20233,A,골목상권,3110376,수송초등학교,8107,4028,4079,756,921,1181,1286,1342,2621,407,480,569,662,727,1183,349,441,612,624,615,1438,4334,0,4334
20233,A,골목상권,3110377,미아사거리역 3번,944,479,465,55,81,141,132,178,357,30,40,76,76,91,166,25,41,65,56,87,191,510,0,510
20233,A,골목상권,3110378,송중동주민센터,1918,970,948,158,216,286,287,320,651,89,120,151,147,161,302,69,96,135,140,159,349,982,0,982
20233,A,골목상권,3110379,KT&G 북부지사,1003,535,468,75,107,136,131,176,378,39,64,77,72,96,187,36,43,59,59,80,191,497,0,497
20233,A,골목상권,3110380,강북문화정보도서관,2622,1271,1351,262,313,330,419,444,854,135,162,169,225,204,376,127,151,161,194,240,478,1043,0,1043
20233,A,골목상권,3110381,번동주공2단지,1186,592,594,95,173,108,176,156,478,49,86,59,102,92,204,46,87,49,74,64,274,438,0,438
20233,A,골목상권,3110382,솔밭공원역 1번,670,322,348,83,98,89,115,99,186,44,47,45,58,53,75,39,51,44,57,46,111,376,0,376
20233,A,골목상권,3110383,덕성여대시반거리,614,285,329,75,72,78,103,92,194,44,32,26,48,44,91,31,40,52,55,48,103,358,0,358
20233,A,골목상권,3110384,문이교,1052,520,532,80,125,136,123,181,407,44,70,71,55,78,202,36,55,65,68,103,205,568,0,568
20233,A,골목상권,3110385,효문고등학교,1749,857,892,155,230,188,216,313,647,68,105,99,116,167,302,87,125,89,100,146,345,786,0,786
20233,A,골목상권,3110386,연산군묘,372,185,187,45,41,34,69,52,131,28,16,17,34,31,59,17,25,17,35,21,72,149,0,149
20233,A,골목상권,3110387,쌍문초등학교,5438,2707,2731,630,667,722,832,898,1689,315,350,381,428,445,788,315,317,341,404,453,901,2276,0,2276
20233,A,골목상권,3110388,도봉우체국,3076,1510,1566,367,333,433,539,474,930,191,166,226,277,221,429,176,167,207,262,253,501,1192,0,1192
20233,A,골목상권,3110389,한일병원,1010,497,513,63,108,168,165,156,350,32,56,81,90,75,163,31,52,87,75,81,187,561,0,561
20233,A,골목상권,3110390,방학초등학교,1396,686,710,147,193,184,184,262,426,77,102,99,86,121,201,70,91,85,98,141,225,746,0,746
20233,A,골목상권,3110391,샘말어린이공원,5239,2618,2621,587,694,664,757,871,1666,295,376,359,382,439,767,292,318,305,375,432,899,2152,0,2152
20233,A,골목상권,3110392,발바닥공원,171,83,88,17,25,22,24,38,45,7,12,12,11,19,22,10,13,10,13,19,23,53,0,53
20233,A,골목상권,3110393,국민은행방학지점,267,138,129,26,31,34,31,44,101,18,19,18,15,22,46,8,12,16,16,22,55,89,0,89
20233,A,골목상권,3110394,방학중학교,7266,3703,3563,664,865,881,1024,1352,2480,348,460,490,547,714,1144,316,405,391,477,638,1336,3411,0,3411
20233,A,골목상권,3110395,신한은행 방학동지점,1590,805,785,120,200,222,208,298,542,68,113,114,117,133,260,52,87,108,91,165,282,687,0,687
20233,A,골목상권,3110396,쌍문역1번(쌍리단길),2209,1064,1145,135,237,358,371,371,737,64,120,176,193,179,332,71,117,182,178,192,405,1149,0,1149
20233,A,골목상권,3110397,도봉산입구,8097,4064,4033,726,891,1015,1110,1246,3109,358,472,542,614,603,1475,368,419,473,496,643,1634,3609,0,3609
20233,A,골목상권,3110398,쌍문2동우체국,3261,1610,1651,338,384,543,495,502,999,192,180,277,263,238,460,146,204,266,232,264,539,1349,0,1349
20233,A,골목상권,3110399,창2동주민센터,8808,4307,4501,1194,1126,1201,1431,1533,2323,605,576,600,718,741,1067,589,550,601,713,792,1256,3469,0,3469
20233,A,골목상권,3110400,도봉구보건소,4140,2022,2118,447,472,589,595,661,1376,239,231,290,319,317,626,208,241,299,276,344,750,1925,0,1925
20233,A,골목상권,3110401,도봉구민회관,775,391,384,73,102,109,118,125,248,37,60,57,65,60,112,36,42,52,53,65,136,338,0,338
20233,A,골목상권,3110402,도봉구 정병원,2998,1506,1492,271,331,403,437,490,1066,149,180,213,225,252,487,122,151,190,212,238,579,1499,0,1499
20233,A,골목상권,3110403,방학1동주민센터,6580,3303,3277,523,753,872,890,1184,2358,269,402,465,480,614,1073,254,351,407,410,570,1285,3104,0,3104
20233,A,골목상권,3110404,신창초등학교,10836,5515,5321,1137,1355,1350,1554,1948,3492,610,722,726,831,984,1642,527,633,624,723,964,1850,4828,0,4828
20233,A,골목상권,3110405,방학역 1번,7456,3813,3643,582,894,907,1070,1315,2688,307,469,462,596,680,1299,275,425,445,474,635,1389,3425,0,3425
20233,A,골목상권,3110406,도봉산역 1번,1518,785,733,121,142,204,221,229,601,58,75,98,126,132,296,63,67,106,95,97,305,780,0,780
20233,A,골목상권,3110407,도봉역 2번,6902,3562,3340,474,728,874,922,1259,2645,241,408,467,509,653,1284,233,320,407,413,606,1361,3354,0,3354
20231,A,골목상권,3110003,세검정초등학교,2926,1417,1509,331,413,381,381,533,887,165,206,210,180,237,419,166,207,171,201,296,468,1100,0,1100
20231,A,골목상권,3110001,이북5도청사,1011,475,536,116,130,122,119,171,353,66,59,70,53,73,154,50,71,52,66,98,199,368,0,368
20231,A,골목상권,3110002,독립문역 1번,663,326,337,52,60,53,79,111,308,30,31,23,44,58,140,22,29,30,35,53,168,338,0,338
20231,A,골목상권,3110004,대신고등학교,529,259,270,51,55,57,78,94,194,28,32,28,39,49,83,23,23,29,39,45,111,256,0,256
20231,A,골목상권,3110007,사직공원(한국사회과학도서관),2073,950,1123,256,225,309,330,332,621,123,112,136,168,142,269,133,113,173,162,190,352,860,0,860
20231,A,골목상권,3110008,배화여자대학교(박노수미술관),5038,2280,2758,621,598,669,863,875,1412,308,266,314,382,417,593,313,332,355,481,458,819,2081,0,2081
20231,A,골목상권,3110009,자하문터널,1622,787,835,159,207,221,257,302,476,95,114,117,114,129,218,64,93,104,143,173,258,656,0,656
20231,A,골목상권,3110010,평창동서측,3015,1401,1614,295,368,395,409,517,1031,158,190,193,188,223,449,137,178,202,221,294,582,1287,0,1287
20232,R,전통시장,3130306,강남언주로,466,233,233,20,30,144,93,69,110,10,15,69,51,35,53,10,15,75,42,34,57,274,0,274
20232,R,전통시장,3130307,도곡시장,26,12,14,3,5,2,4,6,6,2,3,1,1,2,3,1,2,1,3,4,3,12,0,12
20232,R,전통시장,3130308,청담삼익시장,154,74,80,11,16,22,11,27,67,6,8,9,5,12,34,5,8,13,6,15,33,4,0,4
20232,R,전통시장,3130309,은마종합상점가,610,313,297,64,147,57,61,165,116,34,85,30,27,77,60,30,62,27,34,88,56,171,0,171
20232,R,전통시장,3130310,강남개포시장,38,25,13,0,5,7,6,7,13,0,2,5,2,6,10,0,3,2,4,1,3,83,0,83
20232,R,전통시장,3130311,새마을시장,2423,1199,1224,174,205,484,392,352,816,90,101,238,222,175,373,84,104,246,170,177,443,1367,0,1367
20232,R,전통시장,3130312,석촌시장,976,487,489,83,94,178,160,146,315,42,48,69,87,81,160,41,46,109,73,65,155,524,0,524
20232,R,전통시장,3130313,방이시장,5719,2765,2954,654,611,1053,1062,857,1482,340,302,503,550,415,655,314,309,550,512,442,827,2702,0,2702
20232,R,전통시장,3130314,풍납시장,4699,2280,2419,349,456,679,692,801,1722,168,222,344,367,395,784,181,234,335,325,406,938,2071,0,2071
20232,R,전통시장,3130315,문정동 로데오거리 상점가(문정동 로데오거리),1349,709,640,102,158,215,201,246,427,60,94,110,101,123,221,42,64,105,100,123,206,687,0,687
20232,R,전통시장,3130316,마천시장,144,74,70,16,13,20,20,20,55,9,6,12,7,11,29,7,7,8,13,9,26,58,0,58
20232,R,전통시장,3130317,마천중앙시장,1200,630,570,125,103,157,175,202,438,55,55,91,92,121,216,70,48,66,83,81,222,536,0,536
20232,R,전통시장,3130325,명일전통시장,2089,1038,1051,344,279,238,346,331,551,189,140,128,153,170,258,155,139,110,193,161,293,697,0,697
20232,R,전통시장,3130326,고덕 골목형상점가,124,59,65,4,16,15,15,21,53,0,12,7,8,9,23,4,4,8,7,12,30,579,0,579
20232,R,전통시장,3130327,"평화시장(남평화시장, 제일평화시장, 신평화패션타운)",2,2,0,0,0,1,0,0,1,0,0,1,0,0,1,0,0,0,0,0,0,3,0,3
20232,U,관광특구,3001491,이태원 관광특구,5337,2516,2821,315,322,963,882,866,1989,156,152,510,451,417,830,159,170,453,431,449,1159,3300,0,3300
20232,U,관광특구,3001492,명동 남대문 북창동 다동 무교동 관광특구,600,365,235,13,20,62,76,113,316,7,10,38,51,67,192,6,10,24,25,46,124,494,0,494
20231,A,골목상권,3110005,세검정,2153,1046,1107,243,308,267,285,410,640,133,171,138,124,181,299,110,137,129,161,229,341,823,0,823
20231,A,골목상권,3110006,부암동주민센터,671,329,342,46,68,70,66,127,294,27,40,37,28,65,132,19,28,33,38,62,162,348,0,348
20231,A,골목상권,3110011,청운초등학교,432,204,228,59,67,44,71,83,108,33,41,17,30,36,47,26,26,27,41,47,61,153,0,153
20231,A,골목상권,3110012,성곡미술관,1916,878,1038,262,212,252,312,358,520,138,94,123,131,159,233,124,118,129,181,199,287,758,0,758
20231,A,골목상권,3110013,체부동홍종문가옥,292,137,155,25,30,53,54,46,84,16,15,19,29,19,39,9,15,34,25,27,45,165,0,165
20231,A,골목상권,3110014,경복고등학교,916,447,469,87,122,82,125,165,335,48,76,38,54,79,152,39,46,44,71,86,183,443,0,443
20231,A,골목상권,3110015,청와대사랑채,672,309,363,89,83,94,112,120,174,48,40,38,50,51,82,41,43,56,62,69,92,262,0,262
20231,A,골목상권,3110016,평창동동측,1988,982,1006,217,199,253,247,295,777,118,112,142,125,131,354,99,87,111,122,164,423,733,0,733
20231,A,골목상권,3110017,정독도서관,700,341,359,99,73,76,111,126,215,59,42,35,50,61,94,40,31,41,61,65,121,292,0,292
20231,A,골목상권,3110018,중앙고등학교,2897,1357,1540,278,340,383,489,520,887,131,164,185,222,258,397,147,176,198,267,262,490,1244,0,1244
20231,A,골목상권,3110019,창덕궁,271,150,121,11,16,30,37,45,132,4,8,18,22,30,68,7,8,12,15,15,64,168,0,168
20231,A,골목상권,3110020,서울국제고등학교,4097,2131,1966,312,589,953,537,556,1150,149,289,615,282,285,511,163,300,338,255,271,639,2161,0,2161
20231,A,골목상권,3110021,성균관대학교,1851,925,926,129,316,522,230,207,447,70,121,298,117,103,216,59,195,224,113,104,231,1100,0,1100
20231,A,골목상권,3110022,경신고등학교,1513,742,771,187,235,281,254,224,332,96,118,158,121,107,142,91,117,123,133,117,190,723,0,723
20231,A,골목상권,3110023,서울대병원,681,301,380,47,60,233,106,76,159,24,31,96,49,35,66,23,29,137,57,41,93,394,0,394
20231,A,골목상권,3110024,혜회동주민센터,980,436,544,100,170,194,138,144,234,53,78,86,53,63,103,47,92,108,85,81,131,483,0,483
20231,A,골목상권,3110025,충신시장옆,523,280,243,32,51,96,78,86,180,18,31,53,45,46,87,14,20,43,33,40,93,270,0,270
20231,A,골목상권,3110026,종로5가역 4번,130,61,69,7,13,16,13,24,57,0,8,4,7,11,31,7,5,12,6,13,26,66,0,66
20231,A,골목상권,3110027,혜화역 1번,2999,1400,1599,262,347,594,470,455,871,116,159,298,237,223,367,146,188,296,233,232,504,1417,0,1417
20231,A,골목상권,3110028,이화달팽이길,4475,2311,2164,254,679,787,518,817,1420,120,386,412,293,414,686,134,293,375,225,403,734,2310,0,2310
20231,A,골목상권,3110029,동대문역 1번,6133,3169,2964,458,788,794,763,1261,2069,253,414,422,430,663,987,205,374,372,333,598,1082,2694,0,2694
20231,A,골목상권,3110030,동대문역 3번,239,122,117,14,21,40,25,52,87,7,12,26,10,27,40,7,9,14,15,25,47,134,0,134
20231,A,골목상권,3110031,창신역 1번,350,180,170,26,41,56,38,65,124,14,21,35,19,28,63,12,20,21,19,37,61,166,0,166
20231,A,골목상권,3110032,수족관거리,32,15,17,1,2,4,5,8,12,0,0,2,4,5,4,1,2,2,1,3,8,20,0,20
20231,A,골목상권,3110033,창신역 4번,2222,1111,1111,182,228,304,323,411,774,98,119,159,173,210,352,84,109,145,150,201,422,1049,0,1049
20231,A,골목상권,3110034,창신1동주민센터,330,192,138,1,2,6,27,60,234,0,1,2,15,35,139,1,1,4,12,25,95,296,0,296
20231,A,골목상권,3110035,동묘앞역 2번,3851,1990,1861,241,391,543,511,758,1407,138,189,284,283,403,693,103,202,259,228,355,714,2007,0,2007
20231,A,골목상권,3110036,동묘앞역 3번,162,102,60,3,10,38,22,28,61,1,4,26,16,16,39,2,6,12,6,12,22,116,0,116
20231,A,골목상권,3110037,신설동역 12번,1645,801,844,128,159,233,243,281,601,67,78,117,129,139,271,61,81,116,114,142,330,779,0,779
20231,A,골목상권,3110038,경향신문사,15,12,3,2,0,3,2,2,6,2,0,3,2,2,3,0,0,0,0,0,3,11,0,11
20231,A,골목상권,3110039,회현역 1번,92,53,39,8,10,5,13,16,40,7,2,4,11,10,19,1,8,1,2,6,21,55,0,55
20231,A,골목상권,3110040,중구회현체육센터(정화예술대남산캠퍼스),1084,503,581,73,92,141,163,157,458,32,48,73,86,77,187,41,44,68,77,80,271,539,0,539
20231,A,골목상권,3110041,남산케이블카,765,386,379,81,61,132,126,125,240,40,33,79,66,65,103,41,28,53,60,60,137,413,0,413
20231,A,골목상권,3110042,남산골공원옆,934,456,478,81,73,175,140,141,324,39,33,91,70,75,148,42,40,84,70,66,176,450,0,450
20231,A,골목상권,3110043,충무초등학교,2059,1095,964,161,339,622,262,241,434,83,144,394,143,125,206,78,195,228,119,116,228,1243,0,1243
20231,A,골목상권,3110044,관성묘,259,119,140,23,29,54,46,37,70,12,13,29,25,15,25,11,16,25,21,22,45,131,0,131
20231,A,골목상권,3110045,동대문역사문화공원역 5번,999,495,504,67,89,170,130,141,402,36,39,94,69,74,183,31,50,76,61,67,219,514,0,514
20231,A,골목상권,3110046,버티고개,4037,2045,1992,351,473,706,637,648,1222,196,256,398,335,318,542,155,217,308,302,330,680,1637,0,1637
20231,A,골목상권,3110047,다산성곽길,3006,1461,1545,249,336,410,421,532,1058,128,176,215,200,278,464,121,160,195,221,254,594,1331,0,1331
20231,A,골목상권,3110048,장충동주민센터,2658,1284,1374,257,291,498,419,425,768,133,146,247,205,203,350,124,145,251,214,222,418,1226,0,1226
20231,A,골목상권,3110049,장충단 고개,2063,964,1099,231,231,436,360,306,499,112,112,204,177,137,222,119,119,232,183,169,277,984,0,984
20231,A,골목상권,3110050,약수역 7번,850,391,459,62,93,150,117,137,291,32,49,59,53,74,124,30,44,91,64,63,167,393,0,393
20231,A,골목상권,3110051,한양공고앞 교차로,1236,641,595,88,117,178,159,231,463,41,59,101,95,120,225,47,58,77,64,111,238,622,0,622
20231,A,골목상권,3110052,장충초등학교,1915,948,967,172,226,305,259,353,600,82,109,157,143,181,276,90,117,148,116,172,324,877,0,877
20231,A,골목상권,3110053,청구역 1번,2726,1360,1366,207,340,481,374,516,808,98,172,270,203,257,360,109,168,211,171,259,448,1312,0,1312
20231,A,골목상권,3110054,청구역 3번,1969,946,1023,151,222,482,313,321,480,87,107,208,149,165,230,64,115,274,164,156,250,1065,0,1065
20231,A,골목상권,3110055,황학동벼룩시장,198,115,83,4,17,32,24,34,87,2,9,17,14,20,53,2,8,15,10,14,34,127,0,127
20231,A,골목상권,3110056,신당역 3번,5434,2688,2746,437,597,785,766,1067,1782,221,297,404,409,570,787,216,300,381,357,497,995,2716,0,2716
20231,A,골목상권,3110057,황학코아루아파트,1371,604,767,85,126,501,250,184,225,45,43,193,113,99,111,40,83,308,137,85,114,927,0,927
20231,A,골목상권,3110058,성심여자고등학교,4022,1936,2086,398,443,557,618,665,1341,193,225,271,310,344,593,205,218,286,308,321,748,1871,0,1871
20231,A,골목상권,3110059,새남터성지,1903,909,994,151,157,218,251,332,794,86,76,116,137,178,316,65,81,102,114,154,478,940,0,940
20231,A,골목상권,3110060,효창공원앞역 6번,3473,1661,1812,420,315,565,647,511,1015,195,164,262,323,264,453,225,151,303,324,247,562,1574,0,1574
20231,A,골목상권,3110061,효창동주민센터,3737,1818,1919,407,457,623,568,614,1068,212,240,307,291,290,478,195,217,316,277,324,590,1499,0,1499
20231,A,골목상권,3110062,한강로동땡땡거리(은행나무길),1344,724,620,71,105,164,182,195,627,41,63,107,110,123,280,30,42,57,72,72,347,714,0,714
20231,A,골목상권,3110063,효창공원앞역 5번,2463,1276,1187,215,233,381,373,389,872,115,133,217,213,206,392,100,100,164,160,183,480,1169,0,1169
20231,A,골목상권,3110064,효창공원앞역 2번,2816,1315,1501,347,367,478,490,453,681,181,173,215,232,215,299,166,194,263,258,238,382,1190,0,1190
20231,A,골목상권,3110065,남정초등학교,139,64,75,17,18,15,23,24,42,10,6,3,14,12,19,7,12,12,9,12,23,58,0,58
20231,A,골목상권,3110066,서울역 15번,3174,1634,1540,239,343,540,453,622,977,128,179,281,254,332,460,111,164,259,199,290,517,1644,0,1644
20231,A,골목상권,3110067,배문고등학교,8328,4236,4092,820,1058,1548,1266,1413,2223,427,555,845,682,700,1027,393,503,703,584,713,1196,3699,0,3699
20231,A,골목상권,3110068,남영역 1번,3001,1467,1534,246,290,569,516,432,948,126,136,279,265,231,430,120,154,290,251,201,518,1513,0,1513
20231,A,골목상권,3110069,숙대입구,4953,2159,2794,341,705,1105,804,635,1363,170,229,411,379,339,631,171,476,694,425,296,732,3036,0,3036
20231,A,골목상권,3110070,용산세무서,143,69,74,18,21,14,22,16,52,5,9,8,12,6,29,13,12,6,10,10,23,60,0,60
20231,A,골목상권,3110071,한강미주맨션아파트,452,207,245,76,57,32,59,85,143,44,30,13,17,45,58,32,27,19,42,40,85,150,0,150
20231,A,골목상권,3110072,열정도,154,91,63,5,8,20,19,25,77,1,3,14,13,16,44,4,5,6,6,9,33,95,0,95
20231,A,골목상권,3110073,삼각지역 3번,490,237,253,23,37,102,74,69,185,19,23,51,42,34,68,4,14,51,32,35,117,335,0,335
20231,A,골목상권,3110074,서울역 12번,2812,1932,880,112,180,315,326,577,1302,60,96,189,219,444,924,52,84,126,107,133,378,2006,0,2006
20231,A,골목상권,3110075,숙대입구역 1번,3426,1837,1589,248,310,575,521,590,1182,133,170,297,289,337,611,115,140,278,232,253,571,1966,0,1966
20231,A,골목상권,3110076,삼각지역 14번,32,22,10,2,0,1,6,5,18,1,0,1,4,4,12,1,0,0,2,1,6,22,0,22
20231,A,골목상권,3110077,삼광초등학교,1368,671,697,161,147,176,226,230,428,88,76,94,108,116,189,73,71,82,118,114,239,601,0,601
20231,A,골목상권,3110078,이촌동점보아파트,498,228,270,78,63,42,64,92,159,37,34,14,29,40,74,41,29,28,35,52,85,159,0,159
20231,A,골목상권,3110079,후암동주민센터,10496,5151,5345,1216,1121,1544,1849,1775,2991,622,602,796,935,867,1329,594,519,748,914,908,1662,4773,0,4773
20231,A,골목상권,3110080,해방촌예술마을,4324,2140,2184,409,463,665,684,691,1412,216,228,362,371,349,614,193,235,303,313,342,798,1972,0,1972
20231,A,골목상권,3110081,해방촌 남동측,3897,1815,2082,262,353,605,565,622,1490,125,175,285,294,292,644,137,178,320,271,330,846,2021,0,2021
20231,A,골목상권,3110082,용산구청,1040,487,553,89,65,212,168,141,365,51,34,100,87,58,157,38,31,112,81,83,208,518,0,518
20231,A,골목상권,3110083,서빙고역 1번,813,407,406,106,134,74,154,160,185,55,58,41,71,91,91,51,76,33,83,69,94,315,0,315
20231,A,골목상권,3110084,경리단길북측,4008,1823,2185,293,296,658,672,613,1476,149,153,328,313,290,590,144,143,330,359,323,886,2195,0,2195
20231,A,골목상권,3110085,경리단길남측,2556,1181,1375,274,209,412,420,411,830,132,101,207,207,185,349,142,108,205,213,226,481,1281,0,1281
20231,A,골목상권,3110086,이태원역 북측,1009,491,518,150,89,154,168,135,313,74,54,74,81,64,144,76,35,80,87,71,169,459,0,459
20231,A,골목상권,3110087,이태원엔틱가구거리,1794,768,1026,94,113,245,252,290,800,44,53,136,130,132,273,50,60,109,122,158,527,1148,0,1148
20231,A,골목상권,3110088,오산고등학교,1955,972,983,203,223,277,341,361,550,117,122,155,162,175,241,86,101,122,179,186,309,818,0,818
20231,A,골목상권,3110089,서빙고동주민센터,2587,1261,1326,222,264,299,403,440,959,112,130,168,206,217,428,110,134,131,197,223,531,1260,0,1260
20231,A,골목상권,3110090,한국폴리텍대학서울정수캠퍼스,2055,926,1129,162,192,339,323,383,656,78,96,167,143,172,270,84,96,172,180,211,386,1033,0,1033
20231,A,골목상권,3110091,리움미술관,169,85,84,13,6,38,27,19,66,8,3,23,11,7,33,5,3,15,16,12,33,85,0,85
20231,A,골목상권,3110092,NH농협은행 보광동지점,3884,1878,2006,270,428,626,579,691,1290,147,236,336,290,328,541,123,192,290,289,363,749,1868,0,1868
20231,A,골목상권,3110093,우사단길,6433,3253,3180,466,544,1169,1135,1042,2077,248,290,673,605,542,895,218,254,496,530,500,1182,3507,0,3507
20231,A,골목상권,3110094,오산중학교,372,193,179,14,45,63,46,82,122,6,29,35,28,42,53,8,16,28,18,40,69,185,0,185
20231,A,골목상권,3110095,한강진역 3번,2490,1092,1398,161,143,330,451,437,968,80,66,140,229,201,376,81,77,190,222,236,592,1561,0,1561
20231,A,골목상권,3110096,한남힐사이드아파트,1080,486,594,122,97,154,226,175,306,64,49,63,112,76,122,58,48,91,114,99,184,451,0,451
20231,A,골목상권,3110097,한남초등학교,225,104,121,31,5,55,57,21,56,18,3,25,28,5,25,13,2,30,29,16,31,122,0,122
20231,A,골목상권,3110098,서울독일학교,219,103,116,28,21,37,26,34,73,15,9,18,12,16,33,13,12,19,14,18,40,103,0,103
20231,A,골목상권,3110099,유엔빌리지길,1635,781,854,274,137,248,282,251,443,145,72,111,129,118,206,129,65,137,153,133,237,691,0,691
20231,A,골목상권,3110100,옥수동우편취급국,113,53,60,13,15,27,12,13,33,8,6,15,4,6,14,5,9,12,8,7,19,35,0,35
20231,A,골목상권,3110101,옥정중학교,693,321,372,82,49,152,156,103,151,42,19,69,78,47,66,40,30,83,78,56,85,350,0,350
20231,A,골목상권,3110102,옥수역 6번,995,479,516,114,90,179,178,134,300,64,43,83,88,67,134,50,47,96,90,67,166,466,0,466
20231,A,골목상권,3110103,옥수터널,480,231,249,46,50,81,76,78,149,28,32,41,41,36,53,18,18,40,35,42,96,212,0,212
20231,A,골목상권,3110104,신금호역 4번,3310,1604,1706,331,411,439,494,567,1068,166,204,217,255,292,470,165,207,222,239,275,598,1341,0,1341
20231,A,골목상권,3110105,금동어린이공원,2997,1488,1509,244,326,423,404,528,1072,134,185,231,195,285,458,110,141,192,209,243,614,1291,0,1291
20231,A,골목상권,3110106,금북초등학교,1081,541,540,103,125,157,140,179,377,56,76,73,75,79,182,47,49,84,65,100,195,420,0,420
20231,A,골목상권,3110107,금호사거리,269,137,132,22,22,44,42,34,105,14,8,24,23,22,46,8,14,20,19,12,59,128,0,128
20231,A,골목상권,3110108,성동구립금호도서관,3,1,2,0,0,0,1,0,2,0,0,0,0,0,1,0,0,0,1,0,1,1,0,1
20231,A,골목상권,3110109,금호삼성래미안아파트,503,259,244,32,59,57,74,88,193,15,35,31,44,48,86,17,24,26,30,40,107,226,0,226
20231,A,골목상권,3110110,상왕십리역 6번,2125,1045,1080,140,212,432,357,332,652,75,111,198,196,165,300,65,101,234,161,167,352,1085,0,1085
20231,A,골목상권,3110111,대현산장미원,1594,799,795,160,173,182,257,273,549,81,86,99,146,139,248,79,87,83,111,134,301,616,0,616
20231,A,골목상권,3110112,행당역 2번,2881,1365,1516,275,393,460,427,509,817,126,200,229,209,228,373,149,193,231,218,281,444,1276,0,1276
20231,A,골목상권,3110113,응봉산,1614,788,826,181,206,196,240,281,510,109,106,96,119,130,228,72,100,100,121,151,282,652,0,652
20231,A,골목상권,3110114,왕십리파출소,769,379,390,93,83,113,141,128,211,47,46,57,74,66,89,46,37,56,67,62,122,309,0,309
20231,A,골목상권,3110115,상왕십리역 3번,2074,1046,1028,162,262,431,277,381,561,90,143,209,144,201,259,72,119,222,133,180,302,1009,0,1009
20231,A,골목상권,3110116,청계천박물관,2169,1108,1061,198,279,283,275,438,696,116,148,158,136,216,334,82,131,125,139,222,362,936,0,936
20231,A,골목상권,3110117,성동구보건소,1620,819,801,135,197,269,214,288,517,70,118,128,122,145,236,65,79,141,92,143,281,715,0,715
20231,A,골목상권,3110118,왕십리역 9번,1163,614,549,81,106,206,156,203,411,41,60,125,80,108,200,40,46,81,76,95,211,643,0,643
20231,A,골목상권,3110119,마장지하차도,268,139,129,13,24,45,43,42,101,5,12,23,25,25,49,8,12,22,18,17,52,130,0,130
20231,A,골목상권,3110120,서울숲카페거리,1198,621,577,121,139,225,199,175,339,69,80,122,108,87,155,52,59,103,91,88,184,552,0,552
20231,A,골목상권,3110121,한양대역 4번,712,413,299,34,186,246,56,63,127,15,89,183,37,36,53,19,97,63,19,27,74,534,0,534
20231,A,골목상권,3110122,마장역 2번,706,359,347,100,93,114,101,117,181,51,49,57,50,58,94,49,44,57,51,59,87,272,0,272
20231,A,골목상권,3110123,마장역 3번,2880,1460,1420,219,314,426,377,478,1066,115,162,219,203,254,507,104,152,207,174,224,559,1450,0,1450
20231,A,골목상권,3110124,뚝섬역교차로,825,444,381,48,77,175,109,115,301,27,44,98,56,64,155,21,33,77,53,51,146,434,0,434
20231,A,골목상권,3110125,사근동살곶이상점가,4154,2274,1880,278,714,1018,458,525,1161,142,384,703,255,259,531,136,330,315,203,266,630,2345,0,2345
20231,A,골목상권,3110126,서울숲역 1번,543,265,278,47,67,99,77,93,160,28,34,51,41,37,74,19,33,48,36,56,86,253,0,253
20231,A,골목상권,3110127,성수1가1동주민센터,942,484,458,57,53,282,193,143,214,30,24,134,100,85,111,27,29,148,93,58,103,634,0,634
20231,A,골목상권,3110128,성원중학교,8370,4430,3940,702,1043,1194,1172,1695,2564,370,546,659,638,922,1295,332,497,535,534,773,1269,3921,0,3921
20231,A,골목상권,3110129,성원어린이공원,1687,836,851,168,148,335,342,270,424,88,75,168,180,130,195,80,73,167,162,140,229,809,0,809
20231,A,골목상권,3110130,답십리역 6번,2008,1016,992,144,233,286,289,360,696,76,106,146,164,189,335,68,127,140,125,171,361,903,0,903
20231,A,골목상권,3110131,성수동카페거리,2841,1538,1303,247,277,584,434,458,841,129,140,312,244,261,452,118,137,272,190,197,389,1459,0,1459
20231,A,골목상권,3110132,성수2가3동주민센터,1918,1011,907,129,161,375,286,308,659,68,85,189,160,170,339,61,76,186,126,138,320,1050,0,1050
20231,A,골목상권,3110133,서울교통공사,1527,819,708,132,140,209,248,319,479,63,68,113,140,185,250,69,72,96,108,134,229,790,0,790
20231,A,골목상권,3110134,성수119안전센터,6354,3316,3038,611,594,974,1021,1086,2068,314,317,512,541,589,1043,297,277,462,480,497,1025,2998,0,2998
20231,A,골목상권,3110135,성동세무서,1108,596,512,95,90,229,195,181,318,51,46,131,104,107,157,44,44,98,91,74,161,563,0,563
20231,A,골목상권,3110136,경수초등학교,2695,1404,1291,295,255,400,423,447,875,140,135,212,230,242,445,155,120,188,193,205,430,1168,0,1168
20231,A,골목상권,3110137,성수초등학교,1666,903,763,214,135,339,373,226,379,107,70,174,221,132,199,107,65,165,152,94,180,829,0,829
20231,A,골목상권,3110138,송정체육공원,3537,1903,1634,271,385,568,470,680,1163,136,218,305,262,381,601,135,167,263,208,299,562,1740,0,1740
20231,A,골목상권,3110139,자양4동주민센터,5586,2830,2756,358,523,800,823,1049,2033,155,271,415,443,568,978,203,252,385,380,481,1055,2920,0,2920
20231,A,골목상권,3110140,건대입구역 6번,5668,2843,2825,400,556,1062,865,950,1835,204,275,544,470,501,849,196,281,518,395,449,986,2952,0,2952
20231,A,골목상권,3110141,건대입구역 1번,3006,1430,1576,166,347,1072,455,335,631,82,127,504,251,170,296,84,220,568,204,165,335,1907,0,1907
20231,A,골목상권,3110142,화양사거리,5301,2606,2695,230,792,2113,735,543,888,111,314,1071,390,297,423,119,478,1042,345,246,465,3738,0,3738
20231,A,골목상권,3110143,뚝섬유원지역 1번,140,74,66,20,19,13,13,36,39,9,12,5,6,22,20,11,7,8,7,14,19,56,0,56
20231,A,골목상권,3110144,어린이대공원역 4번,2006,981,1025,71,281,664,254,239,497,32,107,333,134,152,223,39,174,331,120,87,274,1508,0,1508
20231,A,골목상권,3110145,장안초등학교,635,303,332,57,59,157,96,92,174,26,27,81,52,40,77,31,32,76,44,52,97,310,0,310
20231,A,골목상권,3110146,신자초등학교,4081,2073,2008,459,462,599,629,707,1225,217,257,324,331,349,595,242,205,275,298,358,630,1726,0,1726
20231,A,골목상권,3110147,능동우편취급국,6391,3243,3148,648,676,1432,1102,879,1654,348,350,743,599,431,772,300,326,689,503,448,882,3065,0,3065
20231,A,골목상권,3110148,어린이대공원역 3번,1427,737,690,72,213,379,186,196,381,39,113,218,95,101,171,33,100,161,91,95,210,849,0,849
20231,A,골목상권,3110149,세종대학교,923,410,513,72,127,264,148,129,183,37,48,112,66,63,84,35,79,152,82,66,99,493,0,493
20231,A,골목상권,3110150,중곡1동 마을마당,5846,2926,2920,514,468,1189,999,896,1780,259,262,568,533,460,844,255,206,621,466,436,936,2826,0,2826
20231,A,골목상권,3110151,자양한강도서관,4707,2315,2392,515,519,750,870,780,1273,266,276,366,441,385,581,249,243,384,429,395,692,2066,0,2066
20231,A,골목상권,3110152,중곡어린이공원,2070,1067,1003,229,215,359,322,364,581,123,108,191,171,201,273,106,107,168,151,163,308,920,0,920
20231,A,골목상권,3110153,중곡1동주민센터,2407,1168,1239,245,235,516,467,329,615,126,106,255,246,145,290,119,129,261,221,184,325,1116,0,1116
20231,A,골목상권,3110154,광진정말공원,4782,2336,2446,519,528,794,796,765,1380,294,250,394,405,384,609,225,278,400,391,381,771,2102,0,2102
20231,A,골목상권,3110155,광진구청,3905,1939,1966,342,490,728,635,666,1044,177,248,378,326,317,493,165,242,350,309,349,551,1790,0,1790
20231,A,골목상권,3110156,군자역 5번,6196,2946,3250,617,514,1552,1214,763,1536,321,260,675,632,373,685,296,254,877,582,390,851,3195,0,3195
20231,A,골목상권,3110157,자양동우체국,5967,2977,2990,780,746,930,1044,1009,1458,418,417,455,504,504,679,362,329,475,540,505,779,2390,0,2390
20231,A,골목상권,3110158,중곡3동주민센터,7012,3495,3517,687,741,1100,1088,1241,2155,359,371,573,582,614,996,328,370,527,506,627,1159,3310,0,3310
20231,A,골목상권,3110159,구의역 4번,9198,4495,4703,819,967,1742,1508,1479,2683,404,502,847,787,712,1243,415,465,895,721,767,1440,4411,0,4411
20231,A,골목상권,3110160,광진경찰서,1905,915,990,195,260,335,333,327,455,99,124,171,155,152,214,96,136,164,178,175,241,856,0,856
20231,A,골목상권,3110161,중곡역 3번,5088,2512,2576,501,589,848,754,896,1500,254,309,424,402,433,690,247,280,424,352,463,810,2209,0,2209
20231,A,골목상권,3110162,군자역 4번,4032,1934,2098,539,440,744,705,618,986,273,239,339,323,308,452,266,201,405,382,310,534,1638,0,1638
20231,A,골목상권,3110163,성자초등학교,2989,1434,1555,410,341,449,590,469,730,186,169,219,310,217,333,224,172,230,280,252,397,1208,0,1208
20231,A,골목상권,3110164,아차산역 5번,3100,1474,1626,320,283,755,607,406,729,175,140,335,308,190,326,145,143,420,299,216,403,1493,0,1493
20231,A,골목상권,3110165,국립정신건강센터,4490,2211,2279,462,577,756,682,799,1214,230,302,389,356,360,574,232,275,367,326,439,640,1773,0,1773
20231,A,골목상권,3110166,구의1동주민센터,6518,3073,3445,500,705,1479,1165,1005,1664,256,336,672,577,488,744,244,369,807,588,517,920,3359,0,3359
20231,A,골목상권,3110167,용마초등학교,6898,3400,3498,830,757,1229,1152,1140,1790,427,399,627,585,535,827,403,358,602,567,605,963,2869,0,2869
20231,A,골목상권,3110168,대원고등학교,2608,1281,1327,314,445,338,389,536,586,157,227,176,190,252,279,157,218,162,199,284,307,979,0,979
20231,A,골목상권,3110169,성동초등학교,2355,1188,1167,199,266,448,380,369,693,116,138,233,204,167,330,83,128,215,176,202,363,1070,0,1070
20231,A,골목상권,3110170,동대부여고,6314,3055,3259,500,628,1334,1168,968,1716,254,321,662,587,482,749,246,307,672,581,486,967,3073,0,3073
20231,A,골목상권,3110171,중곡4동주민센터,2691,1316,1375,230,339,361,351,524,886,122,180,184,186,254,390,108,159,177,165,270,496,1192,0,1192
20231,A,골목상권,3110172,광진초등학교,3768,1834,1934,437,436,554,606,644,1091,229,224,257,312,322,490,208,212,297,294,322,601,1532,0,1532
20231,A,골목상권,3110173,구남초등학교,1446,686,760,130,177,260,211,225,443,74,81,124,102,100,205,56,96,136,109,125,238,636,0,636
20231,A,골목상권,3110174,아차산역 1번,5080,2472,2608,608,551,757,820,823,1521,312,282,358,417,390,713,296,269,399,403,433,808,2005,0,2005
20231,A,골목상권,3110175,푸른동산공원,4810,2314,2496,571,515,910,887,744,1183,292,252,435,463,337,535,279,263,475,424,407,648,2176,0,2176
20231,A,골목상권,3110176,해오름공원,6416,3169,3247,616,711,1021,950,1112,2006,331,351,526,518,563,880,285,360,495,432,549,1126,2719,0,2719
20231,A,골목상권,3110177,동의초등학교,1692,842,850,196,189,187,302,274,544,99,115,88,154,146,240,97,74,99,148,128,304,668,0,668
20231,A,골목상권,3110178,장로회신학대학교,1265,595,670,146,144,202,178,199,396,68,69,98,84,101,175,78,75,104,94,98,221,526,0,526
20231,A,골목상권,3110179,광나루역 1번,788,389,399,78,105,125,125,134,221,45,56,66,59,63,100,33,49,59,66,71,121,334,0,334
20231,A,골목상권,3110180,광진정보도서관,1113,567,546,128,123,181,174,197,310,70,71,91,85,96,154,58,52,90,89,101,156,497,0,497
20231,A,골목상권,3110181,신설동역 9번,593,330,263,71,56,94,102,106,164,36,37,55,50,65,87,35,19,39,52,41,77,286,0,286
20231,A,골목상권,3110182,용두희망어린이공원,941,546,395,61,145,321,135,104,175,30,81,221,75,57,82,31,64,100,60,47,93,590,0,590
20231,A,골목상권,3110183,한국의류시험연구원,408,229,179,31,41,56,60,63,157,14,22,32,34,40,87,17,19,24,26,23,70,227,0,227
20231,A,골목상권,3110184,용두사거리,235,121,114,22,19,37,49,36,72,12,11,16,30,20,32,10,8,21,19,16,40,129,0,129
20231,A,골목상권,3110185,용두초등학교,416,221,195,35,32,58,48,86,157,15,14,33,25,54,80,20,18,25,23,32,77,200,0,200
20231,A,골목상권,3110186,종암초등학교,418,239,179,24,57,141,63,41,92,12,29,93,38,23,44,12,28,48,25,18,48,277,0,277
20231,A,골목상권,3110187,제기동역 6번,3256,1635,1621,223,342,654,503,507,1027,114,166,336,272,265,482,109,176,318,231,242,545,1724,0,1724
20231,A,골목상권,3110188,용두동신동아아파트,1769,903,866,187,190,259,285,303,545,98,102,147,156,153,247,89,88,112,129,150,298,823,0,823
20231,A,골목상권,3110189,제기동역 1번,2067,1006,1061,225,223,417,342,314,546,108,121,211,163,154,249,117,102,206,179,160,297,934,0,934
20231,A,골목상권,3110190,고대앞사거리,2054,1095,959,195,207,429,301,293,629,100,99,261,170,166,299,95,108,168,131,127,330,1068,0,1068
20231,A,골목상권,3110191,고려대역 6번,1068,572,496,58,98,221,173,135,383,30,51,127,109,75,180,28,47,94,64,60,203,665,0,665
20231,A,골목상권,3110192,동의보감타워,515,278,237,11,28,137,98,69,172,5,15,74,50,37,97,6,13,63,48,32,75,387,0,387
20231,A,골목상권,3110193,고려대역 4번,1474,781,693,93,154,386,180,162,499,50,72,236,94,95,234,43,82,150,86,67,265,860,0,860
20231,A,골목상권,3110194,홍파초등학교,1586,789,797,122,120,238,232,202,672,68,64,132,132,107,286,54,56,106,100,95,386,780,0,780
20231,A,골목상권,3110195,동대문구청,3313,1664,1649,240,289,556,426,487,1315,131,142,287,229,270,605,109,147,269,197,217,710,1713,0,1713
20231,A,골목상권,3110196,홍릉근린공원,1125,580,545,70,95,93,146,169,552,32,46,51,87,97,267,38,49,42,59,72,285,622,0,622
20231,A,골목상권,3110197,세종대왕기념관교차로,511,263,248,60,55,78,73,78,167,30,26,47,41,46,73,30,29,31,32,32,94,251,0,251
20231,A,골목상권,3110198,동대문중앙새마을금고본점,120,58,62,8,6,11,21,12,62,2,2,7,12,8,27,6,4,4,9,4,35,74,0,74
20231,A,골목상권,3110199,홍릉시장,943,485,458,41,68,126,122,130,456,21,34,73,74,77,206,20,34,53,48,53,250,557,0,557
20231,A,골목상권,3110203,떡전교사거리,1844,914,930,149,168,284,258,281,704,73,83,163,138,158,299,76,85,121,120,123,405,917,0,917
20231,A,골목상권,3110200,동대문경찰서,708,366,342,45,61,110,102,110,280,24,35,56,59,63,129,21,26,54,43,47,151,390,0,390
20231,A,골목상권,3110201,전농119안전센터,474,246,228,34,42,32,82,81,203,21,20,15,49,47,94,13,22,17,33,34,109,262,0,262
20231,A,골목상권,3110202,전농1동주민센터(전농시장),1358,761,597,35,89,77,144,270,743,17,50,32,87,171,404,18,39,45,57,99,339,985,0,985
20231,A,골목상권,3110204,간데메공원,3304,1649,1655,433,323,461,536,502,1049,220,168,235,265,268,493,213,155,226,271,234,556,1408,0,1408
20231,A,골목상권,3110205,경희대삼거리,2619,1294,1325,173,383,703,366,337,657,92,160,378,199,182,283,81,223,325,167,155,374,1552,0,1552
20231,A,골목상권,3110206,텃골근린공원,4002,2020,1982,361,477,575,552,697,1340,202,264,293,289,349,623,159,213,282,263,348,717,1840,0,1840
20231,A,골목상권,3110207,시립대앞사거리,831,422,409,54,104,129,106,131,307,30,51,68,61,66,146,24,53,61,45,65,161,416,0,416
20231,A,골목상권,3110208,시조사삼거리,764,408,356,46,100,209,101,91,217,23,53,122,56,45,109,23,47,87,45,46,108,439,0,439
20231,A,골목상권,3110209,답십리 장령당공원,722,369,353,63,79,103,101,127,249,30,44,58,53,74,110,33,35,45,48,53,139,347,0,347
20231,A,골목상권,3110210,서울시립대,3215,1612,1603,249,493,715,450,377,931,124,213,428,244,185,418,125,280,287,206,192,513,1711,0,1711
20231,A,골목상권,3110211,전곡마을마당공원,3640,1812,1828,260,449,467,478,657,1329,134,228,262,260,342,586,126,221,205,218,315,743,1693,0,1693
20231,A,골목상권,3110212,답십리초등학교,2315,1154,1161,210,263,287,313,404,838,116,131,159,167,208,373,94,132,128,146,196,465,1078,0,1078
20231,A,골목상권,3110213,청량초등학교,762,380,382,60,134,207,85,129,147,24,69,122,39,59,67,36,65,85,46,70,80,410,0,410
20231,A,골목상권,3110214,경희대후문,2343,1221,1122,139,551,826,182,217,428,68,230,535,91,99,198,71,321,291,91,118,230,1565,0,1565
20231,A,골목상권,3110215,회기역 1번,2080,1040,1040,78,339,799,265,189,410,37,133,418,149,111,192,41,206,381,116,78,218,1468,0,1468
20231,A,골목상권,3110216,전농중학교,1200,593,607,115,128,156,177,206,418,59,61,93,90,106,184,56,67,63,87,100,234,520,0,520
20231,A,골목상권,3110217,자동차부품상가,613,319,294,33,71,81,79,140,209,20,38,45,49,77,90,13,33,36,30,63,119,303,0,303
20231,A,골목상권,3110218,답십리사거리,2799,1418,1381,283,265,380,409,498,964,126,144,216,214,260,458,157,121,164,195,238,506,1260,0,1260
20231,A,골목상권,3110219,삼육보건대학교,6613,3372,3241,479,1092,1638,804,856,1744,252,512,962,447,397,802,227,580,676,357,459,942,3602,0,3602
20231,A,골목상권,3110220,외대앞역 1번,1939,976,963,87,316,478,246,257,555,46,132,271,137,140,250,41,184,207,109,117,305,1175,0,1175
20231,A,골목상권,3110221,의릉,977,458,519,80,129,188,168,149,263,36,54,90,95,71,112,44,75,98,73,78,151,496,0,496
20231,A,골목상권,3110222,회기역 2번,27,15,12,4,1,3,2,4,13,2,0,2,2,4,5,2,1,1,0,0,8,11,0,11
20231,A,골목상권,3110223,군자초등학교,1638,837,801,188,162,287,258,258,485,108,85,140,137,134,233,80,77,147,121,124,252,651,0,651
20231,A,골목상권,3110224,외대앞역 2번,1570,827,743,78,163,243,241,280,565,41,84,134,139,164,265,37,79,109,102,116,300,860,0,860
20231,A,골목상권,3110225,촬영소사거리,1339,690,649,101,170,171,179,247,471,46,88,97,96,129,234,55,82,74,83,118,237,589,0,589
20231,A,골목상권,3110226,장안1동주민센터,9890,5049,4841,904,970,1523,1573,1729,3191,457,515,788,856,887,1546,447,455,735,717,842,1645,4702,0,4702
20231,A,골목상권,3110227,답십리공원,749,370,379,68,92,102,96,150,241,38,37,50,52,80,113,30,55,52,44,70,128,324,0,324
20231,A,골목상권,3110228,장안근린공원,5180,2631,2549,373,614,645,693,913,1942,179,326,358,381,480,907,194,288,287,312,433,1035,2466,0,2466
20231,A,골목상권,3110229,장평중학교,7419,3695,3724,1054,617,1155,1364,1001,2228,553,311,565,716,495,1055,501,306,590,648,506,1173,2830,0,2830
20231,A,골목상권,3110230,장안현대홈타운1차아파트,2960,1492,1468,415,278,452,559,431,825,225,140,217,299,220,391,190,138,235,260,211,434,1211,0,1211
20231,A,골목상권,3110231,장안교,118,63,55,15,10,20,20,23,30,7,8,8,9,15,16,8,2,12,11,8,14,47,0,47
20231,A,골목상권,3110232,동대부고,2829,1441,1388,370,300,408,476,454,821,199,171,201,244,232,394,171,129,207,232,222,427,1119,0,1119
20231,A,골목상권,3110233,중랑역 1번,5266,2761,2505,386,508,841,709,960,1862,197,272,440,412,509,931,189,236,401,297,451,931,2622,0,2622
20231,A,골목상권,3110234,중랑역 4번,729,360,369,79,55,183,163,117,132,47,21,74,86,63,69,32,34,109,77,54,63,403,0,403
20231,A,골목상권,3110235,세화어린이공원,1418,794,624,93,134,184,200,287,520,48,78,105,118,167,278,45,56,79,82,120,242,739,0,739
20231,A,골목상권,3110236,신묵초등학교,7715,3884,3831,867,813,1293,1345,1217,2180,473,418,644,729,617,1003,394,395,649,616,600,1177,3430,0,3430
20231,A,골목상권,3110237,메가박스 상봉,4317,2148,2169,362,472,659,679,786,1359,176,231,326,379,419,617,186,241,333,300,367,742,2077,0,2077
20231,A,골목상권,3110238,배꽃어린이공원,1172,586,586,103,104,140,163,222,440,44,53,79,86,114,210,59,51,61,77,108,230,559,0,559
20231,A,골목상권,3110239,중랑역 2번,293,151,142,15,33,51,27,62,105,9,20,26,11,31,54,6,13,25,16,31,51,155,0,155
20231,A,골목상권,3110240,태릉시장 특화거리,1289,663,626,88,136,179,166,247,473,40,72,95,93,137,226,48,64,84,73,110,247,648,0,648
20231,A,골목상권,3110241,먹골역 5번,2629,1303,1326,230,271,427,420,437,844,120,115,216,227,231,394,110,156,211,193,206,450,1254,0,1254
20231,A,골목상권,3110242,면목5동주민센터,4308,2181,2127,494,464,594,640,792,1324,256,231,301,331,421,641,238,233,293,309,371,683,1936,0,1936
20231,A,골목상권,3110243,중랑노인종합복지관,4889,2474,2415,544,589,637,748,951,1420,265,283,330,412,487,697,279,306,307,336,464,723,2103,0,2103
20231,A,골목상권,3110244,중화역 4번,1073,560,513,88,111,171,161,172,370,53,62,83,91,96,175,35,49,88,70,76,195,498,0,498
20231,A,골목상권,3110245,KB국민은행 중화동지점,2503,1260,1243,194,272,338,320,477,902,105,126,177,181,245,426,89,146,161,139,232,476,1279,0,1279
20231,A,골목상권,3110246,월드순복음교회,2488,1240,1248,252,239,558,438,381,620,134,129,257,228,200,292,118,110,301,210,181,328,1286,0,1286
20231,A,골목상권,3110247,먹골역 1번,6235,3084,3151,571,590,1137,1069,934,1934,294,310,568,567,459,886,277,280,569,502,475,1048,2841,0,2841
20231,A,골목상권,3110248,먹골파출소,1465,761,704,138,143,247,214,221,502,75,81,128,122,118,237,63,62,119,92,103,265,632,0,632
20231,A,골목상권,3110249,중화역 1번,6619,3324,3295,698,745,1046,1020,1047,2063,347,399,546,531,528,973,351,346,500,489,519,1090,2643,0,2643
20231,A,골목상권,3110250,화랑대역 7번,1576,767,809,191,200,202,226,265,492,96,106,107,106,131,221,95,94,95,120,134,271,640,0,640
20231,A,골목상권,3110251,장안중학교,3901,1891,2010,387,470,666,527,629,1222,180,249,327,282,287,566,207,221,339,245,342,656,1630,0,1630
20231,A,골목상권,3110252,장안제일시장,4747,2416,2331,513,516,763,679,825,1451,253,258,405,352,429,719,260,258,358,327,396,732,1982,0,1982
20231,A,골목상권,3110253,중곡초등학교,3662,1848,1814,358,427,532,562,671,1112,193,223,262,298,346,526,165,204,270,264,325,586,1630,0,1630
20231,A,골목상권,3110254,오거리공원,7809,3930,3879,820,903,1042,1227,1397,2420,420,461,543,643,727,1136,400,442,499,584,670,1284,3459,0,3459
20231,A,골목상권,3110255,상봉역 4번,6496,3237,3259,543,591,1262,982,1097,2021,272,313,606,532,558,956,271,278,656,450,539,1065,3356,0,3356
20231,A,골목상권,3110256,면목2동체육관,8303,4279,4024,855,867,1216,1279,1495,2591,463,453,639,711,754,1259,392,414,577,568,741,1332,3690,0,3690
20231,A,골목상권,3110257,상봉역 7번,3869,1961,1908,427,403,600,572,620,1247,219,213,303,295,328,603,208,190,297,277,292,644,1808,0,1808
20231,A,골목상권,3110258,면동초등학교,5746,2931,2815,576,584,868,890,1062,1766,297,312,438,467,548,869,279,272,430,423,514,897,2867,0,2867
20231,A,골목상권,3110259,사가정역 1번,4080,2061,2019,358,396,709,699,647,1271,197,199,350,374,341,600,161,197,359,325,306,671,2000,0,2000
20231,A,골목상권,3110260,면목역 3번,2218,1133,1085,176,209,390,353,388,702,92,106,198,184,216,337,84,103,192,169,172,365,1139,0,1139
20231,A,골목상권,3110261,사가정역 4번,5043,2476,2567,442,539,837,811,829,1585,230,273,410,418,413,732,212,266,427,393,416,853,2417,0,2417
20231,A,골목상권,3110262,상봉역 3번,2915,1489,1426,310,228,528,457,429,963,167,135,269,261,203,454,143,93,259,196,226,509,1431,0,1431
20231,A,골목상권,3110263,면목역 1번,7265,3581,3684,695,804,1165,1108,1211,2282,331,409,603,608,599,1031,364,395,562,500,612,1251,3260,0,3260
20231,A,골목상권,3110264,면목역 2번,9684,4902,4782,841,1090,1730,1545,1648,2830,437,571,885,845,821,1343,404,519,845,700,827,1487,4474,0,4474
20231,A,골목상권,3110265,망우역 1번,1035,540,495,84,114,149,120,183,385,44,62,79,66,93,196,40,52,70,54,90,189,480,0,480
20231,A,골목상권,3110266,면목동우체국,5266,2589,2677,433,648,837,760,963,1625,206,348,439,394,473,729,227,300,398,366,490,896,2398,0,2398
20231,A,골목상권,3110267,망우역 2번,4466,2222,2244,532,518,686,733,699,1298,292,268,345,381,342,594,240,250,341,352,357,704,1866,0,1866
20231,A,골목상권,3110268,망우3동주민센터,2588,1293,1295,248,312,363,382,469,814,112,163,185,195,245,393,136,149,178,187,224,421,1155,0,1155
20231,A,골목상권,3110269,용마문화복지센터,1355,701,654,103,179,181,171,249,472,47,80,97,96,144,237,56,99,84,75,105,235,636,0,636
20231,A,골목상권,3110270,혜원여고,1235,592,643,128,155,175,169,216,392,56,81,91,79,108,177,72,74,84,90,108,215,495,0,495
20231,A,골목상권,3110271,신내역 1번,138,74,64,13,12,23,23,14,53,7,8,10,15,4,30,6,4,13,8,10,23,75,0,75
20231,A,골목상권,3110272,신내1동주민센터,3548,1733,1815,457,415,462,541,616,1057,231,229,206,284,310,473,226,186,256,257,306,584,1425,0,1425
20231,A,골목상권,3110273,장스여성병원,2369,1266,1103,161,269,340,293,418,888,80,145,198,165,219,459,81,124,142,128,199,429,1122,0,1122
20231,A,골목상권,3110274,서일대학교,6866,3490,3376,755,807,913,972,1264,2155,379,412,469,521,663,1046,376,395,444,451,601,1109,3004,0,3004
20231,A,골목상권,3110275,하나은행 망우동지점,896,476,420,70,93,121,118,159,335,39,52,54,69,95,167,31,41,67,49,64,168,440,0,440
20231,A,골목상권,3110276,신내IC북측,366,196,170,45,30,42,68,54,127,24,19,23,40,29,61,21,11,19,28,25,66,169,0,169
20231,A,골목상권,3110277,러스크서울병원,3593,1856,1737,329,415,512,516,598,1223,178,224,272,275,306,601,151,191,240,241,292,622,1615,0,1615
20231,A,골목상권,3110278,망우본동주민센터,3928,2053,1875,273,501,495,483,726,1450,142,271,262,269,377,732,131,230,233,214,349,718,1898,0,1898
20231,A,골목상권,3110279,신내역 2번,25,15,10,3,2,0,4,7,9,0,1,0,2,5,7,3,1,0,2,2,2,15,0,15
20231,A,골목상권,3110280,북정마을,713,356,357,47,71,85,110,102,298,28,38,37,61,56,136,19,33,48,49,46,162,331,0,331
20231,A,골목상권,3110281,길상사,912,459,453,106,91,123,125,155,312,70,42,62,58,79,148,36,49,61,67,76,164,363,0,363
20231,A,골목상권,3110282,국민대학교앞,676,330,346,67,106,129,74,79,221,26,48,76,40,42,98,41,58,53,34,37,123,349,0,349
20231,A,골목상권,3110283,성북초등학교앞,518,243,275,52,56,64,89,97,160,22,27,34,45,46,69,30,29,30,44,51,91,239,0,239
20231,A,골목상권,3110284,정릉북한산국립공원입구,1404,722,682,129,209,163,165,235,503,75,116,79,84,118,250,54,93,84,81,117,253,574,0,574
20231,A,골목상권,3110285,홍대부중,2137,1042,1095,248,243,295,388,383,580,135,139,149,175,200,244,113,104,146,213,183,336,873,0,873
20231,A,골목상권,3110286,한성대입구역 5번,2598,1223,1375,190,263,512,417,452,764,90,129,241,206,214,343,100,134,271,211,238,421,1313,0,1313
20231,A,골목상권,3110287,정릉3동주민센터,1888,990,898,132,328,349,210,306,563,68,168,234,111,148,261,64,160,115,99,158,302,1039,0,1039
20231,A,골목상권,3110288,동구여중,1648,790,858,178,210,232,253,276,499,86,113,115,127,128,221,92,97,117,126,148,278,652,0,652
20231,A,골목상권,3110289,북한산보국문역 2번,4966,2453,2513,489,645,702,720,760,1650,257,320,377,382,396,721,232,325,325,338,364,929,2024,0,2024
20231,A,골목상권,3110290,북한산보국문역 1번,1428,729,699,124,171,180,207,219,527,76,88,103,112,112,238,48,83,77,95,107,289,642,0,642
20231,A,골목상권,3110291,한성대입구역 3번,4426,2124,2302,354,576,826,696,684,1290,182,286,407,360,325,564,172,290,419,336,359,726,2120,0,2120
20231,A,골목상권,3110292,정릉역 2번,560,273,287,22,37,38,54,107,302,10,17,23,30,58,135,12,20,15,24,49,167,367,0,367
20231,A,골목상권,3110293,삼선중학교,2527,1171,1356,256,289,586,408,387,601,128,137,245,210,179,272,128,152,341,198,208,329,1255,0,1255
20231,A,골목상권,3110294,서경대학교,7169,3527,3642,792,883,1021,1088,1130,2255,427,444,523,570,542,1021,365,439,498,518,588,1234,2926,0,2926
20231,A,골목상권,3110295,정릉우체국,4685,2307,2378,530,487,632,734,694,1608,282,252,341,383,333,716,248,235,291,351,361,892,1952,0,1952
20231,A,골목상권,3110296,성신여대입구역 4번,1902,870,1032,238,224,294,303,313,530,118,100,134,142,155,221,120,124,160,161,158,309,830,0,830
20231,A,골목상권,3110297,경동고등학교,6534,3135,3399,559,808,1388,999,1042,1738,300,384,680,501,511,759,259,424,708,498,531,979,3261,0,3261
20231,A,골목상권,3110298,솔숲어린이공원,732,368,364,67,88,83,103,128,263,40,47,49,46,60,126,27,41,34,57,68,137,308,0,308
20231,A,골목상권,3110299,정릉역 1번,3547,1751,1796,364,381,455,506,543,1298,191,191,233,267,286,583,173,190,222,239,257,715,1546,0,1546
20231,A,골목상권,3110300,삼선동주민센터,2912,1235,1677,127,409,829,388,381,778,70,137,316,189,184,339,57,272,513,199,197,439,1880,0,1880
20231,A,골목상권,3110301,성신여대입구역 7번,3589,1650,1939,253,416,898,558,460,1004,134,175,405,292,221,423,119,241,493,266,239,581,1889,0,1889
20231,A,골목상권,3110302,보문역 8번,2263,1109,1154,186,213,457,368,341,698,95,112,229,199,174,300,91,101,228,169,167,398,1172,0,1172
20231,A,골목상권,3110303,성신여대입구역 1번,3389,1399,1990,205,448,964,443,416,913,100,115,367,210,199,408,105,333,597,233,217,505,2100,0,2100
20231,A,골목상권,3110304,보문역 4번,395,181,214,22,45,136,65,47,80,11,18,65,30,23,34,11,27,71,35,24,46,246,0,246
20231,A,골목상권,3110305,보문역 5번,779,412,367,55,84,175,100,119,246,33,40,102,59,62,116,22,44,73,41,57,130,418,0,418
20231,A,골목상권,3110306,미아초등학교,930,456,474,122,89,135,142,124,318,68,40,74,72,65,137,54,49,61,70,59,181,415,0,415
20231,A,골목상권,3110307,길음역 7번,226,112,114,48,24,36,50,35,33,21,15,14,27,21,14,27,9,22,23,14,19,102,0,102
20231,A,골목상권,3110308,길음역 8번,1086,541,545,80,106,142,160,171,427,44,50,82,82,95,188,36,56,60,78,76,239,536,0,536
20231,A,골목상권,3110309,대광초등학교,1377,708,669,77,159,323,198,219,401,40,70,184,122,105,187,37,89,139,76,114,214,728,0,728
20231,A,골목상권,3110310,길음역 10번,263,94,169,14,34,48,41,47,79,4,13,11,27,14,25,10,21,37,14,33,54,144,0,144
20231,A,골목상권,3110311,종암아이파크2차후문,1189,618,571,104,146,174,164,225,376,55,85,97,87,112,182,49,61,77,77,113,194,496,0,496
20231,A,골목상권,3110312,안암역 2번,934,491,443,18,223,370,82,68,173,9,103,215,50,36,78,9,120,155,32,32,95,686,0,686
20231,A,골목상권,3110313,안암역 3번,568,354,214,16,113,245,55,52,87,8,58,172,39,32,45,8,55,73,16,20,42,448,0,448
20231,A,골목상권,3110314,종암경찰서,1052,535,517,102,120,198,139,150,343,51,57,102,84,75,166,51,63,96,55,75,177,535,0,535
20231,A,골목상권,3110315,종암아이파크2차,3110,1521,1589,255,402,549,450,529,925,132,201,296,226,253,413,123,201,253,224,276,512,1396,0,1396
20231,A,골목상권,3110316,숭곡초등학교,4741,2330,2411,447,433,575,698,775,1813,219,234,292,364,412,809,228,199,283,334,363,1004,2257,0,2257
20231,A,골목상권,3110317,종암중학교,2192,1237,955,128,289,747,258,234,536,67,153,490,147,129,251,61,136,257,111,105,285,1357,0,1357
20231,A,골목상권,3110318,KT월곡지사,1456,742,714,152,148,206,243,208,499,94,80,105,138,106,219,58,68,101,105,102,280,591,0,591
20231,A,골목상권,3110319,종암동주민센터,2991,1415,1576,221,242,335,326,479,1388,122,122,174,171,242,584,99,120,161,155,237,804,1639,0,1639
20231,A,골목상권,3110320,KB국민은행 종암동지점,925,476,449,119,123,153,116,169,245,70,64,93,59,73,117,49,59,60,57,96,128,376,0,376
20231,A,골목상권,3110321,동덕여대,214,110,104,19,36,50,24,31,54,9,15,28,12,18,28,10,21,22,12,13,26,103,0,103
20231,A,골목상권,3110322,장위1동주민센터,2307,1112,1195,286,310,340,327,409,635,137,153,174,169,189,290,149,157,166,158,220,345,845,0,845
20231,A,골목상권,3110323,상월곡역 1번,2012,932,1080,156,316,366,244,331,599,88,95,167,133,181,268,68,221,199,111,150,331,1008,0,1008
20231,A,골목상권,3110324,월곡역 4번,656,322,334,19,83,135,66,100,253,11,29,72,33,56,121,8,54,63,33,44,132,447,0,447
20231,A,골목상권,3110325,장곡초등학교,3172,1586,1586,340,377,418,412,554,1071,183,205,226,219,275,478,157,172,192,193,279,593,1295,0,1295
20231,A,골목상권,3110326,장위동성당,1545,751,794,194,221,164,221,289,456,101,112,87,109,142,200,93,109,77,112,147,256,582,0,582
20231,A,골목상권,3110327,상월곡역 2번,3612,1823,1789,338,425,453,506,639,1251,174,220,240,279,316,594,164,205,213,227,323,657,1462,0,1462
20231,A,골목상권,3110328,상월곡역 3번,1950,1014,936,153,200,272,306,302,717,80,112,150,176,161,335,73,88,122,130,141,382,871,0,871
20231,A,골목상권,3110329,우리은행체육관,2675,1343,1332,251,303,329,373,438,981,127,155,178,199,210,474,124,148,151,174,228,507,1138,0,1138
20231,A,골목상권,3110330,돌곶이역 1번,2045,1034,1011,196,234,271,280,361,703,97,122,147,152,190,326,99,112,124,128,171,377,819,0,819
20231,A,골목상권,3110331,돌곶이역 8번,3234,1588,1646,272,405,523,477,534,1023,155,197,266,239,261,470,117,208,257,238,273,553,1541,0,1541
20231,A,골목상권,3110332,돌곶이역 3번,743,398,345,63,71,95,121,140,253,30,38,52,65,81,132,33,33,43,56,59,121,348,0,348
20231,A,골목상권,3110333,돌곶이역 5번,1229,600,629,111,144,184,190,190,410,50,67,100,96,85,202,61,77,84,94,105,208,564,0,564
20231,A,골목상권,3110334,석관중앙교회,3034,1526,1508,247,350,395,387,542,1113,138,176,215,198,282,517,109,174,180,189,260,596,1367,0,1367
20231,A,골목상권,3110335,석계역 7번,4330,2201,2129,330,442,696,653,755,1454,176,225,356,355,367,722,154,217,340,298,388,732,2124,0,2124
20231,A,골목상권,3110336,석관고등학교,2293,1170,1123,179,264,320,305,428,797,95,144,177,164,204,386,84,120,143,141,224,411,960,0,960
20231,A,골목상권,3110337,아카데미하우스,2659,1286,1373,346,305,315,393,432,868,176,164,151,186,208,401,170,141,164,207,224,467,1009,0,1009
20231,A,골목상권,3110338,인수초등학교,2381,1195,1186,176,223,249,307,444,982,89,131,118,166,224,467,87,92,131,141,220,515,1229,0,1229
20231,A,골목상권,3110339,국립4.19민주묘지,15,7,8,0,1,0,2,2,10,0,1,0,2,0,4,0,0,0,0,2,6,11,0,11
20231,A,골목상권,3110340,인수중학교,1661,834,827,165,196,222,214,299,565,70,115,105,123,150,271,95,81,117,91,149,294,674,0,674
20231,A,골목상권,3110341,북한산우이역 2번,2263,1100,1163,223,247,259,284,397,853,115,132,124,152,191,386,108,115,135,132,206,467,898,0,898
20231,A,골목상권,3110342,국립재활원,2743,1329,1414,294,340,360,384,461,904,145,166,185,199,222,412,149,174,175,185,239,492,1074,0,1074
20231,A,골목상권,3110343,무너미어린이공원,4511,2169,2342,596,536,561,700,761,1357,298,265,270,366,355,615,298,271,291,334,406,742,1743,0,1743
20231,A,골목상권,3110344,화계중학교,1201,621,580,122,121,160,185,181,432,70,66,86,103,83,213,52,55,74,82,98,219,506,0,506
20231,A,골목상권,3110345,솔밭공원역 2번,2834,1383,1451,332,296,331,431,473,971,169,145,165,234,237,433,163,151,166,197,236,538,1205,0,1205
20231,A,골목상권,3110346,4.19민주묘지역 2번,1247,596,651,135,121,134,190,190,477,73,57,62,93,95,216,62,64,72,97,95,261,544,0,544
20231,A,골목상권,3110347,구세군강북종합사회복지관,1479,751,728,127,209,216,207,293,427,77,101,114,113,141,205,50,108,102,94,152,222,606,0,606
20231,A,골목상권,3110348,강북문화예술회관,4200,2029,2171,414,414,546,607,638,1581,204,217,274,312,324,698,210,197,272,295,314,883,1676,0,1676
20231,A,골목상권,3110349,화계역 2번,1028,512,516,112,104,143,161,173,335,71,56,63,95,85,142,41,48,80,66,88,193,438,0,438
20231,A,골목상권,3110350,가오리역 2번,2933,1444,1489,348,305,393,448,475,964,174,174,202,233,238,423,174,131,191,215,237,541,1221,0,1221
20231,A,골목상권,3110351,수유북부시장옆,3235,1578,1657,303,425,411,406,565,1125,158,216,199,227,270,508,145,209,212,179,295,617,1316,0,1316
20231,A,골목상권,3110352,수유1동주민센터,5051,2516,2535,550,562,608,791,804,1736,269,296,328,425,397,801,281,266,280,366,407,935,2239,0,2239
20231,A,골목상권,3110353,수유동우체국,2158,1076,1082,181,219,310,308,359,781,95,115,159,183,179,345,86,104,151,125,180,436,926,0,926
20231,A,골목상권,3110354,삼각산119안전센터,221,106,115,46,22,14,57,36,46,21,10,6,28,21,20,25,12,8,29,15,26,85,0,85
20231,A,골목상권,3110355,삼양사거리역 2번,3439,1718,1721,242,391,399,420,641,1346,130,200,220,229,339,600,112,191,179,191,302,746,1636,0,1636
20231,A,골목상권,3110356,덕수교,3110,1528,1582,275,423,390,454,521,1047,140,210,208,237,239,494,135,213,182,217,282,553,1330,0,1330
20231,A,골목상권,3110357,가오리역 1번,1747,900,847,155,190,203,258,306,635,71,114,122,139,154,300,84,76,81,119,152,335,779,0,779
20231,A,골목상권,3110358,인수동 우편취급국,3656,1798,1858,288,364,602,587,583,1232,141,188,313,314,302,540,147,176,289,273,281,692,1649,0,1649
20231,A,골목상권,3110359,수유시장옆,6671,3331,3340,584,679,1108,1022,1064,2214,306,381,569,561,503,1011,278,298,539,461,561,1203,2905,0,2905
20231,A,골목상권,3110360,수유초등학교,3937,1933,2004,376,413,636,594,608,1310,182,221,301,335,296,598,194,192,335,259,312,712,1871,0,1871
20231,A,골목상권,3110361,삼양사거리역 1번,2599,1318,1281,228,263,351,352,440,965,112,145,173,210,223,455,116,118,178,142,217,510,1150,0,1150
20231,A,골목상권,3110362,우이천 계성교,5208,2524,2684,522,563,728,787,860,1748,264,305,391,404,423,737,258,258,337,383,437,1011,2205,0,2205
20231,A,골목상권,3110363,송천동주민센터,1137,581,556,30,71,84,144,207,601,17,32,49,83,117,283,13,39,35,61,90,318,746,0,746
20231,A,골목상권,3110364,미아역 8번,4491,2231,2260,369,457,683,659,766,1557,200,241,372,337,380,701,169,216,311,322,386,856,2044,0,2044
20231,A,골목상권,3110365,미아역 5번,4908,2356,2552,438,508,707,779,830,1646,211,253,349,400,382,761,227,255,358,379,448,885,2125,0,2125
20231,A,골목상권,3110366,광산사거리,2163,1082,1081,167,223,329,316,359,769,85,112,170,177,187,351,82,111,159,139,172,418,998,0,998
20231,A,골목상권,3110367,강북구청,1918,914,1004,124,197,330,307,283,677,59,92,164,167,133,299,65,105,166,140,150,378,986,0,986
20231,A,골목상권,3110368,송천초등학교,4067,2046,2021,308,446,554,511,768,1480,159,240,309,270,388,680,149,206,245,241,380,800,1886,0,1886
20231,A,골목상권,3110369,성신여대운정그린캠퍼스,4494,2201,2293,326,499,715,628,706,1620,174,216,361,335,370,745,152,283,354,293,336,875,2233,0,2233
20231,A,골목상권,3110370,도봉세무서,3153,1560,1593,235,350,434,468,522,1144,119,185,229,242,255,530,116,165,205,226,267,614,1407,0,1407
20231,A,골목상권,3110371,삼양입구사거리,1716,858,858,98,189,258,207,321,643,50,103,122,118,164,301,48,86,136,89,157,342,832,0,832
20231,A,골목상권,3110372,강북중학교,2725,1350,1375,178,298,502,385,472,890,96,155,267,203,229,400,82,143,235,182,243,490,1331,0,1331
20231,A,골목상권,3110373,수유역 2번,3609,1745,1864,200,382,651,597,594,1185,104,175,320,317,295,534,96,207,331,280,299,651,2002,0,2002
20231,A,골목상권,3110374,송중초등학교,5837,2943,2894,471,612,806,856,1001,2091,238,328,446,469,504,958,233,284,360,387,497,1133,2560,0,2560
20231,A,골목상권,3110375,서울북부고용노동지청,2257,1129,1128,193,275,287,324,388,790,98,147,154,168,213,349,95,128,133,156,175,441,933,0,933
20231,A,골목상권,3110376,수송초등학교,8107,4028,4079,756,921,1181,1286,1342,2621,407,480,569,662,727,1183,349,441,612,624,615,1438,3822,0,3822
20231,A,골목상권,3110377,미아사거리역 3번,944,479,465,55,81,141,132,178,357,30,40,76,76,91,166,25,41,65,56,87,191,506,0,506
20231,A,골목상권,3110378,송중동주민센터,1918,970,948,158,216,286,287,320,651,89,120,151,147,161,302,69,96,135,140,159,349,868,0,868
20231,A,골목상권,3110379,KT&G 북부지사,1003,535,468,75,107,136,131,176,378,39,64,77,72,96,187,36,43,59,59,80,191,462,0,462
20231,A,골목상권,3110380,강북문화정보도서관,2622,1271,1351,262,313,330,419,444,854,135,162,169,225,204,376,127,151,161,194,240,478,1065,0,1065
20231,A,골목상권,3110381,번동주공2단지,1186,592,594,95,173,108,176,156,478,49,86,59,102,92,204,46,87,49,74,64,274,443,0,443
20231,A,골목상권,3110382,솔밭공원역 1번,670,322,348,83,98,89,115,99,186,44,47,45,58,53,75,39,51,44,57,46,111,270,0,270
20231,A,골목상권,3110383,덕성여대시반거리,614,285,329,75,72,78,103,92,194,44,32,26,48,44,91,31,40,52,55,48,103,294,0,294
20231,A,골목상권,3110384,문이교,1052,520,532,80,125,136,123,181,407,44,70,71,55,78,202,36,55,65,68,103,205,420,0,420
20231,A,골목상권,3110385,효문고등학교,1749,857,892,155,230,188,216,313,647,68,105,99,116,167,302,87,125,89,100,146,345,770,0,770
20231,A,골목상권,3110386,연산군묘,372,185,187,45,41,34,69,52,131,28,16,17,34,31,59,17,25,17,35,21,72,155,0,155
20231,A,골목상권,3110387,쌍문초등학교,5438,2707,2731,630,667,722,832,898,1689,315,350,381,428,445,788,315,317,341,404,453,901,2176,0,2176
20231,A,골목상권,3110388,도봉우체국,3076,1510,1566,367,333,433,539,474,930,191,166,226,277,221,429,176,167,207,262,253,501,1238,0,1238
20231,A,골목상권,3110389,한일병원,1010,497,513,63,108,168,165,156,350,32,56,81,90,75,163,31,52,87,75,81,187,474,0,474
20231,A,골목상권,3110390,방학초등학교,1396,686,710,147,193,184,184,262,426,77,102,99,86,121,201,70,91,85,98,141,225,568,0,568
20231,A,골목상권,3110391,샘말어린이공원,5239,2618,2621,587,694,664,757,871,1666,295,376,359,382,439,767,292,318,305,375,432,899,2119,0,2119
20231,A,골목상권,3110392,발바닥공원,171,83,88,17,25,22,24,38,45,7,12,12,11,19,22,10,13,10,13,19,23,57,0,57
20231,A,골목상권,3110393,국민은행방학지점,267,138,129,26,31,34,31,44,101,18,19,18,15,22,46,8,12,16,16,22,55,96,0,96
20231,A,골목상권,3110394,방학중학교,7266,3703,3563,664,865,881,1024,1352,2480,348,460,490,547,714,1144,316,405,391,477,638,1336,3169,0,3169
20231,A,골목상권,3110395,신한은행 방학동지점,1590,805,785,120,200,222,208,298,542,68,113,114,117,133,260,52,87,108,91,165,282,706,0,706
20231,A,골목상권,3110396,쌍문역1번(쌍리단길),2209,1064,1145,135,237,358,371,371,737,64,120,176,193,179,332,71,117,182,178,192,405,1130,0,1130
20231,A,골목상권,3110397,도봉산입구,8097,4064,4033,726,891,1015,1110,1246,3109,358,472,542,614,603,1475,368,419,473,496,643,1634,3429,0,3429
20231,A,골목상권,3110398,쌍문2동우체국,3261,1610,1651,338,384,543,495,502,999,192,180,277,263,238,460,146,204,266,232,264,539,1336,0,1336
20231,A,골목상권,3110399,창2동주민센터,8808,4307,4501,1194,1126,1201,1431,1533,2323,605,576,600,718,741,1067,589,550,601,713,792,1256,3347,0,3347
20231,A,골목상권,3110400,도봉구보건소,4140,2022,2118,447,472,589,595,661,1376,239,231,290,319,317,626,208,241,299,276,344,750,1691,0,1691
20231,A,골목상권,3110401,도봉구민회관,775,391,384,73,102,109,118,125,248,37,60,57,65,60,112,36,42,52,53,65,136,327,0,327
20231,A,골목상권,3110402,도봉구 정병원,2998,1506,1492,271,331,403,437,490,1066,149,180,213,225,252,487,122,151,190,212,238,579,1336,0,1336
20231,A,골목상권,3110403,방학1동주민센터,6580,3303,3277,523,753,872,890,1184,2358,269,402,465,480,614,1073,254,351,407,410,570,1285,3082,0,3082
20231,A,골목상권,3110404,신창초등학교,10836,5515,5321,1137,1355,1350,1554,1948,3492,610,722,726,831,984,1642,527,633,624,723,964,1850,4636,0,4636
20231,A,골목상권,3110405,방학역 1번,7456,3813,3643,582,894,907,1070,1315,2688,307,469,462,596,680,1299,275,425,445,474,635,1389,3417,0,3417
20231,A,골목상권,3110406,도봉산역 1번,1518,785,733,121,142,204,221,229,601,58,75,98,126,132,296,63,67,106,95,97,305,679,0,679
20231,A,골목상권,3110407,도봉역 2번,6902,3562,3340,474,728,874,922,1259,2645,241,408,467,509,653,1284,233,320,407,413,606,1361,3275,0,3275
20231,A,골목상권,3110408,가인초등학교,817,386,431,103,125,129,105,154,201,52,62,66,50,64,92,51,63,63,55,90,109,285,0,285
20231,A,골목상권,3110409,창동역 2번,2979,1490,1489,262,366,482,427,522,920,138,191,243,220,246,452,124,175,239,207,276,468,1299,0,1299
20231,A,골목상권,3110410,방학역 2번,2578,1346,1232,175,258,454,412,441,838,96,130,239,237,226,418,79,128,215,175,215,420,1416,0,1416
20231,A,골목상권,3110411,도봉역 3번,1676,883,793,174,170,197,212,261,662,95,91,113,133,140,311,79,79,84,79,121,351,758,0,758
20231,A,골목상권,3110412,창동중학교,382,189,193,48,56,59,58,61,100,20,33,32,28,24,52,28,23,27,30,37,48,137,0,137
20231,A,골목상권,3110413,누원고등학교,772,370,402,119,81,86,122,115,249,59,40,44,59,57,111,60,41,42,63,58,138,247,0,247
20231,A,골목상권,3110414,장석교회,1149,582,567,135,154,138,176,177,369,73,78,79,87,95,170,62,76,59,89,82,199,458,0,458
20231,A,골목상권,3110415,수락산역 4번,5231,2638,2593,543,671,747,762,909,1599,275,363,419,380,440,761,268,308,328,382,469,838,2207,0,2207
20231,A,골목상권,3110416,노원초등학교,2601,1251,1350,321,398,336,378,477,691,151,210,161,179,218,332,170,188,175,199,259,359,879,0,879
20231,A,골목상권,3110417,월계역 3번,958,506,452,66,111,131,142,153,355,39,59,66,86,82,174,27,52,65,56,71,181,500,0,500
20231,A,골목상권,3110418,광운대학교 남단,1590,891,699,99,265,310,181,221,514,49,158,208,109,113,254,50,107,102,72,108,260,848,0,848
20231,A,골목상권,3110419,수락산디자인거리,3256,1582,1674,303,397,494,442,530,1090,161,200,256,206,248,511,142,197,238,236,282,579,1320,0,1320
20231,A,골목상권,3110420,광운대역 1번,1358,778,580,107,287,247,161,185,371,52,174,183,86,109,174,55,113,64,75,76,197,757,0,757
20231,A,골목상권,3110421,석계역 1번,1483,779,704,94,139,191,206,231,622,50,83,106,114,135,291,44,56,85,92,96,331,768,0,768
20231,A,골목상권,3110422,노원역 9번,1005,489,516,124,138,135,177,174,257,62,65,65,89,85,123,62,73,70,88,89,134,361,0,361
20231,A,골목상권,3110423,석계역 2번,547,260,287,108,40,75,81,79,164,47,17,33,43,40,80,61,23,42,38,39,84,231,0,231
20231,A,골목상권,3110424,상계초등학교,3092,1569,1523,265,435,445,419,531,997,130,239,215,227,257,501,135,196,230,192,274,496,1307,0,1307
20231,A,골목상권,3110425,계상초등학교,3869,1906,1963,354,503,487,546,646,1333,178,259,261,280,322,606,176,244,226,266,324,727,1625,0,1625
20231,A,골목상권,3110426,상계2동주민센터,4253,2093,2160,286,503,652,571,746,1495,147,251,339,319,365,672,139,252,313,252,381,823,2075,0,2075
20231,A,골목상권,3110427,노원 을지대학교병원,640,320,320,66,95,103,64,122,190,33,52,60,32,58,85,33,43,43,32,64,105,211,0,211
20231,A,골목상권,3110428,상계5동주민센터,9414,4650,4764,780,1110,1172,1288,1624,3440,379,585,620,680,807,1579,401,525,552,608,817,1861,4314,0,4314
20231,A,골목상권,3110429,공릉동 국수거리,5140,2545,2595,481,549,1094,873,678,1465,235,268,537,487,332,686,246,281,557,386,346,779,2365,0,2365
20231,A,골목상권,3110430,중계초등학교,66,32,34,1,13,4,11,18,19,0,7,3,5,8,9,1,6,1,6,10,10,30,0,30
20231,A,골목상권,3110431,상계역,910,492,418,80,120,114,113,172,311,34,71,63,63,95,166,46,49,51,50,77,145,398,0,398
20231,A,골목상권,3110432,대진고등학교,1926,946,980,227,340,288,201,360,510,118,179,147,91,158,253,109,161,141,110,202,257,741,0,741
20231,A,골목상권,3110433,공릉역 2번,4427,2292,2135,316,730,1004,564,578,1235,160,357,589,330,267,589,156,373,415,234,311,646,2367,0,2367
20231,A,골목상권,3110434,태릉입구역 4번,1746,874,872,154,166,382,255,262,527,75,68,195,154,131,251,79,98,187,101,131,276,865,0,865
20231,A,골목상권,3110435,서울과학기술대,266,131,135,21,49,40,38,43,75,11,21,18,19,23,39,10,28,22,19,20,36,124,0,124
20231,A,골목상권,3110436,상계제일중학교,1370,676,694,126,245,171,176,283,369,54,130,108,83,133,168,72,115,63,93,150,201,508,0,508
20231,A,골목상권,3110437,당고개역 2번,1563,800,763,100,142,177,213,265,666,59,68,99,124,141,309,41,74,78,89,124,357,792,0,792
20231,A,골목상권,3110438,경춘선숲길 우측,3249,1746,1503,268,722,663,429,411,756,157,380,401,236,204,368,111,342,262,193,207,388,1805,0,1805
20231,A,골목상권,3110439,당고개역 5번,4557,2268,2289,392,543,545,628,815,1634,216,298,286,343,414,711,176,245,259,285,401,923,1972,0,1972
20231,A,골목상권,3110440,상계3동4동주민센터,1943,1010,933,178,208,253,285,312,707,102,113,145,167,160,323,76,95,108,118,152,384,840,0,840
20231,A,골목상권,3110441,영신여고,2426,1171,1255,333,441,233,348,499,572,164,221,112,150,253,271,169,220,121,198,246,301,844,0,844
20231,A,골목상권,3110442,화랑대철도공원,328,112,216,39,98,56,31,44,60,19,19,12,17,19,26,20,79,44,14,25,34,176,0,176
20231,A,골목상권,3110443,수색역 1번,14,9,5,0,0,0,3,3,8,0,0,0,3,2,4,0,0,0,0,1,4,10,0,10
20231,A,골목상권,3110444,수색성당,595,296,299,76,55,75,104,82,203,35,33,40,54,39,95,41,22,35,50,43,108,224,0,224
20231,A,골목상권,3110445,덕산중학교,1544,756,788,188,190,197,238,238,493,85,102,100,131,118,220,103,88,97,107,120,273,578,0,578
20231,A,골목상권,3110446,내를건너서숲으로도서관,1379,646,733,130,150,178,221,228,472,60,67,91,111,109,208,70,83,87,110,119,264,581,0,581
20231,A,골목상권,3110447,구산초등학교,1543,744,799,182,178,219,253,217,494,89,92,107,131,110,215,93,86,112,122,107,279,602,0,602
20231,A,골목상권,3110448,상신초등학교입구,2590,1319,1271,317,313,349,416,461,734,164,178,204,219,226,328,153,135,145,197,235,406,1041,0,1041
20231,A,골목상권,3110449,증산역 3번,5484,2684,2800,579,601,729,812,880,1883,316,300,375,392,450,851,263,301,354,420,430,1032,2270,0,2270
20231,A,골목상권,3110450,시립서북병원,8809,4214,4595,1080,1114,1195,1456,1453,2511,521,554,575,723,686,1155,559,560,620,733,767,1356,3289,0,3289
20231,A,골목상권,3110451,증산역 4번,5672,2807,2865,546,641,784,856,935,1910,270,326,398,448,459,906,276,315,386,408,476,1004,2343,0,2343
20231,A,골목상권,3110452,새절역 3번,2660,1325,1335,236,286,402,414,387,935,120,155,202,228,189,431,116,131,200,186,198,504,1194,0,1194
20231,A,골목상권,3110453,신사1동주민센터,8614,4195,4419,862,919,1313,1528,1363,2629,439,508,632,791,641,1184,423,411,681,737,722,1445,3727,0,3727
20231,A,골목상권,3110454,선정중학교,6292,2990,3302,773,808,842,1141,988,1740,390,378,405,596,483,738,383,430,437,545,505,1002,2438,0,2438
20231,A,골목상권,3110455,역촌노인복지관,8351,4010,4341,1018,951,1142,1498,1392,2350,499,471,540,763,689,1048,519,480,602,735,703,1302,3428,0,3428
20231,A,골목상권,3110456,구산보건지소,8243,3966,4277,1027,1064,1103,1397,1409,2243,518,527,537,717,681,986,509,537,566,680,728,1257,3069,0,3069
20231,A,골목상권,3110457,예일여고,4391,2071,2320,436,578,625,687,778,1287,220,263,302,339,353,594,216,315,323,348,425,693,1674,0,1674
20231,A,골목상권,3110458,선일여고,5649,2711,2938,640,869,846,833,985,1476,333,450,404,411,441,672,307,419,442,422,544,804,2206,0,2206
20231,A,골목상권,3110459,응암역 2번,4912,2315,2597,661,579,627,889,791,1365,323,306,291,429,368,598,338,273,336,460,423,767,1906,0,1906
20231,A,골목상권,3110460,구산역 4번,5531,2689,2842,629,717,751,903,960,1571,330,367,372,469,458,693,299,350,379,434,502,878,2210,0,2210
20231,A,골목상권,3110461,새절역 2번,1773,835,938,163,179,291,287,261,592,89,95,138,136,126,251,74,84,153,151,135,341,842,0,842
20231,A,골목상권,3110462,갈현건영아파트,6346,3133,3213,555,797,851,876,1086,2181,303,426,448,464,531,961,252,371,403,412,555,1220,2787,0,2787
20231,A,골목상권,3110463,응암3동주민센터,2226,1083,1143,160,205,304,312,426,819,85,112,153,170,208,355,75,93,151,142,218,464,1144,0,1144
20231,A,골목상권,3110464,연신내역 5번,4084,1940,2144,417,528,625,669,679,1166,229,268,274,355,308,506,188,260,351,314,371,660,1685,0,1685
20231,A,골목상권,3110465,연신내역 7번,2589,1225,1364,251,296,460,404,398,780,121,151,222,210,181,340,130,145,238,194,217,440,1166,0,1166
20231,A,골목상권,3110466,구산역 2번,4374,2093,2281,482,491,598,708,707,1388,250,237,293,360,345,608,232,254,305,348,362,780,1793,0,1793
20231,A,골목상권,3110467,은평요양병원,1109,543,566,109,103,176,177,152,392,58,52,84,100,71,178,51,51,92,77,81,214,505,0,505
20231,A,골목상권,3110468,응암역 3번,12111,5748,6363,1485,1360,1675,2186,1950,3455,749,693,747,1084,942,1533,736,667,928,1102,1008,1922,4789,0,4789
20231,A,골목상권,3110469,응암정보도서관,7458,3707,3751,589,882,938,974,1306,2769,296,472,518,505,665,1251,293,410,420,469,641,1518,3488,0,3488
20231,A,골목상권,3110470,신진과학기술고등학교,2018,961,1057,343,193,290,389,298,505,167,102,134,185,152,221,176,91,156,204,146,284,799,0,799
20231,A,골목상권,3110471,응암동우체국,4124,2054,2070,346,484,510,600,731,1453,172,262,265,325,367,663,174,222,245,275,364,790,1838,0,1838
20231,A,골목상권,3110472,연신내역 4번,5473,2569,2904,524,568,931,914,829,1707,237,268,446,452,394,772,287,300,485,462,435,935,2529,0,2529
20231,A,골목상권,3110473,구산역 1번,9899,4707,5192,1129,1098,1330,1670,1647,3025,546,540,662,843,781,1335,583,558,668,827,866,1690,4233,0,4233
20231,A,골목상권,3110474,세명컴퓨터고등학교,4603,2302,2301,396,525,736,700,739,1507,199,284,387,386,350,696,197,241,349,314,389,811,2009,0,2009
20231,A,골목상권,3110475,백련산해모로아파트,3424,1656,1768,457,385,438,608,538,998,232,196,213,302,269,444,225,189,225,306,269,554,1363,0,1363
20231,A,골목상권,3110476,역촌역 2번,1270,592,678,122,130,213,197,221,387,64,52,104,94,106,172,58,78,109,103,115,215,572,0,572
20231,A,골목상권,3110477,은평세무서,3132,1489,1643,372,318,421,517,493,1011,180,165,196,258,235,455,192,153,225,259,258,556,1296,0,1296
20231,A,골목상권,3110478,응암1동주민센터,3246,1546,1700,357,363,378,511,572,1065,184,176,190,252,284,460,173,187,188,259,288,605,1418,0,1418
20231,A,골목상권,3110479,연신내역 2번,3962,1955,2007,292,411,548,541,675,1495,167,228,292,278,316,674,125,183,256,263,359,821,1866,0,1866
20231,A,골목상권,3110480,연신내역 3번,3157,1492,1665,275,313,546,511,459,1053,137,163,270,267,201,454,138,150,276,244,258,599,1379,0,1379
20231,A,골목상권,3110481,불광역 7번,3327,1596,1731,285,350,677,573,490,952,166,158,300,311,235,426,119,192,377,262,255,526,1666,0,1666
20231,A,골목상권,3110482,연신초등학교,1593,789,804,121,182,209,208,314,559,61,99,104,109,151,265,60,83,105,99,163,294,763,0,763
20231,A,골목상권,3110483,연천초등학교,3404,1599,1805,320,416,476,495,595,1102,148,205,227,257,282,480,172,211,249,238,313,622,1472,0,1472
20231,A,골목상권,3110484,역촌역 3번,8280,4024,4256,887,773,1113,1406,1323,2778,436,403,569,724,681,1211,451,370,544,682,642,1567,3734,0,3734
20231,A,골목상권,3110485,연신내우체국,2599,1237,1362,280,257,341,386,426,909,138,129,171,199,208,392,142,128,170,187,218,517,1107,0,1107
20231,A,골목상권,3110486,은평구청,1966,990,976,270,187,285,361,306,557,156,102,127,193,164,248,114,85,158,168,142,309,821,0,821
20231,A,골목상권,3110487,불광역 8번,291,147,144,19,28,27,39,46,132,13,16,13,20,23,62,6,12,14,19,23,70,169,0,169
20231,A,골목상권,3110488,우리은행응암동지점,3057,1459,1598,370,299,407,508,499,974,189,147,211,259,235,418,181,152,196,249,264,556,1223,0,1223
20231,A,골목상권,3110489,불광역 3번,1329,613,716,105,103,232,205,183,501,54,51,113,103,86,206,51,52,119,102,97,295,629,0,629
20231,A,골목상권,3110490,녹번동근린공원,5238,2575,2663,538,575,705,867,847,1706,295,289,389,445,414,743,243,286,316,422,433,963,2217,0,2217
20231,A,골목상권,3110491,불광중학교,1436,705,731,155,156,161,222,224,518,78,86,81,121,103,236,77,70,80,101,121,282,617,0,617
20231,A,골목상권,3110492,하나고등학교,144,72,72,14,21,6,18,32,53,9,11,5,8,17,22,5,10,1,10,15,31,68,0,68
20231,A,골목상권,3110493,북가좌초등학교,1505,758,747,163,139,214,209,227,553,89,74,107,117,121,250,74,65,107,92,106,303,632,0,632
20231,A,골목상권,3110494,증산3교남측,868,427,441,97,91,130,122,149,279,46,43,64,60,75,139,51,48,66,62,74,140,341,0,341
20231,A,골목상권,3110495,북가좌2동주민센터,6502,3141,3361,701,667,883,1134,1004,2113,360,352,418,581,478,952,341,315,465,553,526,1161,2815,0,2815
20231,A,골목상권,3110496,모래내우체국,2178,1065,1113,237,231,314,330,326,740,127,108,158,168,172,332,110,123,156,162,154,408,909,0,909
20231,A,골목상권,3110497,가좌역 3번,31,14,17,3,2,4,2,4,16,2,0,3,1,2,6,1,2,1,1,2,10,15,0,15
20231,A,골목상권,3110498,증산역 1번,3569,1761,1808,311,364,531,587,535,1241,152,204,284,305,267,549,159,160,247,282,268,692,1561,0,1561
20231,A,골목상권,3110499,연가초등학교,6430,3205,3225,711,971,909,994,1132,1713,368,502,499,496,546,794,343,469,410,498,586,919,2541,0,2541
20231,A,골목상권,3110500,남가좌동현대아파트,772,372,400,174,77,106,147,100,168,77,43,51,82,44,75,97,34,55,65,56,93,259,0,259
20231,A,골목상권,3110501,연희어린이공원,1522,758,764,91,152,304,213,229,533,51,80,155,114,104,254,40,72,149,99,125,279,727,0,727
20231,A,골목상권,3110502,남가좌파출소,3808,1878,1930,364,410,529,566,600,1339,190,219,267,301,322,579,174,191,262,265,278,760,1776,0,1776
20231,A,골목상권,3110503,명지대학교교회,5162,2592,2570,441,749,956,713,822,1481,231,345,537,350,432,697,210,404,419,363,390,784,2607,0,2607
20231,A,골목상권,3110504,명지전문대,207,101,106,26,34,20,31,40,56,14,14,14,12,23,24,12,20,6,19,17,32,84,0,84
20231,A,골목상권,3110505,홍남교남측,227,121,106,15,33,26,32,50,71,7,19,15,22,26,32,8,14,11,10,24,39,107,0,107
20231,A,골목상권,3110506,연희임광아파트,582,260,322,57,46,161,127,77,114,24,19,74,58,40,45,33,27,87,69,37,69,336,0,336
20231,A,골목상권,3110507,명지대학교,6854,3335,3519,624,833,1122,970,1117,2188,311,396,595,495,547,991,313,437,527,475,570,1197,3365,0,3365
20231,A,골목상권,3110508,서연중학교,2270,1105,1165,304,223,282,355,352,754,150,124,145,162,168,356,154,99,137,193,184,398,890,0,890
20231,A,골목상권,3110509,연희대우아파트앞,3724,1745,1979,272,370,1238,612,432,800,147,156,573,303,216,350,125,214,665,309,216,450,2179,0,2179
20231,A,골목상권,3110510,홍연시장,1178,609,569,95,129,147,147,195,465,47,71,92,78,111,210,48,58,55,69,84,255,487,0,487
20231,A,골목상권,3110511,연희초등학교,5399,2802,2597,360,693,1944,779,582,1041,182,352,1139,379,280,470,178,341,805,400,302,571,3400,0,3400
20231,A,골목상권,3110512,연희지하차도,3384,1639,1745,316,412,468,503,568,1117,163,218,243,256,273,486,153,194,225,247,295,631,1477,0,1477
20231,A,골목상권,3110513,연희파출소,1052,493,559,139,110,191,183,159,270,67,49,86,88,83,120,72,61,105,95,76,150,481,0,481
20231,A,골목상권,3110514,서대문우체국,2136,1081,1055,82,297,888,251,195,423,45,140,479,137,90,190,37,157,409,114,105,233,1537,0,1537
20231,A,골목상권,3110515,홍은중학교,2507,1210,1297,253,315,310,376,414,839,133,148,158,194,200,377,120,167,152,182,214,462,1057,0,1057
20231,A,골목상권,3110516,정원여중,1230,587,643,109,143,176,184,233,385,43,76,89,92,114,173,66,67,87,92,119,212,491,0,491
20231,A,골목상권,3110517,서대문소방서,969,465,504,196,127,139,135,158,214,109,62,61,61,72,100,87,65,78,74,86,114,382,0,382
20231,A,골목상권,3110518,서대문구청,557,256,301,68,69,73,80,97,170,30,34,33,37,46,76,38,35,40,43,51,94,230,0,230
20231,A,골목상권,3110519,서대문구보건소별관,4078,1910,2168,516,474,523,604,638,1323,223,237,264,310,315,561,293,237,259,294,323,762,1613,0,1613
20231,A,골목상권,3110520,경의중앙 신촌역,1512,713,799,58,223,479,202,170,380,33,86,245,101,94,154,25,137,234,101,76,226,1005,0,1005
20231,A,골목상권,3110521,홍제역 4번,1021,502,519,73,102,145,157,162,382,40,59,72,77,79,175,33,43,73,80,83,207,512,0,512
20231,A,골목상권,3110522,홍제역 3번,1411,646,765,128,164,163,220,223,513,59,84,81,112,101,209,69,80,82,108,122,304,604,0,604
20231,A,골목상권,3110523,홍제성원아파트,575,281,294,49,76,72,77,82,219,24,33,38,40,38,108,25,43,34,37,44,111,218,0,218
20231,A,골목상권,3110524,연희세브란스병원,216,94,122,27,21,70,37,17,44,14,4,30,16,10,20,13,17,40,21,7,24,132,0,132
20231,A,골목상권,3110525,홍은종합사회복지관,415,196,219,50,44,33,71,71,146,25,22,15,34,35,65,25,22,18,37,36,81,184,0,184
20231,A,골목상권,3110526,봉원사,1129,503,626,114,140,338,134,135,268,60,45,137,61,69,131,54,95,201,73,66,137,668,0,668
20231,A,골목상권,3110527,홍제역 2번,1705,820,885,123,172,276,189,301,644,65,90,136,93,150,286,58,82,140,96,151,358,804,0,804
20231,A,골목상권,3110528,서울여자간호대학교,1349,677,672,129,160,160,176,254,470,77,79,88,100,128,205,52,81,72,76,126,265,585,0,585
20231,A,골목상권,3110529,홍제3동주민센터,3657,1771,1886,258,389,461,482,633,1434,125,196,237,282,312,619,133,193,224,200,321,815,1747,0,1747
20231,A,골목상권,3110530,아현역 1번,288,144,144,16,23,47,46,40,116,8,8,28,25,22,53,8,15,19,21,18,63,171,0,171
20231,A,골목상권,3110531,홍지문,460,229,231,29,69,88,57,69,148,14,36,46,30,41,62,15,33,42,27,28,86,245,0,245
20231,A,골목상권,3110532,아현역 2번,2224,1049,1175,159,221,313,332,404,795,74,107,166,179,212,311,85,114,147,153,192,484,1216,0,1216
20231,A,골목상권,3110533,충정로역 7번,1174,606,568,53,121,195,178,216,411,28,64,113,92,119,190,25,57,82,86,97,221,626,0,626
20231,A,골목상권,3110534,경기대학교,1726,845,881,141,205,283,205,286,606,63,96,154,109,154,269,78,109,129,96,132,337,846,0,846
20231,A,골목상권,3110535,영천시장입구,1441,663,778,144,149,180,215,230,523,81,76,85,100,122,199,63,73,95,115,108,324,709,0,709
20231,A,골목상권,3110536,돈의문센트레빌아파트입구,750,392,358,36,81,143,107,146,237,15,47,72,60,76,122,21,34,71,47,70,115,384,0,384
20231,A,골목상권,3110537,충정로현대아파트,760,352,408,85,67,209,123,95,181,33,30,96,55,53,85,52,37,113,68,42,96,434,0,434
20231,A,골목상권,3110538,충정로역 3번,313,159,154,14,30,80,62,37,90,4,16,46,33,21,39,10,14,34,29,16,51,202,0,202
20231,A,골목상권,3110539,미근동,512,263,249,24,34,137,66,67,184,13,21,70,40,34,85,11,13,67,26,33,99,315,0,315
20231,A,골목상권,3110540,망원나들목체육관,3204,1642,1562,407,327,495,604,504,867,212,181,251,314,279,405,195,146,244,290,225,462,1346,0,1346
20231,A,골목상권,3110541,동교초등학교,4956,2368,2588,662,534,739,925,773,1323,318,265,343,445,384,613,344,269,396,480,389,710,1984,0,1984
20231,A,골목상권,3110542,마포구청역 7번,5409,2639,2770,654,573,920,1017,855,1390,334,315,425,504,431,630,320,258,495,513,424,760,2278,0,2278
20231,A,골목상권,3110543,중암중학교,1093,532,561,132,141,180,158,194,288,70,74,97,68,98,125,62,67,83,90,96,163,500,0,500
20231,A,골목상권,3110544,망리단길,13911,6611,7300,1411,1456,2574,2519,2165,3786,739,711,1181,1247,1069,1664,672,745,1393,1272,1096,2122,6443,0,6443
20231,A,골목상권,3110545,마포구청역 1번,2474,1057,1417,230,246,708,526,320,444,108,99,255,223,161,211,122,147,453,303,159,233,1406,0,1406
20231,A,골목상권,3110546,양화대교북단,2927,1427,1500,292,271,679,561,378,746,133,134,341,289,184,346,159,137,338,272,194,400,1371,0,1371
20231,A,골목상권,3110547,KB국민은행 망원동지점,2759,1298,1461,327,302,420,454,446,810,159,156,180,227,222,354,168,146,240,227,224,456,1125,0,1125
20231,A,골목상권,3110548,마포구청역 4번,2818,1341,1477,261,296,537,546,451,727,141,155,248,263,216,318,120,141,289,283,235,409,1348,0,1348
20231,A,골목상권,3110549,새터산,2754,1349,1405,334,319,432,446,453,770,167,161,214,224,238,345,167,158,218,222,215,425,1172,0,1172
20231,A,골목상권,3110550,합정역 8번,6202,2844,3358,614,625,1406,1227,837,1493,287,268,593,625,405,666,327,357,813,602,432,827,2916,0,2916
20231,A,골목상권,3110551,성서초등학교,4480,2137,2343,639,528,633,853,786,1041,315,277,278,397,388,482,324,251,355,456,398,559,1793,0,1793
20231,A,골목상권,3110552,성미산체육관,2104,1010,1094,190,214,342,339,378,641,91,106,162,165,180,306,99,108,180,174,198,335,988,0,988
20231,A,골목상권,3110553,가좌역 2번,3229,1595,1634,276,357,485,515,556,1040,158,169,244,252,299,473,118,188,241,263,257,567,1583,0,1583
20231,A,골목상권,3110554,망원역 1번,4497,2051,2446,354,414,906,893,682,1248,171,197,373,418,332,560,183,217,533,475,350,688,2430,0,2430
20231,A,골목상권,3110555,홍익지구대,261,124,137,17,24,59,53,43,65,13,10,22,30,20,29,4,14,37,23,23,36,130,0,130
20231,A,골목상권,3110556,절두산순교성지,1314,629,685,100,126,257,234,190,407,53,71,114,127,77,187,47,55,143,107,113,220,628,0,628
20231,A,골목상권,3110557,홍대부속여중고앞,3595,1650,1945,351,321,747,789,555,832,168,158,331,382,248,363,183,163,416,407,307,469,1792,0,1792
20231,A,골목상권,3110558,경성고등학교,8634,4138,4496,815,880,1547,1561,1342,2489,405,479,729,779,651,1095,410,401,818,782,691,1394,3932,0,3932
20231,A,골목상권,3110559,성산중학교,2954,1362,1592,229,302,676,555,424,768,122,142,287,276,206,329,107,160,389,279,218,439,1447,0,1447
20231,A,골목상권,3110560,마포FM,1685,797,888,155,160,366,339,234,431,84,62,172,167,115,197,71,98,194,172,119,234,838,0,838
20231,A,골목상권,3110561,상수역 4번,2572,1243,1329,140,266,677,540,338,611,71,112,354,284,156,266,69,154,323,256,182,345,1435,0,1435
20231,A,골목상권,3110562,연트럴파크(연남동주민센터),3257,1535,1722,373,291,677,658,434,824,197,148,314,323,200,353,176,143,363,335,234,471,1565,0,1565
20231,A,골목상권,3110563,상수역 3번,765,369,396,62,73,245,139,84,162,37,32,112,72,41,75,25,41,133,67,43,87,432,0,432
20231,A,골목상권,3110564,홍대입구역 3번,767,360,407,57,56,204,174,96,180,31,26,103,78,47,75,26,30,101,96,49,105,472,0,472
20231,A,골목상권,3110565,홍익대,1663,824,839,89,278,550,235,229,282,44,115,323,115,104,123,45,163,227,120,125,159,1049,0,1049
20231,A,골목상권,3110566,경의선책거리,2138,995,1143,135,238,623,394,284,464,73,95,295,188,145,199,62,143,328,206,139,265,1261,0,1261
20231,A,골목상권,3110567,광흥창역 6번,321,136,185,21,36,97,47,35,85,5,15,38,24,17,37,16,21,59,23,18,48,194,0,194
20231,A,골목상권,3110568,광흥창역 1번,350,185,165,54,44,46,59,73,74,31,26,26,30,39,33,23,18,20,29,34,41,147,0,147
20231,A,골목상권,3110569,홍대땡땡거리,2009,986,1023,102,207,651,335,232,482,59,97,316,177,122,215,43,110,335,158,110,267,1323,0,1323
20231,A,골목상권,3110570,KB국민은행 서강지점,556,262,294,120,34,79,124,80,119,60,16,35,62,35,54,60,18,44,62,45,65,237,0,237
20231,A,골목상권,3110571,신수동주민센터,2470,1210,1260,243,265,357,403,391,811,121,139,199,203,201,347,122,126,158,200,190,464,1084,0,1084
20231,A,골목상권,3110572,서강대역 1번,2863,1504,1359,166,370,804,424,392,707,91,185,468,227,217,316,75,185,336,197,175,391,1775,0,1775
20231,A,골목상권,3110573,신촌역 6번,209,114,95,16,23,73,34,22,41,11,13,41,13,15,21,5,10,32,21,7,20,135,0,135
20231,A,골목상권,3110574,서강대학교,166,92,74,13,11,40,30,26,46,6,5,27,16,17,21,7,6,13,14,9,25,83,0,83
20231,A,골목상권,3110575,대흥동주민센터,2817,1400,1417,159,282,548,392,423,1013,78,124,302,214,234,448,81,158,246,178,189,565,1773,0,1773
20231,A,골목상권,3110576,대흥역 3번,1224,606,618,121,118,167,211,176,431,68,56,84,104,90,204,53,62,83,107,86,227,592,0,592
20231,A,골목상권,3110577,용강동주민센터,828,388,440,100,101,113,142,144,228,52,41,56,69,70,100,48,60,57,73,74,128,344,0,344
20231,A,골목상권,3110578,대흥역 2번,2888,1450,1438,216,322,375,384,515,1076,115,180,204,201,267,483,101,142,171,183,248,593,1485,0,1485
20231,A,골목상권,3110579,마포역 4번,849,451,398,66,79,227,144,115,218,42,40,119,82,64,104,24,39,108,62,51,114,457,0,457
20231,A,골목상권,3110580,양원초등학교,1415,709,706,68,184,326,175,202,460,40,96,171,104,97,201,28,88,155,71,105,259,794,0,794
20231,A,골목상권,3110581,염리초등학교,319,163,156,99,12,29,102,34,43,57,7,14,47,19,19,42,5,15,55,15,24,109,0,109
20231,A,골목상권,3110582,이대역 5번,1676,792,884,69,237,362,225,249,534,34,87,182,109,117,263,35,150,180,116,132,271,1041,0,1041
20231,A,골목상권,3110583,공덕래미안3차아파트,185,87,98,13,22,47,31,27,45,6,8,24,15,17,17,7,14,23,16,10,28,102,0,102
20231,A,골목상권,3110584,아현역 4번,101,60,41,6,4,16,11,18,46,4,2,6,4,14,30,2,2,10,7,4,16,69,0,69
20231,A,골목상권,3110585,마포경찰서,247,124,123,61,16,60,57,22,31,40,7,19,35,10,13,21,9,41,22,12,18,91,0,91
20231,A,골목상권,3110586,서울서부지방법원,1395,660,735,59,87,390,298,222,339,34,31,149,140,130,176,25,56,241,158,92,163,1013,0,1013
20231,A,골목상권,3110587,공덕동주민센터,2632,1277,1355,177,206,454,413,463,919,82,104,224,209,240,418,95,102,230,204,223,501,1555,0,1555
20231,A,골목상권,3110588,한겨레신문사,2918,1389,1529,235,338,470,482,516,877,118,160,215,246,259,391,117,178,255,236,257,486,1359,0,1359
20231,A,골목상권,3110589,애오개역 3번,1922,945,977,132,253,291,216,324,706,66,132,166,120,156,305,66,121,125,96,168,401,791,0,791
20231,A,골목상권,3110590,만리재,2742,1329,1413,215,359,398,387,564,819,108,191,206,203,272,349,107,168,192,184,292,470,1270,0,1270
20231,A,골목상권,3110591,충정로역 6번,2504,1244,1260,173,252,361,348,396,974,85,130,197,187,210,435,88,122,164,161,186,539,1122,0,1122
20231,A,골목상권,3110592,서울금융고등학교,1460,730,730,127,205,220,193,256,459,71,102,115,100,131,211,56,103,105,93,125,248,624,0,624
20231,A,골목상권,3110593,신월3동주민센터,7506,4034,3472,567,754,932,1064,1436,2753,286,367,518,610,850,1403,281,387,414,454,586,1350,3989,0,3989
20231,A,골목상권,3110594,신월중학교,3509,1725,1784,570,426,463,631,549,870,289,227,224,320,257,408,281,199,239,311,292,462,1220,0,1220
20231,A,골목상권,3110595,메디힐병원,6049,2972,3077,602,718,874,909,1044,1902,304,352,438,475,518,885,298,366,436,434,526,1017,2565,0,2565
20231,A,골목상권,3110596,서서울호수공원,3809,1912,1897,462,457,553,597,653,1087,246,235,291,315,306,519,216,222,262,282,347,568,1561,0,1561
20231,A,골목상권,3110597,신월1동주민센터,6370,3302,3068,573,692,862,977,1067,2199,304,359,454,554,545,1086,269,333,408,423,522,1113,2890,0,2890
20231,A,골목상권,3110598,신월문화체육센터,3560,1744,1816,360,397,474,513,591,1225,168,218,258,277,290,533,192,179,216,236,301,692,1397,0,1397
20231,A,골목상권,3110599,신월1파출소,4594,2377,2217,507,530,587,689,808,1473,270,281,316,373,427,710,237,249,271,316,381,763,1907,0,1907
20231,A,골목상권,3110600,신월7동주민센터,5360,2643,2717,407,651,744,736,923,1899,203,332,389,390,468,861,204,319,355,346,455,1038,2262,0,2262
20231,A,골목상권,3110601,신월1동우편취급국,6682,3457,3225,701,725,927,1123,1137,2069,338,383,501,631,576,1028,363,342,426,492,561,1041,2972,0,2972
20231,A,골목상권,3110602,신월시영아파트중문,1603,808,795,107,215,195,210,271,605,51,118,108,116,138,277,56,97,87,94,133,328,648,0,648
20231,A,골목상권,3110603,지향초등학교,349,173,176,73,41,34,41,62,98,39,16,19,21,31,47,34,25,15,20,31,51,121,0,121
20231,A,골목상권,3110604,신월4동주민센터,7161,3539,3622,1192,785,844,1312,1043,1985,598,394,420,667,523,937,594,391,424,645,520,1048,2434,0,2434
20231,A,골목상권,3110605,목동센트럴아이파크앞,1132,555,577,135,142,158,171,177,349,68,75,93,75,84,160,67,67,65,96,93,189,370,0,370
20231,A,골목상권,3110606,신한은행 신월동지점,7141,3474,3667,939,853,903,1159,1137,2150,475,442,443,570,535,1009,464,411,460,589,602,1141,2457,0,2457
20231,A,골목상권,3110607,금빛새마을금고본점,964,500,464,100,109,133,148,145,329,53,68,73,80,78,148,47,41,60,68,67,181,407,0,407
20231,A,골목상권,3110608,신월2동주민센터,9298,4679,4619,1153,1080,1235,1484,1486,2860,587,572,639,774,732,1375,566,508,596,710,754,1485,3505,0,3505
20231,A,골목상권,3110609,신정네거리역 2번,2309,1139,1170,258,272,371,367,363,678,131,138,198,187,166,319,127,134,173,180,197,359,969,0,969
20231,A,골목상권,3110610,계남근린공원,3055,1575,1480,234,381,397,442,538,1063,128,210,214,246,272,505,106,171,183,196,266,558,1364,0,1364
20231,A,골목상권,3110611,신정역 1번,4821,2376,2445,546,540,709,873,718,1435,279,276,348,452,340,681,267,264,361,421,378,754,1950,0,1950
20231,A,골목상권,3110612,신정역 5번,8575,4209,4366,888,943,1285,1453,1353,2653,470,475,641,767,635,1221,418,468,644,686,718,1432,3753,0,3753
20231,A,골목상권,3110613,신정네거리역 4번,525,252,273,48,78,50,73,99,177,20,45,26,30,53,78,28,33,24,43,46,99,233,0,233
20231,A,골목상권,3110614,목동로데오거리,2453,1175,1278,306,223,398,420,344,762,136,124,202,212,153,348,170,99,196,208,191,414,1003,0,1003
20231,A,골목상권,3110615,신서초등학교,1139,555,584,175,179,133,170,217,265,97,89,71,78,97,123,78,90,62,92,120,142,398,0,398
20231,A,골목상권,3110616,양목초등학교,977,471,506,145,113,145,209,151,214,71,61,64,116,69,90,74,52,81,93,82,124,368,0,368
20231,A,골목상권,3110617,등촌역 4번,2491,1160,1331,272,255,453,416,360,735,136,137,201,224,155,307,136,118,252,192,205,428,1105,0,1105
20231,A,골목상권,3110618,강서고등학교,6476,3213,3263,733,1030,902,1002,1222,1587,370,605,459,507,561,711,363,425,443,495,661,876,2465,0,2465
20231,A,골목상권,3110619,목4동주민센터,1406,674,732,150,187,221,210,240,398,82,103,109,95,109,176,68,84,112,115,131,222,578,0,578
20231,A,골목상권,3110620,목동보건지소,8846,4409,4437,1187,1466,1115,1339,1730,2009,617,844,557,624,843,924,570,622,558,715,887,1085,3163,0,3163
20231,A,골목상권,3110621,목동역 5번,779,367,412,115,133,96,121,153,161,61,62,42,50,78,74,54,71,54,71,75,87,247,0,247
20231,A,골목상권,3110622,달마을공원,4212,2032,2180,429,476,907,719,607,1074,210,245,428,389,267,493,219,231,479,330,340,581,1769,0,1769
20231,A,골목상권,3110623,갈산공원,202,97,105,46,18,29,39,23,47,26,11,13,16,9,22,20,7,16,23,14,25,94,0,94
20231,A,골목상권,3110624,목동문화체육센터,2611,1278,1333,321,386,372,421,494,617,164,219,186,211,226,272,157,167,186,210,268,345,935,0,935
20231,A,골목상권,3110625,신정2동주민센터,3574,1774,1800,454,633,363,468,814,842,237,340,172,203,412,410,217,293,191,265,402,432,1264,0,1264
20231,A,골목상권,3110626,양화초등학교,6664,3188,3476,720,643,1490,1212,918,1681,374,348,677,620,414,755,346,295,813,592,504,926,2906,0,2906
20231,A,골목상권,3110627,신정롯데캐슬아파트,2534,1263,1271,266,393,325,338,506,706,136,218,172,161,246,330,130,175,153,177,260,376,958,0,958
20231,A,골목상권,3110628,신목동역,1474,750,724,174,158,326,250,227,339,99,86,148,137,114,166,75,72,178,113,113,173,668,0,668
20231,A,골목상권,3110629,송정역 4번,955,467,488,55,92,227,150,114,317,27,36,114,83,55,152,28,56,113,67,59,165,525,0,525
20231,A,골목상권,3110630,공항시장역 1번,5954,2910,3044,484,576,1243,857,882,1912,237,264,619,449,451,890,247,312,624,408,431,1022,3168,0,3168
20231,A,골목상권,3110631,방화초등학교,3603,1793,1810,478,404,489,573,608,1051,258,214,227,300,318,476,220,190,262,273,290,575,1361,0,1361
20231,A,골목상권,3110632,방화역 3번,1548,745,803,144,189,246,203,256,510,68,88,128,99,123,239,76,101,118,104,133,271,674,0,674
20231,A,골목상권,3110633,개화산역 1번,395,203,192,35,51,52,50,78,129,14,22,29,28,44,66,21,29,23,22,34,63,173,0,173
20231,A,골목상권,3110634,송정역 3번,8166,4182,3984,926,777,1430,1427,1234,2372,492,370,761,779,648,1132,434,407,669,648,586,1240,3949,0,3949
20231,A,골목상권,3110635,공항시장역 3번,3190,1622,1568,319,350,455,447,482,1137,167,185,242,238,258,532,152,165,213,209,224,605,1420,0,1420
20231,A,골목상권,3110636,방화역 2번,1290,649,641,185,116,208,232,171,378,93,68,94,111,100,183,92,48,114,121,71,195,528,0,528
20231,A,골목상권,3110637,송정역 2번,1930,977,953,176,214,320,281,307,632,86,119,160,155,157,300,90,95,160,126,150,332,848,0,848
20231,A,골목상권,3110638,신방화역 2번,5376,2740,2636,637,554,840,913,814,1618,327,297,439,492,419,766,310,257,401,421,395,852,2304,0,2304
20231,A,골목상권,3110639,신방화역 8번,3143,1576,1567,289,379,421,452,507,1095,145,195,214,247,255,520,144,184,207,205,252,575,1381,0,1381
20231,A,골목상권,3110640,방화역 1번,2336,1135,1201,218,200,479,442,360,637,112,85,178,241,211,308,106,115,301,201,149,329,1296,0,1296
20231,A,골목상권,3110641,공항고등학교,1547,785,762,219,159,221,282,241,425,121,80,114,136,121,213,98,79,107,146,120,212,566,0,566
20231,A,골목상권,3110642,정곡초등학교,829,406,423,134,80,116,151,118,230,63,39,62,79,48,115,71,41,54,72,70,115,296,0,296
20231,A,골목상권,3110643,강서구다솔마을,2448,1285,1163,290,206,355,515,396,686,156,107,185,293,209,335,134,99,170,222,187,351,1150,0,1150
20231,A,골목상권,3110644,신광명마을,813,402,411,104,85,102,136,133,253,54,44,52,69,74,109,50,41,50,67,59,144,319,0,319
20231,A,골목상권,3110645,우장산역 4번,7298,3471,3827,1035,1294,801,1135,1426,1607,505,600,394,526,707,739,530,694,407,609,719,868,2574,0,2574
20231,A,골목상권,3110646,푸른들청소년도서관,9126,4439,4687,947,1049,1502,1400,1419,2809,488,529,747,710,665,1300,459,520,755,690,754,1509,3720,0,3720
20231,A,골목상권,3110647,화곡역 5번,9384,4554,4830,1168,877,1617,1869,1341,2512,584,435,777,970,644,1144,584,442,840,899,697,1368,3875,0,3875
20231,A,골목상권,3110648,양천향교역 7번,1356,587,769,9,171,730,302,92,52,5,40,285,177,51,29,4,131,445,125,41,23,1254,0,1254
20231,A,골목상권,3110649,우장산역 1번,3107,1461,1646,521,491,372,535,574,614,244,220,190,234,282,291,277,271,182,301,292,323,1064,0,1064
20231,A,골목상권,3110650,우장산힐스테이트,884,415,469,148,118,94,151,154,219,73,52,43,67,79,101,75,66,51,84,75,118,293,0,293
20231,A,골목상권,3110651,화원중학교,6065,3010,3055,728,674,931,1072,915,1745,370,356,469,565,440,810,358,318,462,507,475,935,2401,0,2401
20231,A,골목상권,3110652,양천향교역 2번,1472,771,701,150,173,294,234,217,404,84,93,153,139,107,195,66,80,141,95,110,209,653,0,653
20231,A,골목상권,3110653,화곡역 2번,4682,2237,2445,437,429,852,822,629,1513,241,217,407,424,281,667,196,212,445,398,348,846,2068,0,2068
20231,A,골목상권,3110654,까치산역 4번,12767,6301,6466,1306,1303,2319,2197,1944,3698,665,655,1183,1166,938,1694,641,648,1136,1031,1006,2004,5393,0,5393
20231,A,골목상권,3110655,발산역 5번,1111,542,569,158,139,152,216,178,268,79,66,82,106,84,125,79,73,70,110,94,143,443,0,443
20231,A,골목상권,3110656,까치산역 3번,8787,4484,4303,684,617,2353,1770,1050,2313,307,294,1205,1027,557,1094,377,323,1148,743,493,1219,4830,0,4830
20231,A,골목상권,3110657,양천향교역 5번,962,470,492,73,111,206,184,145,243,41,58,96,99,67,109,32,53,110,85,78,134,499,0,499
20231,A,골목상권,3110658,화곡초등학교,3509,1765,1744,285,326,876,715,476,831,151,155,461,390,247,361,134,171,415,325,229,470,1837,0,1837
20231,A,골목상권,3110659,화곡역 4번,21341,10459,10882,3078,2295,3346,4280,3161,5181,1586,1133,1668,2235,1577,2260,1492,1162,1678,2045,1584,2921,8443,0,8443
20231,A,골목상권,3110660,등촌3동주민센터,1635,818,817,136,177,275,196,238,613,68,96,146,107,118,283,68,81,129,89,120,330,850,0,850
20231,A,골목상권,3110661,강서새말어린이공원,1462,716,746,200,160,193,291,238,380,100,81,97,150,113,175,100,79,96,141,125,205,577,0,577
20231,A,골목상권,3110662,까치산역 1번,13489,6575,6914,1612,1334,2120,2590,1941,3892,796,708,1024,1358,938,1751,816,626,1096,1232,1003,2141,5477,0,5477
20231,A,골목상권,3110663,우장산롯데캐슬아파트앞,1571,766,805,182,188,252,276,259,414,97,101,109,141,120,198,85,87,143,135,139,216,584,0,584
20231,A,골목상권,3110664,강서구청옆,672,328,344,122,64,102,147,67,170,68,36,44,80,28,72,54,28,58,67,39,98,246,0,246
20231,A,골목상권,3110665,곰달래도서관,5926,2957,2969,674,500,941,1062,839,1910,352,255,478,552,432,888,322,245,463,510,407,1022,2473,0,2473
20231,A,골목상권,3110666,KC대학교,2040,1034,1006,209,220,311,308,326,666,108,120,159,171,178,298,101,100,152,137,148,368,872,0,872
20231,A,골목상권,3110667,가양역 10번,593,252,341,41,56,103,91,83,219,20,28,38,46,38,82,21,28,65,45,45,137,335,0,335
20231,A,골목상권,3110668,화곡2동주민센터,9692,4732,4960,1393,1007,1410,1926,1484,2472,724,541,695,947,721,1104,669,466,715,979,763,1368,3813,0,3813
20231,A,골목상권,3110669,화곡보람2차아파트,775,378,397,104,83,139,174,112,163,51,48,61,90,53,75,53,35,78,84,59,88,320,0,320
20231,A,골목상권,3110670,신곡초등학교,8201,4004,4197,1204,981,1113,1506,1352,2045,595,500,579,753,652,925,609,481,534,753,700,1120,3100,0,3100
20231,A,골목상권,3110671,등촌1동주민센터,5933,2914,3019,735,571,1340,1102,795,1390,413,287,596,570,392,656,322,284,744,532,403,734,2804,0,2804
20231,A,골목상권,3110672,백석중학교,3285,1674,1611,394,467,497,497,592,838,213,269,272,255,275,390,181,198,225,242,317,448,1192,0,1192
20231,A,골목상권,3110673,뜸부기어린이공원,4489,2216,2273,435,396,765,779,623,1491,209,213,399,414,296,685,226,183,366,365,327,806,1994,0,1994
20231,A,골목상권,3110674,강서구청가양동별관,161,84,77,9,13,15,33,42,49,3,7,9,21,18,26,6,6,6,12,24,23,124,0,124
20231,A,골목상권,3110675,화곡4동주민센터,7877,3873,4004,861,882,1258,1385,1221,2270,447,448,655,732,589,1002,414,434,603,653,632,1268,3161,0,3161
20231,A,골목상권,3110676,등촌역 7번,3643,1728,1915,460,404,731,699,532,817,239,202,319,356,246,366,221,202,412,343,286,451,1482,0,1482
20231,A,골목상권,3110677,등촌역 1번,933,475,458,151,110,129,177,143,223,84,55,68,83,76,109,67,55,61,94,67,114,338,0,338
20231,A,골목상권,3110678,염창무학아파트,965,478,487,138,101,200,146,120,260,75,53,97,79,55,119,63,48,103,67,65,141,403,0,403
20231,A,골목상권,3110679,염창역 2번,774,348,426,61,60,241,160,102,150,26,23,94,85,49,71,35,37,147,75,53,79,450,0,450
20231,A,골목상권,3110680,온수역 5번(온수산업단지),1694,857,837,197,117,248,330,239,563,112,62,118,180,129,256,85,55,130,150,110,307,682,0,682
20231,A,골목상권,3110681,온수역 1번,182,95,87,15,12,36,40,13,66,12,3,18,22,6,34,3,9,18,18,7,32,97,0,97
20231,A,골목상권,3110682,온수역 8번,1003,489,514,126,107,121,168,144,337,62,54,56,82,75,160,64,53,65,86,69,177,355,0,355
20231,A,골목상권,3110683,오류고등학교,1603,800,803,231,222,201,253,258,438,126,119,96,130,131,198,105,103,105,123,127,240,542,0,542
20231,A,골목상권,3110684,서울공연예술고등학교,1392,673,719,158,193,187,213,232,409,76,110,94,103,108,182,82,83,93,110,124,227,535,0,535
20231,A,골목상권,3110685,금강수목원아파트,214,104,110,31,23,23,41,36,60,13,13,11,19,21,27,18,10,12,22,15,33,87,0,87
20231,A,골목상권,3110686,수궁동주민센터,4719,2323,2396,584,541,631,789,766,1408,290,302,312,405,372,642,294,239,319,384,394,766,1906,0,1906
20231,A,골목상권,3110687,"천왕역 3번(오류2동주민센터, 서울오류남초등학교)",631,317,314,77,81,72,122,94,185,39,38,38,69,48,85,38,43,34,53,46,100,251,0,251
20231,A,골목상권,3110688,오류지구대,2559,1261,1298,285,297,366,404,384,823,161,145,180,214,190,371,124,152,186,190,194,452,1043,0,1043
20231,A,골목상권,3110689,오류동역 3번,3159,1565,1594,335,340,450,490,501,1043,159,168,218,263,265,492,176,172,232,227,236,551,1403,0,1403
20231,A,골목상권,3110690,오류2동버들시장,5289,2640,2649,599,481,741,860,824,1784,313,260,348,481,411,827,286,221,393,379,413,957,2496,0,2496
20231,A,골목상권,3110691,개봉중학교,3182,1606,1576,312,393,423,485,534,1035,140,225,224,258,275,484,172,168,199,227,259,551,1342,0,1342
20231,A,골목상권,3110693,오류동역 4번,689,363,326,23,57,283,162,58,106,14,27,136,98,32,56,9,30,147,64,26,50,541,0,541
20231,A,골목상권,3110694,세곡초등학교,7183,3589,3594,671,906,961,988,1334,2323,314,507,470,517,680,1101,357,399,491,471,654,1222,3139,0,3139
20231,A,골목상권,3110695,개봉1동주민센터,5758,2949,2809,437,610,675,771,1004,2261,207,327,360,423,527,1105,230,283,315,348,477,1156,2764,0,2764
20231,A,골목상권,3110696,오류동역 1번,3472,1753,1719,367,352,501,607,554,1091,190,179,247,335,272,530,177,173,254,272,282,561,1477,0,1477
20231,A,골목상권,3110697,개봉3동주민센터,2743,1359,1384,333,329,374,486,452,769,166,158,193,278,212,352,167,171,181,208,240,417,1060,0,1060
20231,A,골목상권,3110698,개웅초등학교(개웅중학교),6663,3271,3392,725,843,893,1051,1127,2024,365,447,468,519,547,925,360,396,425,532,580,1099,2538,0,2538
20231,A,골목상권,3110699,덕의초등학교,1776,892,884,218,205,210,283,318,542,120,101,109,147,162,253,98,104,101,136,156,289,745,0,745
20231,A,골목상권,3110700,고척초등학교,3390,1713,1677,364,414,412,529,557,1114,183,217,222,291,281,519,181,197,190,238,276,595,1453,0,1453
20231,A,골목상권,3110701,고척동성당,1041,506,535,109,107,209,188,125,303,56,49,103,100,54,144,53,58,106,88,71,159,449,0,449
20231,A,골목상권,3110702,개봉초등학교,2019,977,1042,302,185,283,378,284,587,156,97,142,188,124,270,146,88,141,190,160,317,789,0,789
20231,A,골목상권,3110703,개봉역,2024,1001,1023,225,184,291,384,283,657,112,89,145,196,148,311,113,95,146,188,135,346,860,0,860
20231,A,골목상권,3110704,고척중학교,109,67,42,0,26,43,13,18,9,0,14,23,11,14,5,0,12,20,2,4,4,95,0,95
20231,A,골목상권,3110705,고산초등학교,551,270,281,78,100,104,105,79,85,45,54,56,52,28,35,33,46,48,53,51,50,263,0,263
20231,A,골목상권,3110706,그라운드 고척,530,295,235,28,49,95,84,81,193,18,25,54,49,49,100,10,24,41,35,32,93,323,0,323
20231,A,골목상권,3110707,구로창업지원센터,2357,1220,1137,196,261,334,320,359,887,88,140,186,173,202,431,108,121,148,147,157,456,1046,0,1046
20231,A,골목상권,3110708,화원어린이공원,1359,690,669,116,100,240,238,207,458,70,48,114,137,115,206,46,52,126,101,92,252,717,0,717
20231,A,골목상권,3110709,구로119안전센터,2908,1482,1426,217,270,371,402,578,1070,98,140,194,240,303,507,119,130,177,162,275,563,1404,0,1404
20231,A,골목상권,3110710,남구로역 3번,6572,3472,3100,419,579,713,850,1211,2800,230,308,383,499,672,1380,189,271,330,351,539,1420,3456,0,3456
20231,A,골목상권,3110711,구로초등학교,4335,2137,2198,379,464,496,571,792,1633,184,234,243,298,434,744,195,230,253,273,358,889,1999,0,1999
20231,A,골목상권,3110712,남구로역 5번,6148,3078,3070,481,695,811,891,1061,2209,252,416,441,464,510,995,229,279,370,427,551,1214,2629,0,2629
20231,A,골목상권,3110713,구로보건소,7582,3801,3781,713,778,1197,1146,1282,2466,342,409,586,620,671,1173,371,369,611,526,611,1293,3460,0,3460
20231,A,골목상권,3110714,구로4동주민센터,4887,2451,2436,465,431,558,725,915,1793,230,228,268,398,502,825,235,203,290,327,413,968,2344,0,2344
20231,A,골목상권,3110715,구로구민회관,1084,560,524,87,123,122,138,202,412,45,70,67,78,102,198,42,53,55,60,100,214,503,0,503
20231,A,골목상권,3110716,구로나눔길,815,414,401,61,83,87,102,156,326,33,38,44,59,91,149,28,45,43,43,65,177,395,0,395
20231,A,골목상권,3110717,남구로역 2번,8335,4343,3992,660,796,971,1249,1549,3110,327,411,512,709,860,1524,333,385,459,540,689,1586,4129,0,4129
20231,A,골목상권,3110718,한국SGI본부,2758,1278,1480,163,279,943,447,346,580,83,103,390,230,172,300,80,176,553,217,174,280,1785,0,1785
20231,A,골목상권,3110719,영서중학교,391,176,215,65,39,48,69,58,112,30,13,28,32,26,47,35,26,20,37,32,65,148,0,148
20231,A,골목상권,3110720,대림역 2번,2822,1404,1418,225,249,352,396,513,1087,110,135,182,212,259,506,115,114,170,184,254,581,1347,0,1347
20231,A,골목상권,3110721,가리봉파출소,2589,1348,1241,195,228,467,414,541,744,98,116,259,230,278,367,97,112,208,184,263,377,1414,0,1414
20231,A,골목상권,3110722,G타워,3967,2182,1785,64,207,2349,800,246,301,38,63,1243,518,162,158,26,144,1106,282,84,143,3496,0,3496
20231,A,골목상권,3110723,가산디지털단지역 1번 출입구,903,466,437,51,76,131,137,164,344,17,40,78,76,88,167,34,36,53,61,76,177,506,0,506
20231,A,골목상권,3110724,금천구립가산도서관,2731,1679,1052,154,190,1009,506,367,505,76,90,651,353,231,278,78,100,358,153,136,227,1905,0,1905
20231,A,골목상권,3110725,가산동주민센터,1069,613,456,13,39,367,184,204,262,4,11,170,108,148,172,9,28,197,76,56,90,959,0,959
20231,A,골목상권,3110726,금천철쭉어린이공원(금하마을),2030,1029,1001,187,265,253,304,404,617,89,124,145,175,204,292,98,141,108,129,200,325,930,0,930
20231,A,골목상권,3110727,독산역 1번 출입구,858,463,395,94,48,228,177,107,204,47,25,132,104,46,109,47,23,96,73,61,95,434,0,434
20231,A,골목상권,3110728,두산초등학교,1428,797,631,93,118,584,258,150,225,48,42,327,175,89,116,45,76,257,83,61,109,992,0,992
20231,A,골목상권,3110729,가산동우체국,2732,1576,1156,94,227,915,468,399,629,48,81,524,319,266,338,46,146,391,149,133,291,2050,0,2050
20231,A,골목상권,3110730,서울축산농협 독산역지점(독산파출소),2024,1150,874,185,181,452,340,314,552,100,93,268,215,194,280,85,88,184,125,120,272,1113,0,1113
20231,A,골목상권,3110731,금천구청역 1번 출입구,1175,594,581,160,92,240,268,170,245,83,44,115,140,91,121,77,48,125,128,79,124,572,0,572
20231,A,골목상권,3110732,가산초등학교(세일중학교),2396,1296,1100,144,191,699,342,364,656,74,76,367,213,223,343,70,115,332,129,141,313,1550,0,1550
20231,A,골목상권,3110733,금천어울림복지센터,284,144,140,17,30,81,44,35,77,6,16,40,28,14,40,11,14,41,16,21,37,151,0,151
20231,A,골목상권,3110734,금천파출소,208,118,90,14,10,23,28,41,92,8,5,15,16,33,41,6,5,8,12,8,51,112,0,112
20231,A,골목상권,3110735,말미고개,5877,2975,2902,623,616,988,815,1020,1815,337,320,520,426,510,862,286,296,468,389,510,953,2535,0,2535
20231,A,골목상권,3110736,독산119안전센터,5078,2522,2556,514,540,726,770,927,1601,243,256,383,377,472,791,271,284,343,393,455,810,2141,0,2141
20231,A,골목상권,3110737,금천세무서,2339,1213,1126,174,242,426,328,431,738,83,141,208,179,229,373,91,101,218,149,202,365,1202,0,1202
20231,A,골목상권,3110738,문성초등학교,3587,1805,1782,233,369,384,442,756,1403,119,189,209,219,408,661,114,180,175,223,348,742,1893,0,1893
20231,A,골목상권,3110739,시흥3동 우편취급국,305,157,148,14,48,47,27,61,108,7,27,27,13,31,52,7,21,20,14,30,56,107,0,107
20231,A,골목상권,3110740,금천해태공원,5596,2822,2774,514,613,767,772,985,1945,254,318,413,422,508,907,260,295,354,350,477,1038,2497,0,2497
20231,A,골목상권,3110741,독산2동주민센터,3979,2022,1957,359,478,602,537,789,1214,170,262,327,284,391,588,189,216,275,253,398,626,1770,0,1770
20231,A,골목상권,3110742,KT금천빌딩(금천구시설관리공단),225,111,114,16,26,20,36,49,78,6,16,10,21,22,36,10,10,10,15,27,42,109,0,109
20231,A,골목상권,3110743,시흥초등학교(시흥1동우체국),4739,2391,2348,468,531,640,663,873,1564,250,290,336,351,451,713,218,241,304,312,422,851,2092,0,2092
20231,A,골목상권,3110744,독산동성당,9027,4576,4451,743,1048,1166,1252,1809,3009,363,536,639,666,930,1442,380,512,527,586,879,1567,4151,0,4151
20231,A,골목상권,3110745,독산동정훈단지,3025,1549,1476,247,380,390,383,647,978,125,201,218,202,336,467,122,179,172,181,311,511,1351,0,1351
20231,A,골목상권,3110746,금천금빛공원(은행나무사거리서측),1705,833,872,129,205,220,232,330,589,65,98,108,124,165,273,64,107,112,108,165,316,778,0,778
20231,A,골목상권,3110747,석수역 1번 출입구,1088,544,544,98,100,162,144,149,435,43,57,84,87,66,207,55,43,78,57,83,228,422,0,422
20231,A,골목상권,3110748,백산초등학교,2000,1012,988,176,206,260,316,338,704,92,118,154,144,173,331,84,88,106,172,165,373,925,0,925
20231,A,골목상권,3110749,금산초등학교(금천고등학교),5178,2588,2590,603,548,725,788,788,1726,288,291,380,412,394,823,315,257,345,376,394,903,1932,0,1932
20231,A,골목상권,3110750,시흥4동주민센터(서울신흥초등학교),5109,2598,2511,474,530,608,736,924,1837,241,268,314,413,495,867,233,262,294,323,429,970,2386,0,2386
20231,A,골목상권,3110751,난곡중학교,5859,2920,2939,502,633,844,861,1082,1937,246,336,419,475,542,902,256,297,425,386,540,1035,2633,0,2633
20231,A,골목상권,3110752,한울중학교,6605,3294,3311,685,792,918,924,1205,2081,357,410,472,470,609,976,328,382,446,454,596,1105,2589,0,2589
20231,A,골목상권,3110753,시흥동 은행나무사거리,7155,3629,3526,676,859,897,952,1225,2546,357,440,476,514,635,1207,319,419,421,438,590,1339,3125,0,3125
20231,A,골목상권,3110754,삼성산자연공원(서울금천초등학교),4570,2256,2314,482,533,625,574,824,1532,260,256,345,289,409,697,222,277,280,285,415,835,1966,0,1966
20231,A,골목상권,3110755,동일여자고등학교,1546,786,760,174,207,169,221,306,469,80,106,98,116,163,223,94,101,71,105,143,246,644,0,644
20231,A,골목상권,3110756,문래중학교,2567,1274,1293,411,194,678,703,267,314,217,86,312,380,134,145,194,108,366,323,133,169,1215,0,1215
20231,A,골목상권,3110757,양평역 2번,1494,812,682,57,145,436,271,238,347,28,71,235,169,152,157,29,74,201,102,86,190,983,0,983
20231,A,골목상권,3110758,문래소공원,1219,601,618,242,125,196,275,182,199,128,55,90,140,98,90,114,70,106,135,84,109,453,0,453
20231,A,골목상권,3110759,문래예술촌(문래창작촌),1455,814,641,170,70,341,265,183,426,95,32,179,170,120,218,75,38,162,95,63,208,852,0,852
20231,A,골목상권,3110760,선유도역 6번,964,492,472,127,99,221,181,112,224,66,54,114,103,57,98,61,45,107,78,55,126,444,0,444
20231,A,골목상권,3110761,문래동남성맨션,25,16,9,0,0,2,6,0,17,0,0,1,4,0,11,0,0,1,2,0,6,17,0,17
20231,A,골목상권,3110762,선유도역 1번,10608,5340,5268,1338,1012,2473,1896,1447,2442,667,501,1178,1017,777,1200,671,511,1295,879,670,1242,4829,0,4829
20231,A,골목상권,3110763,영등포구청역 2번,1021,514,507,141,77,202,201,125,275,77,32,99,105,66,135,64,45,103,96,59,140,471,0,471
20231,A,골목상권,3110764,문래역 3번,56,33,23,1,4,29,7,6,9,1,2,15,3,5,7,0,2,14,4,1,2,51,0,51
20231,A,골목상권,3110765,문래동사거리,122,66,56,7,6,13,21,13,62,4,3,10,14,9,26,3,3,3,7,4,36,60,0,60
20231,A,골목상권,3110766,대림역 5번,2819,1434,1385,238,241,428,422,500,990,125,128,240,226,258,457,113,113,188,196,242,533,1400,0,1400
20231,A,골목상권,3110767,도림동주민센터,944,505,439,48,56,135,115,194,396,22,32,69,66,116,200,26,24,66,49,78,196,639,0,639
20231,A,골목상권,3110768,도림2동유수지내체육시설,1403,676,727,105,111,525,265,139,258,59,55,218,138,72,134,46,56,307,127,67,124,828,0,828
20231,A,골목상권,3110769,대림차이나타운(대림역 12번),973,464,509,80,84,90,139,180,400,40,49,44,59,86,186,40,35,46,80,94,214,489,0,489
20231,A,골목상권,3110770,영등포구청역 6번,1717,813,904,119,165,362,239,259,573,51,80,165,130,142,245,68,85,197,109,117,328,926,0,926
20231,A,골목상권,3110771,대림역 11번,859,428,431,52,62,76,139,183,347,22,35,36,68,100,167,30,27,40,71,83,180,536,0,536
20231,A,골목상권,3110776,도신초등학교,3951,2025,1926,377,499,489,532,763,1291,180,287,260,290,393,615,197,212,229,242,370,676,1597,0,1597
20231,A,골목상권,3110772,신우어린이공원,1357,704,653,138,158,207,207,245,402,76,85,123,92,133,195,62,73,84,115,112,207,578,0,578
20231,A,골목상권,3110773,당산역 13번,139,61,78,6,14,35,34,23,27,3,4,14,13,14,13,3,10,21,21,9,14,96,0,96
20231,A,골목상권,3110774,당산반도유보라팰리스아파트,1173,570,603,82,99,470,216,115,191,50,46,216,114,48,96,32,53,254,102,67,95,778,0,778
20231,A,골목상권,3110775,대동초등학교,925,466,459,75,80,114,119,174,363,47,42,64,58,85,170,28,38,50,61,89,193,439,0,439
20231,A,골목상권,3110777,구로세무서,161,121,40,2,7,6,14,25,107,2,4,2,11,20,82,0,3,4,3,5,25,139,0,139
20231,A,골목상권,3110778,구로디지털단지역 4번,4386,2156,2230,343,409,570,573,769,1722,163,210,299,305,382,797,180,199,271,268,387,925,2163,0,2163
20231,A,골목상권,3110779,대림갑을명가아파트,337,167,170,24,30,27,49,64,143,13,16,12,27,37,62,11,14,15,22,27,81,170,0,170
20231,A,골목상권,3110780,신길대성유니드아파트,3774,1920,1854,407,398,438,592,655,1284,228,209,238,318,342,585,179,189,200,274,313,699,1621,0,1621
20231,A,골목상권,3110781,대림한신아파트,3804,1931,1873,342,465,477,506,684,1330,167,242,278,292,336,616,175,223,199,214,348,714,1596,0,1596
20231,A,골목상권,3110782,영등포시장역 4번,524,283,241,31,44,202,97,52,98,19,19,116,54,29,46,12,25,86,43,23,52,364,0,364
20231,A,골목상권,3110783,영등포시장역 1번,822,451,371,87,63,105,123,141,303,45,28,59,66,84,169,42,35,46,57,57,134,419,0,419
20231,A,골목상권,3110784,신대림초등학교,1161,579,582,98,121,179,173,190,400,42,61,94,96,102,184,56,60,85,77,88,216,562,0,562
20231,A,골목상권,3110785,영등포푸르지오아파트,3762,1908,1854,333,354,486,568,682,1339,172,193,250,309,352,632,161,161,236,259,330,707,1736,0,1736
20231,A,골목상권,3110786,당산역 8번,2123,1085,1038,169,191,582,336,277,568,89,96,305,183,148,264,80,95,277,153,129,304,1131,0,1131
20231,A,골목상권,3110787,신길3동주민센터,3666,1877,1789,276,391,432,497,743,1327,146,211,229,267,398,626,130,180,203,230,345,701,1791,0,1791
20231,A,골목상권,3110788,영등포시장역 3번,29,14,15,0,0,3,6,3,17,0,0,1,4,1,8,0,0,2,2,2,9,21,0,21
20231,A,골목상권,3110789,대림성모병원,1863,931,932,140,175,283,277,319,669,69,93,140,147,172,310,71,82,143,130,147,359,971,0,971
20231,A,골목상권,3110790,대림1동주민센터,3498,1717,1781,257,393,497,461,615,1275,140,210,266,230,295,576,117,183,231,231,320,699,1628,0,1628
20231,A,골목상권,3110791,신풍역 3번,237,125,112,28,18,32,53,28,78,14,13,12,30,15,41,14,5,20,23,13,37,100,0,100
20231,A,골목상권,3110792,영등포역 2번,4329,2212,2117,330,351,736,623,750,1539,173,189,393,342,387,728,157,162,343,281,363,811,2265,0,2265
20231,A,골목상권,3110793,대림썬프라자,9,5,4,0,0,3,0,1,5,0,0,1,0,1,3,0,0,2,0,0,2,4,0,4
20231,A,골목상권,3110794,영동초등학교,2865,1276,1589,144,184,1530,521,203,283,76,79,578,281,115,147,68,105,952,240,88,136,2180,0,2180
20231,A,골목상권,3110795,도림초등학교,1969,978,991,181,196,230,235,356,771,93,110,116,121,180,358,88,86,114,114,176,413,928,0,928
20231,A,골목상권,3110796,한림대학교한강성심병원,888,503,385,61,70,279,167,103,208,33,35,142,101,75,117,28,35,137,66,28,91,583,0,583
20231,A,골목상권,3110797,KT대방빌딩,282,143,139,26,21,38,43,42,112,13,12,20,23,23,52,13,9,18,20,19,60,129,0,129
20231,A,골목상권,3110798,신풍역 2번,628,329,299,87,54,94,97,105,191,48,32,52,49,50,98,39,22,42,48,55,93,259,0,259
20231,A,골목상권,3110799,영등포본동주민센터,657,312,345,46,72,107,79,114,239,19,35,59,41,50,108,27,37,48,38,64,131,323,0,323
20231,A,골목상권,3110800,영등포동성당,589,366,223,12,29,264,96,61,127,5,14,175,65,47,60,7,15,89,31,14,67,484,0,484
20231,A,골목상권,3110801,신풍역 6번(신길6동공영주차장),249,128,121,20,19,29,31,40,110,9,11,17,15,24,52,11,8,12,16,16,58,115,0,115
20231,A,골목상권,3110802,신길동홍어거리,1321,639,682,107,145,185,177,240,467,54,80,94,89,119,203,53,65,91,88,121,264,611,0,611
20231,A,골목상권,3110803,신길2동우편취급국,2778,1427,1351,191,250,411,389,419,1118,99,141,224,210,226,527,92,109,187,179,193,591,1407,0,1407
20231,A,골목상권,3110804,신풍역 1번,2096,1012,1084,163,198,362,290,322,761,73,95,203,149,161,331,90,103,159,141,161,430,1033,0,1033
20231,A,골목상권,3110805,신길새마을금고신길4동지점,615,318,297,31,64,98,85,106,231,12,30,55,51,60,110,19,34,43,34,46,121,326,0,326
20231,A,골목상권,3110807,신길역 3번,1313,718,595,35,95,767,229,85,102,20,31,420,141,53,53,15,64,347,88,32,49,1112,0,1112
20231,A,골목상권,3110808,신길역 1번,711,403,308,50,70,173,100,120,198,26,37,116,63,68,93,24,33,57,37,52,105,388,0,388
20231,A,골목상권,3110809,장훈고등학교,781,395,386,55,79,117,104,152,274,26,39,58,55,82,135,29,40,59,49,70,139,377,0,377
20231,A,골목상권,3110810,영신초등학교,3227,1604,1623,233,312,453,414,537,1278,119,168,239,237,266,575,114,144,214,177,271,703,1559,0,1559
20231,A,골목상권,3110811,보라매역 4번,1721,874,847,143,170,378,259,249,522,84,88,190,139,128,245,59,82,188,120,121,277,844,0,844
20231,A,골목상권,3110812,신길6동주민센터,1484,726,758,111,154,355,248,216,400,62,89,148,132,105,190,49,65,207,116,111,210,807,0,807
20231,A,골목상권,3110813,보라매역 6번,2000,1007,993,170,201,295,261,309,764,92,114,152,144,156,349,78,87,143,117,153,415,957,0,957
20231,A,골목상권,3110814,서울지방병무청,3842,1926,1916,308,435,738,557,674,1130,171,208,378,318,340,511,137,227,360,239,334,619,1841,0,1841
20231,A,골목상권,3110815,공군호텔,4845,2490,2355,374,451,1078,817,742,1383,198,226,560,454,415,637,176,225,518,363,327,746,2769,0,2769
20231,A,골목상권,3110816,대방역 6번,1934,999,935,149,137,407,359,263,619,77,68,229,204,138,283,72,69,178,155,125,336,1062,0,1062
20231,A,골목상권,3110817,대방역 4번,690,386,304,25,43,271,109,77,165,15,19,157,72,43,80,10,24,114,37,34,85,493,0,493
20231,A,골목상권,3110818,신대방역 3번,811,398,413,58,81,198,143,119,212,20,35,103,78,66,96,38,46,95,65,53,116,472,0,472
20231,A,골목상권,3110819,신대방역 4번,5348,2634,2714,449,596,862,781,920,1740,238,298,444,393,473,788,211,298,418,388,447,952,2782,0,2782
20231,A,골목상권,3110820,성남고등학교,3939,1939,2000,521,582,675,657,706,798,254,320,319,329,355,362,267,262,356,328,351,436,1692,0,1692
20231,A,골목상권,3110821,보라매역 2번,6552,3216,3336,768,722,1103,1219,1011,1729,420,356,537,641,496,766,348,366,566,578,515,963,2845,0,2845
20231,A,골목상권,3110822,신대방삼거리역 4번(대림초등학교),5124,2467,2657,577,706,902,834,858,1247,288,391,420,383,422,563,289,315,482,451,436,684,2074,0,2074
20231,A,골목상권,3110823,신대방삼거리역 3번,3347,1649,1698,317,364,733,558,500,875,181,194,333,291,231,419,136,170,400,267,269,456,1582,0,1582
20231,A,골목상권,3110824,대방역 3번,518,251,267,66,55,140,79,85,93,34,24,66,42,49,36,32,31,74,37,36,57,297,0,297
20231,A,골목상권,3110825,신대방삼거리역 1번,8895,4304,4591,913,877,1863,1596,1202,2444,478,432,879,818,580,1117,435,445,984,778,622,1327,4103,0,4103
20231,A,골목상권,3110826,장승배기역 4번,4270,2092,2178,348,400,1021,723,557,1221,173,204,511,389,264,551,175,196,510,334,293,670,2170,0,2170
20231,A,골목상권,3110827,NH농협은행 상도동지점,2352,1171,1181,199,263,409,381,389,711,100,141,206,202,196,326,99,122,203,179,193,385,1163,0,1163
20231,A,골목상권,3110828,노량진역 6번,7794,3977,3817,514,865,1459,1059,1213,2684,278,439,818,584,622,1236,236,426,641,475,591,1448,3954,0,3954
20231,A,골목상권,3110829,장승배기역 5번,3301,1655,1646,216,334,565,391,563,1232,114,183,289,210,297,562,102,151,276,181,266,670,1627,0,1627
20231,A,골목상권,3110830,상도초등학교,4589,2268,2321,456,417,676,766,710,1564,242,222,346,412,360,686,214,195,330,354,350,878,2166,0,2166
20231,A,골목상권,3110835,상도역 1번,1187,557,630,101,121,321,166,128,350,46,65,151,83,58,154,55,56,170,83,70,196,595,0,595
20231,A,골목상권,3110831,상도4동주민센터,2614,1294,1320,335,282,470,447,404,676,178,156,232,228,202,298,157,126,238,219,202,378,1052,0,1052
20231,A,골목상권,3110832,노량진초등학교,3203,1648,1555,209,307,618,428,475,1166,95,156,382,239,258,518,114,151,236,189,217,648,1832,0,1832
20231,A,골목상권,3110833,상도역 2번,2057,1007,1050,212,242,499,350,263,491,118,112,252,181,133,211,94,130,247,169,130,280,983,0,983
20231,A,골목상권,3110834,동작구자원봉사센터,1044,560,484,78,108,284,163,138,273,38,52,179,99,79,113,40,56,105,64,59,160,588,0,588
20231,A,골목상권,3110836,상도역 5번,9006,4589,4417,877,1446,2237,1287,1060,2099,469,710,1308,659,504,939,408,736,929,628,556,1160,4631,0,4631
20231,A,골목상권,3110837,숭실대입구역 1번,4190,2068,2122,348,547,1115,633,472,1075,181,250,590,330,232,485,167,297,525,303,240,590,2182,0,2182
20231,A,골목상권,3110838,상도1동주민센터앞,105,60,45,3,13,28,14,15,32,2,7,18,8,11,14,1,6,10,6,4,18,61,0,61
20231,A,골목상권,3110839,숭실대입구역 4번,1966,1019,947,130,305,594,244,186,507,66,145,364,120,92,232,64,160,230,124,94,275,1111,0,1111
20231,A,골목상권,3110840,중앙대학교,2040,1035,1005,157,284,520,263,246,570,76,132,324,139,120,244,81,152,196,124,126,326,1125,0,1125
20231,A,골목상권,3110841,중대부중,2378,1172,1206,152,228,387,372,369,870,78,112,212,203,184,383,74,116,175,169,185,487,1155,0,1155
20231,A,골목상권,3110842,흑리단길,564,251,313,50,60,91,72,88,203,23,27,39,33,42,87,27,33,52,39,46,116,296,0,296
20231,A,골목상권,3110843,사당5동주민센터,1751,844,907,192,174,340,316,253,476,110,85,143,166,129,211,82,89,197,150,124,265,934,0,934
20231,A,골목상권,3110844,흑석2치안센터,923,458,465,74,80,140,141,140,348,42,41,80,78,69,148,32,39,60,63,71,200,430,0,430
20231,A,골목상권,3110845,사당종합체육관,1728,845,883,223,191,208,291,276,539,113,101,107,156,137,231,110,90,101,135,139,308,656,0,656
20231,A,골목상권,3110846,남성역 1번,8784,4256,4528,815,864,1586,1558,1270,2691,418,421,779,814,628,1196,397,443,807,744,642,1495,4065,0,4065
20231,A,골목상권,3110847,예술인마을,4390,2167,2223,391,390,913,769,547,1380,216,225,449,393,245,639,175,165,464,376,302,741,1801,0,1801
20231,A,골목상권,3110848,양지어린이공원,4937,2356,2581,497,448,1022,923,673,1374,250,227,472,474,327,606,247,221,550,449,346,768,2257,0,2257
20231,A,골목상권,3110849,이수역 10번,3953,1945,2008,312,355,755,649,612,1270,159,184,389,320,313,580,153,171,366,329,299,690,2000,0,2000
20231,A,골목상권,3110850,사당역 10번,8052,3855,4197,567,657,2250,1377,934,2267,317,324,1046,707,446,1015,250,333,1204,670,488,1252,4312,0,4312
20231,A,골목상권,3110851,경문고등학교(동작동성당),3500,1719,1781,296,339,584,540,525,1216,145,200,295,285,248,546,151,139,289,255,277,670,1565,0,1565
20231,A,골목상권,3110852,이수역 9번,1866,887,979,123,139,402,319,268,615,68,74,160,181,135,269,55,65,242,138,133,346,1073,0,1073
20231,A,골목상권,3110853,KT구로지사,2045,1088,957,152,121,623,369,266,514,81,53,338,222,147,247,71,68,285,147,119,267,1253,0,1253
20231,A,골목상권,3110854,조원동주민센터,2214,1144,1070,212,217,390,417,326,652,110,101,220,233,167,313,102,116,170,184,159,339,1057,0,1057
20231,A,골목상권,3110855,신대방역 2번,4326,2140,2186,328,397,1214,790,564,1033,165,168,594,410,300,503,163,229,620,380,264,530,2555,0,2555
20231,A,골목상권,3110856,미성초등학교,3964,1960,2004,390,379,751,631,606,1207,196,174,395,355,299,541,194,205,356,276,307,666,1946,0,1946
20231,A,골목상권,3110857,미성동주민센터,5001,2552,2449,518,567,697,781,833,1605,286,303,376,416,426,745,232,264,321,365,407,860,2165,0,2165
20231,A,골목상권,3110858,신대방역 1번,803,395,408,57,70,227,129,108,212,32,30,106,58,64,105,25,40,121,71,44,107,478,0,478
20231,A,골목상권,3110859,난향초등학교,3305,1704,1601,318,367,406,495,531,1188,151,201,219,277,305,551,167,166,187,218,226,637,1482,0,1482
20231,A,골목상권,3110860,호림박물관(성보고등학교),2239,1110,1129,119,313,608,365,326,508,59,132,317,204,151,247,60,181,291,161,175,261,1329,0,1329
20231,A,골목상권,3110861,관악구신사동주민센터,7384,3718,3666,629,835,1600,1213,1263,1844,330,427,833,645,614,869,299,408,767,568,649,975,3668,0,3668
20231,A,골목상권,3110862,난곡초등학교(난곡동벽화마을),2392,1185,1207,215,259,394,357,388,779,97,125,215,181,196,371,118,134,179,176,192,408,1094,0,1094
20231,A,골목상권,3110863,난우초등학교,4371,2206,2165,497,540,583,664,742,1345,249,293,306,355,367,636,248,247,277,309,375,709,1768,0,1768
20231,A,골목상권,3110864,신림우방아파트,5109,2576,2533,492,562,1020,850,770,1415,257,282,549,425,387,676,235,280,471,425,383,739,2491,0,2491
20231,A,골목상권,3110865,남강고등학교(남강중학교),9533,4766,4767,1018,1168,1336,1392,1715,2904,532,600,720,750,833,1331,486,568,616,642,882,1573,3960,0,3960
20231,A,골목상권,3110866,난우중학교,5150,2631,2519,508,563,686,786,807,1800,272,283,385,435,416,840,236,280,301,351,391,960,2270,0,2270
20231,A,골목상권,3110867,국제신학대학원대학교(남서울중학교),3398,1712,1686,232,300,870,560,431,1005,114,146,460,315,205,472,118,154,410,245,226,533,1838,0,1838
20231,A,골목상권,3110868,남부초등학교,3111,1602,1509,261,319,668,499,461,903,140,170,369,275,229,419,121,149,299,224,232,484,1532,0,1532
20231,A,골목상권,3110869,"신림역 5번(신림동주민센터, 신림동별빛거리)",10494,5254,5240,479,953,4207,1949,1014,1892,257,387,2137,1099,525,849,222,566,2070,850,489,1043,7439,0,7439
20231,A,골목상권,3110870,신림주공2단지(광신고등학교),2327,1168,1159,181,227,256,348,400,915,98,117,143,192,201,417,83,110,113,156,199,498,936,0,936
20231,A,골목상권,3110871,신원동주민센터,1957,971,986,130,183,457,301,267,619,64,94,250,165,126,272,66,89,207,136,141,347,1023,0,1023
20231,A,골목상권,3110872,신림초등학교,2895,1430,1465,286,328,565,518,409,789,149,171,306,260,211,333,137,157,259,258,198,456,1386,0,1386
20231,A,골목상권,3110873,당곡중학교,4993,2495,2498,475,547,857,815,799,1500,251,293,443,416,404,688,224,254,414,399,395,812,2316,0,2316
20231,A,골목상권,3110874,원신초등학교(구세군관악영문교회),3303,1679,1624,179,262,376,417,536,1533,89,123,227,244,321,675,90,139,149,173,215,858,1734,0,1734
20231,A,골목상권,3110875,보라매동주민센터(당곡고등학교),3019,1512,1507,288,289,573,537,456,876,138,150,319,284,215,406,150,139,254,253,241,470,1449,0,1449
20231,A,골목상권,3110876,서원동주민센터(신관중학교),2916,1485,1431,155,245,1036,542,302,636,79,116,561,298,152,279,76,129,475,244,150,357,1899,0,1899
20231,A,골목상권,3110877,신림역 8번,3188,1649,1539,101,308,1354,539,285,601,55,109,709,321,171,284,46,199,645,218,114,317,2385,0,2385
20231,A,골목상권,3110878,미림여고,1998,1022,976,204,215,314,301,340,624,110,117,163,167,174,291,94,98,151,134,166,333,790,0,790
20231,A,골목상권,3110879,신림현대아파트,1784,959,825,108,157,297,251,309,662,68,77,163,162,177,312,40,80,134,89,132,350,1039,0,1039
20231,A,골목상권,3110880,신림역 1번,1419,703,716,90,132,437,256,160,344,50,56,240,131,70,156,40,76,197,125,90,188,866,0,866
20231,A,골목상권,3110881,구립대학경로당(관악산샘말공원),9588,6116,3472,437,1037,3103,1809,1328,1874,241,531,2148,1299,956,941,196,506,955,510,372,933,6910,0,6910
20231,A,골목상권,3110882,신성초등학교,5168,2995,2173,329,529,1493,952,716,1149,173,271,948,616,429,558,156,258,545,336,287,591,3239,0,3239
20231,A,골목상권,3110883,은천초등학교(은천교앞),4525,2275,2250,403,384,882,789,633,1434,205,197,463,448,336,626,198,187,419,341,297,808,2210,0,2210
20231,A,골목상권,3110884,봉천역 4번(봉천110안전센터),1189,576,613,83,112,327,169,149,349,42,52,145,97,73,167,41,60,182,72,76,182,660,0,660
20231,A,골목상권,3110885,영락고등학교,6068,3189,2879,492,634,1516,1034,796,1596,256,326,850,594,425,738,236,308,666,440,371,858,3201,0,3201
20231,A,골목상권,3110886,관악해태어린이공원,3250,2111,1139,117,402,1415,552,301,463,73,208,986,409,206,229,44,194,429,143,95,234,2507,0,2507
20231,A,골목상권,3110887,서울산업정보학교(서울삼성초등학교),1703,1054,649,98,199,648,270,166,322,51,117,467,178,97,144,47,82,181,92,69,178,1218,0,1218
20231,A,골목상권,3110888,청룡동주민센터,1357,708,649,72,100,225,212,235,513,46,44,109,106,146,257,26,56,116,106,89,256,889,0,889
20231,A,골목상권,3110889,봉천역 6번,2316,1164,1152,203,205,576,396,282,654,112,108,292,204,143,305,91,97,284,192,139,349,1129,0,1129
20231,A,골목상권,3110890,봉천역 1번(관악초등학교),3044,1466,1578,165,317,1102,490,333,637,80,150,518,267,162,289,85,167,584,223,171,348,1927,0,1927
20231,A,골목상권,3110891,구암초등학교,983,489,494,95,118,121,143,168,338,43,58,73,71,97,147,52,60,48,72,71,191,409,0,409
20231,A,골목상권,3110892,관악구 중앙길,11827,5825,6002,881,1159,2939,1791,1603,3454,459,540,1484,970,820,1552,422,619,1455,821,783,1902,6163,0,6163
20231,A,골목상권,3110893,관악소방서(문영여고),292,145,147,17,50,96,45,36,48,8,19,51,23,20,24,9,31,45,22,16,24,188,0,188
20231,A,골목상권,3110894,관악동부센트레빌아파트(은천로35라길),1703,832,871,217,168,270,334,242,472,113,86,137,163,115,218,104,82,133,171,127,254,694,0,694
20231,A,골목상권,3110895,샤로수길,9132,4648,4484,684,1011,2923,1389,1045,2080,365,461,1568,761,543,950,319,550,1355,628,502,1130,5418,0,5418
20231,A,골목상권,3110896,관악우성아파트,222,115,107,23,25,31,36,33,74,13,14,19,18,18,33,10,11,12,18,15,41,108,0,108
20231,A,골목상권,3110897,서울대입구역 8번,5445,2717,2728,368,494,1410,800,701,1672,177,245,720,436,369,770,191,249,690,364,332,902,3057,0,3057
20231,A,골목상권,3110898,청림동주민센터(상도중학교),2605,1303,1302,325,283,326,391,424,856,159,145,199,204,219,377,166,138,127,187,205,479,1007,0,1007
20231,A,골목상권,3110899,낙성대역 5번(관악중학교),3172,1513,1659,155,232,1282,598,281,624,80,90,607,322,144,270,75,142,675,276,137,354,2129,0,2129
20231,A,골목상권,3110900,낙성대역 1번(관악구민 종합체육센터),6613,3335,3278,512,611,2338,1116,733,1303,246,307,1184,628,384,586,266,304,1154,488,349,717,3926,0,3926
20231,A,골목상권,3110901,인헌고등학교(인헌중학교),5321,2566,2755,524,567,1001,932,828,1469,275,290,489,449,398,665,249,277,512,483,430,804,2327,0,2327
20231,A,골목상권,3110902,사당역 4번,9327,4431,4896,794,814,2483,1568,1105,2563,400,359,1186,812,506,1168,394,455,1297,756,599,1395,4595,0,4595
20231,A,골목상권,3110903,방배아이파크아파트,4273,1955,2318,466,667,602,638,886,1014,238,266,283,287,412,469,228,401,319,351,474,545,1673,0,1673
20231,A,골목상권,3110904,이수역 5번,902,421,481,93,106,162,138,129,274,46,46,68,64,62,135,47,60,94,74,67,139,365,0,365
20231,A,골목상권,3110905,방배노인종합복지관(이수중학교),4142,1966,2176,504,518,696,668,661,1095,250,261,335,328,306,486,254,257,361,340,355,609,1601,0,1601
20231,A,골목상권,3110906,서문여고,1209,535,674,156,191,171,198,226,267,67,70,84,84,109,121,89,121,87,114,117,146,457,0,457
20231,A,골목상권,3110907,방배초등학교,3382,1521,1861,493,474,477,585,600,753,234,182,204,277,277,347,259,292,273,308,323,406,1310,0,1310
20231,A,골목상권,3110908,구반포역,85,47,38,12,17,3,8,27,18,7,9,3,3,14,11,5,8,0,5,13,7,25,0,25
20231,A,골목상권,3110909,남태령역(서울전자고등학교),769,380,389,60,98,115,101,111,284,31,45,68,53,51,132,29,53,47,48,60,152,325,0,325
20231,A,골목상권,3110910,내방역 5번,2373,1061,1312,306,221,494,512,357,483,142,93,199,236,174,217,164,128,295,276,183,266,1070,0,1070
20231,A,골목상권,3110911,방배배수지체육공원,29,14,15,2,5,8,2,3,9,1,2,4,1,1,5,1,3,4,1,2,4,15,0,15
20231,A,골목상권,3110912,방배동사이길,359,163,196,59,30,54,69,60,87,30,13,21,36,27,36,29,17,33,33,33,51,147,0,147
20231,A,골목상권,3110913,방현초등학교(방배119안전센터),4942,2345,2597,410,663,828,764,800,1477,200,326,417,377,364,661,210,337,411,387,436,816,2062,0,2062
20231,A,골목상권,3110914,내방역 6번,234,121,113,19,35,48,36,40,56,11,19,25,18,21,27,8,16,23,18,19,29,99,0,99
20231,A,골목상권,3110915,서래초등학교,1494,687,807,266,176,200,234,244,374,122,92,82,100,112,179,144,84,118,134,132,195,507,0,507
20231,A,골목상권,3110916,내방역 4번,3749,1760,1989,433,402,729,747,532,906,223,215,302,377,233,410,210,187,427,370,299,496,1614,0,1614
20231,A,골목상권,3110917,서초소방서,851,406,445,128,95,135,137,154,202,69,49,57,59,73,99,59,46,78,78,81,103,319,0,319
20231,A,골목상권,3110918,방배역 3번,2876,1347,1529,289,387,485,516,449,750,149,222,207,236,193,340,140,165,278,280,256,410,1180,0,1180
20231,A,골목상권,3110919,내방역 8번,2558,1237,1321,326,346,358,379,467,682,175,191,156,165,219,331,151,155,202,214,248,351,899,0,899
20231,A,골목상권,3110920,방배역 2번(백석예술대학교),152,75,77,20,22,32,21,25,32,11,12,13,11,11,17,9,10,19,10,14,15,58,0,58
20231,A,골목상권,3110921,서울프랑스학교,1174,537,637,177,124,176,205,179,313,86,64,86,73,82,146,91,60,90,132,97,167,427,0,427
20231,A,골목상권,3110922,내방역 1번,2568,1261,1307,298,260,535,482,380,613,168,146,250,239,177,281,130,114,285,243,203,332,1076,0,1076
20231,A,골목상권,3110923,방배역 1번,492,228,264,46,66,81,74,76,149,22,30,39,36,35,66,24,36,42,38,41,83,183,0,183
20231,A,골목상권,3110924,반포4동주민센터(몽마르뜨공원),2203,1012,1191,290,232,342,389,348,602,151,113,143,177,160,268,139,119,199,212,188,334,963,0,963
20231,A,골목상권,3110925,서초중학교,3146,1528,1618,329,449,499,504,588,777,166,265,225,246,275,351,163,184,274,258,313,426,1193,0,1193
20231,A,골목상권,3110926,신중초등학교,3535,1702,1833,424,509,545,508,636,913,218,298,246,238,291,411,206,211,299,270,345,502,1343,0,1343
20231,A,골목상권,3110927,잠원역,121,46,75,13,7,17,19,15,50,5,3,6,6,5,21,8,4,11,13,10,29,60,0,60
20231,A,골목상권,3110928,서초우방유쉘아파트,452,230,222,39,37,109,69,51,147,19,18,58,38,26,71,20,19,51,31,25,76,213,0,213
20231,A,골목상권,3110929,남부터미널역 1번,4523,2273,2250,642,522,700,814,692,1153,328,288,353,429,337,538,314,234,347,385,355,615,1786,0,1786
20231,A,골목상권,3110930,서초동성당,1776,875,901,264,219,277,291,289,436,136,124,131,137,149,198,128,95,146,154,140,238,653,0,653
20231,A,골목상권,3110931,삼성전자서울R&D(서울우면초등학교),147,69,78,15,14,16,22,17,63,8,7,9,10,9,26,7,7,7,12,8,37,61,0,61
20231,A,골목상권,3110932,서울시인재개발원,654,310,344,106,68,108,148,97,127,49,33,57,74,45,52,57,35,51,74,52,75,272,0,272
20231,A,골목상권,3110933,한국상담대학원대학교,481,247,234,97,50,63,84,87,100,57,28,28,39,46,49,40,22,35,45,41,51,148,0,148
20231,A,골목상권,3110934,우면주공아파트,3084,1509,1575,332,315,513,558,381,985,176,169,277,290,186,411,156,146,236,268,195,574,1286,0,1286
20231,A,골목상권,3110935,한전아트센터,1161,588,573,172,138,174,202,195,280,91,86,86,106,88,131,81,52,88,96,107,149,438,0,438
20231,A,골목상권,3110936,더케이호텔(양재리본타워2단지아파트),892,448,444,97,71,174,182,122,246,50,45,85,93,60,115,47,26,89,89,62,131,402,0,402
20231,A,골목상권,3110937,방아다리근린공원(횃불트리니티신학대학원대학교),326,163,163,30,24,46,31,33,162,17,11,20,15,19,81,13,13,26,16,14,81,121,0,121
20231,A,골목상권,3110938,바우뫼공원,690,335,355,77,60,135,125,97,196,45,29,58,65,46,92,32,31,77,60,51,104,306,0,306
20231,A,골목상권,3110939,양재역 8번(양재동우체국),6221,2973,3248,649,489,1378,1214,805,1686,337,241,668,601,370,756,312,248,710,613,435,930,2921,0,2921
20231,A,골목상권,3110940,양재근린공원(양재2동주민센터),1204,591,613,154,116,253,245,182,254,72,54,131,125,95,114,82,62,122,120,87,140,532,0,532
20231,A,골목상권,3110941,언남고등학교,973,496,477,100,96,191,188,145,253,51,54,95,103,72,121,49,42,96,85,73,132,436,0,436
20231,A,골목상권,3110942,염곡동 구룡사(포이동성당),8851,4329,4522,1078,884,1807,1696,1366,2020,539,449,903,858,682,898,539,435,904,838,684,1122,3916,0,3916
20231,A,골목상권,3110943,법제교육센터(버들어린이공원),1664,864,800,187,161,355,351,263,347,94,97,187,193,132,161,93,64,168,158,131,186,768,0,768
20231,A,골목상권,3110944,서울나래학교(염곡어린이공원),538,265,273,54,45,90,66,65,218,26,17,56,34,28,104,28,28,34,32,37,114,235,0,235
20231,A,골목상권,3110945,본마을노인복지센터(서초구립내곡도서관),372,191,181,22,35,51,42,65,157,8,17,28,22,33,83,14,18,23,20,32,74,166,0,166
20231,A,골목상권,3110946,청계산원터골,77,45,32,6,0,12,10,11,38,4,0,8,7,6,20,2,0,4,3,5,18,38,0,38
20231,A,골목상권,3110947,청계산입구역 2번(내곡동주민센터),336,183,153,34,17,33,51,40,161,22,14,16,30,23,78,12,3,17,21,17,83,149,0,149
20231,A,골목상권,3110948,헌인가구단지,159,85,74,7,4,19,17,20,92,5,1,10,8,13,48,2,3,9,9,7,44,76,0,76
20231,A,골목상권,3110949,한남IC,613,281,332,68,69,133,123,103,117,33,37,54,54,47,56,35,32,79,69,56,61,297,0,297
20231,A,골목상권,3110950,논현역 7번,822,383,439,90,72,124,163,116,257,46,30,57,77,46,127,44,42,67,86,70,130,314,0,314
20231,A,골목상권,3110951,신사은행나무공원,1055,466,589,104,92,282,209,137,231,56,41,112,93,66,98,48,51,170,116,71,133,550,0,550
20231,A,골목상권,3110952,논현목련공원,925,408,517,56,75,283,218,101,192,35,34,118,96,43,82,21,41,165,122,58,110,566,0,566
20231,A,골목상권,3110953,학동근린공원,912,403,509,98,83,175,166,120,270,46,41,76,64,53,123,52,42,99,102,67,147,401,0,401
20231,A,골목상권,3110954,국기원,483,242,241,25,28,163,115,52,100,9,22,75,58,25,53,16,6,88,57,27,47,300,0,300
20231,A,골목상권,3110955,논현초등학교,7070,3285,3785,474,548,2063,1677,849,1459,233,271,913,796,427,645,241,277,1150,881,422,814,4140,0,4140
20231,A,골목상권,3110956,언주역 8번,573,267,306,57,36,133,132,65,150,19,15,69,58,36,70,38,21,64,74,29,80,324,0,324
20231,A,골목상권,3110957,언북중학교,1907,855,1052,158,149,452,462,267,419,81,67,183,216,131,177,77,82,269,246,136,242,1064,0,1064
20231,A,골목상권,3110958,역삼역 4번,825,427,398,59,48,245,195,98,180,28,24,119,103,62,91,31,24,126,92,36,89,482,0,482
20231,A,골목상권,3110959,신구중학교,361,165,196,58,42,44,74,57,86,33,18,14,42,25,33,25,24,30,32,32,53,159,0,159
20231,A,골목상권,3110960,은광여고,678,340,338,62,51,219,141,80,125,28,24,102,82,45,59,34,27,117,59,35,66,396,0,396
20231,A,골목상권,3110961,언주역 3번,2098,956,1142,171,143,578,493,258,455,87,67,243,223,127,209,84,76,335,270,131,246,1154,0,1154
20231,A,골목상권,3110962,도산공원북측,28,11,17,3,4,8,6,3,4,3,0,4,1,1,2,0,4,4,5,2,2,17,0,17
20231,A,골목상권,3110963,역삼월드메르디앙아파트,1866,877,989,194,168,412,405,253,434,110,90,167,198,123,189,84,78,245,207,130,245,875,0,875
20231,A,골목상권,3110964,싸리고개근린공원,959,443,516,130,109,110,149,144,317,49,53,45,67,73,156,81,56,65,82,71,161,393,0,393
20231,A,골목상권,3110965,언주역 6번,2376,1026,1350,177,149,733,632,290,395,82,60,288,262,150,184,95,89,445,370,140,211,1514,0,1514
20231,A,골목상권,3110966,논현2동주민센터,2647,1183,1464,241,269,590,537,347,663,122,124,234,255,158,290,119,145,356,282,189,373,1314,0,1314
20231,A,골목상권,3110967,역삼역 8번,1326,598,728,99,81,383,354,164,245,50,32,163,160,80,113,49,49,220,194,84,132,855,0,855
20231,A,골목상권,3110968,강남구청역 2번,567,262,305,43,51,124,142,85,122,19,24,59,66,38,56,24,27,65,76,47,66,290,0,290
20231,A,골목상권,3110969,베르사이유1아파트,1391,679,712,107,117,343,349,213,262,48,57,159,175,116,124,59,60,184,174,97,138,787,0,787
20231,A,골목상권,3110970,학동초등학교,852,389,463,86,97,184,172,123,190,42,57,74,69,61,86,44,40,110,103,62,104,422,0,422
20231,A,골목상권,3110971,선정릉역 4번,3781,1684,2097,213,291,1103,971,501,702,99,131,468,443,244,299,114,160,635,528,257,403,2357,0,2357
20231,A,골목상권,3110972,강남세브란스병원미래의학연구센터,2073,957,1116,212,193,460,429,288,491,107,88,194,196,149,223,105,105,266,233,139,268,1009,0,1009
20231,A,골목상권,3110973,강남구청역 4번,2417,1124,1293,397,299,338,475,391,517,210,153,132,205,194,230,187,146,206,270,197,287,920,0,920
20231,A,골목상권,3110974,언주중학교,1418,653,765,130,182,303,313,238,252,68,93,121,137,116,118,62,89,182,176,122,134,714,0,714
20231,A,골목상권,3110975,매봉역 1번,929,435,494,100,113,157,116,136,307,54,57,69,51,63,141,46,56,88,65,73,166,350,0,350
20231,A,골목상권,3110976,언북초등학교,2077,957,1120,216,237,440,383,334,467,107,117,192,189,156,196,109,120,248,194,178,271,979,0,979
20231,A,골목상권,3110977,논현로18길,728,354,374,62,99,138,95,147,187,32,42,70,52,69,89,30,57,68,43,78,98,318,0,318
20231,A,골목상권,3110978,도곡2동주민센터(대치중학교),282,125,157,6,17,32,41,55,131,3,9,13,16,25,59,3,8,19,25,30,72,190,0,190
20231,A,골목상권,3110979,청담초등학교,1114,532,582,189,151,118,143,201,312,97,82,50,58,91,154,92,69,68,85,110,158,345,0,345
20231,A,골목상권,3110980,개포지구대옆,2531,1233,1298,336,322,362,478,434,599,185,159,176,225,205,283,151,163,186,253,229,316,1008,0,1008
20231,A,골목상권,3110981,국악고교사거리,2055,1003,1052,245,307,318,346,425,414,124,162,150,177,195,195,121,145,168,169,230,219,821,0,821
20231,A,골목상권,3110982,강남구보훈회관,841,377,464,100,104,160,165,132,180,46,58,66,67,60,80,54,46,94,98,72,100,385,0,385
20231,A,골목상권,3110983,국립국악고등학교,2786,1348,1438,324,391,328,500,565,678,165,191,152,240,284,316,159,200,176,260,281,362,1183,0,1183
20231,A,골목상권,3110984,포이초등학교(개포목련어린이공원),4410,2215,2195,571,564,730,786,779,980,300,306,367,413,376,453,271,258,363,373,403,527,1818,0,1818
20231,A,골목상권,3110985,청담근린공원,1031,497,534,92,125,187,174,180,273,50,67,95,87,83,115,42,58,92,87,97,158,445,0,445
20231,A,골목상권,3110986,삼성중앙역 7번,734,338,396,76,68,151,195,103,141,40,35,70,84,47,62,36,33,81,111,56,79,389,0,389
20231,A,골목상권,3110987,영동대교남단,505,242,263,60,72,80,69,80,144,30,37,35,33,35,72,30,35,45,36,45,72,184,0,184
20231,A,골목상권,3110988,청담역 3번,1347,673,674,149,184,175,188,215,436,83,117,89,82,100,202,66,67,86,106,115,234,462,0,462
20231,A,골목상권,3110989,대치동아우편취급국,1499,686,813,120,198,348,339,244,250,56,94,151,150,118,117,64,104,197,189,126,133,792,0,792
20231,A,골목상권,3110990,청담역 12번,157,77,80,13,20,36,19,25,44,7,10,20,10,10,20,6,10,16,9,15,24,67,0,67
20231,A,골목상권,3110991,삼성중앙역 5번,341,165,176,33,31,60,55,52,110,20,20,26,26,23,50,13,11,34,29,29,60,140,0,140
20231,A,골목상권,3110992,도곡초등학교,8225,3886,4339,735,1542,1256,1332,1835,1525,395,827,587,560,824,693,340,715,669,772,1011,832,3596,0,3596
20231,A,골목상권,3110993,개포지하차도 북측,236,107,129,28,25,45,44,31,63,17,15,19,14,13,29,11,10,26,30,18,34,110,0,110
20231,A,골목상권,3110994,개포고등학교,1848,928,920,196,238,262,270,293,589,108,134,144,131,129,282,88,104,118,139,164,307,772,0,772
20231,A,골목상권,3110995,봉은사역 4번,2831,1382,1449,360,414,421,431,500,705,170,244,209,199,225,335,190,170,212,232,275,370,1006,0,1006
20231,A,골목상권,3110996,대치2동주민센터,1387,701,686,105,248,123,165,335,411,65,155,60,76,159,186,40,93,63,89,176,225,650,0,650
20231,A,골목상권,3110997,대청초등학교,7646,3808,3838,839,1015,1452,1066,1294,1980,458,593,665,526,625,941,381,422,787,540,669,1039,3266,0,3266
20231,A,골목상권,3110998,은곡마을(은곡마을공원),225,106,119,50,15,35,49,32,44,19,12,17,23,16,19,31,3,18,26,16,25,82,0,82
20231,A,골목상권,3110999,윗방죽마을공원,2348,1105,1243,166,149,796,523,277,437,78,75,321,280,152,199,88,74,475,243,125,238,1513,0,1513
20231,A,골목상권,3111000,대왕초등학교(세곡동사거리서남측),416,199,217,52,41,52,54,55,162,23,22,29,26,27,72,29,19,23,28,28,90,175,0,175
20231,A,골목상권,3111001,아래방죽마을공원(율현초등학교),814,387,427,175,58,108,186,82,205,83,29,58,93,34,90,92,29,50,93,48,115,266,0,266
20231,A,골목상권,3111003,삼전역 4번,11562,5503,6059,1301,1345,2239,2351,1741,2585,665,647,1034,1156,821,1180,636,698,1205,1195,920,1405,5041,0,5041
20231,A,골목상권,3111004,삼전역 1번,10291,4856,5435,911,1051,2265,1996,1569,2499,498,534,1025,958,734,1107,413,517,1240,1038,835,1392,5262,0,5262
20231,A,골목상권,3111005,삼전역 3번,9342,4577,4765,1092,1027,1801,1801,1436,2185,555,549,867,920,685,1001,537,478,934,881,751,1184,4076,0,4076
20231,A,골목상권,3111006,석촌고분역 1번,9335,4356,4979,980,917,1856,1980,1367,2235,503,466,823,956,635,973,477,451,1033,1024,732,1262,4352,0,4352
20231,A,골목상권,3111007,석촌고분역 4번,8691,4241,4450,1080,918,1633,1795,1295,1970,551,527,778,902,612,871,529,391,855,893,683,1099,3803,0,3803
20231,A,골목상권,3111008,석촌고분역 3번,5167,2549,2618,588,532,942,924,814,1367,291,290,470,478,391,629,297,242,472,446,423,738,2177,0,2177
20231,A,골목상권,3111009,송파책박물관,1250,643,607,113,159,202,206,204,366,65,89,104,116,103,166,48,70,98,90,101,200,517,0,517
20231,A,골목상권,3111010,석촌역 7번,9772,4595,5177,1076,797,2267,2070,1253,2309,567,396,994,1017,598,1023,509,401,1273,1053,655,1286,4653,0,4653
20231,A,골목상권,3111011,잠실나루역,328,167,161,64,42,32,64,48,78,35,27,13,29,24,39,29,15,19,35,24,39,101,0,101
20231,A,골목상권,3111012,석촌역 6번,6850,3364,3486,776,674,1190,1250,1118,1842,386,354,577,632,566,849,390,320,613,618,552,993,3165,0,3165
20231,A,골목상권,3111013,송파나루역 1번(송리단길),9152,4325,4827,990,818,2039,1845,1202,2258,483,404,913,902,576,1047,507,414,1126,943,626,1211,4191,0,4191
20231,A,골목상권,3111014,송파나루역 2번,3551,1717,1834,334,304,753,681,486,993,165,174,349,364,228,437,169,130,404,317,258,556,1662,0,1662
20231,A,골목상권,3111015,석촌역 3번,10674,5103,5571,1097,1151,2217,1943,1623,2643,540,559,1032,979,758,1235,557,592,1185,964,865,1408,4757,0,4757
20231,A,골목상권,3111016,송파역 2번,3633,1735,1898,403,527,548,500,620,1035,194,253,274,258,300,456,209,274,274,242,320,579,1441,0,1441
20231,A,골목상권,3111017,송파나루역 3번,1086,527,559,110,122,189,191,181,293,52,62,96,96,80,141,58,60,93,95,101,152,470,0,470
20231,A,골목상권,3111018,풍납초등학교(풍납백제문화공원),952,508,444,125,112,114,171,145,285,66,68,69,97,79,129,59,44,45,74,66,156,367,0,367
20231,A,골목상권,3111019,한성백제역 3번,8922,4344,4578,1086,1012,1552,1566,1344,2362,602,529,753,758,612,1090,484,483,799,808,732,1272,3545,0,3545
20231,A,골목상권,3111020,방이동고분군(방산고등학교),656,334,322,69,116,106,85,125,155,43,63,58,40,52,78,26,53,48,45,73,77,233,0,233
20231,A,골목상권,3111021,방이역 4번,9517,4621,4896,1201,1321,1347,1567,1694,2387,589,679,662,751,821,1119,612,642,685,816,873,1268,3650,0,3650
20231,A,골목상권,3111022,석촌중학교(방이육교),2863,1447,1416,303,409,480,425,488,758,168,238,239,220,212,370,135,171,241,205,276,388,1082,0,1082
20231,A,골목상권,3111023,문정역 1번,2201,1101,1100,196,253,452,391,360,549,97,124,232,212,174,262,99,129,220,179,186,287,1004,0,1004
20231,A,골목상권,3111024,경찰병원역 4번(건너말공원),1605,813,792,170,207,294,277,267,390,93,113,150,142,149,166,77,94,144,135,118,224,688,0,688
20231,A,골목상권,3111025,경찰병원역 3번,3177,1579,1598,307,370,749,534,483,734,165,194,339,298,231,352,142,176,410,236,252,382,1336,0,1336
20231,A,골목상권,3111026,문정역 2번,4486,2219,2267,595,492,791,772,692,1144,314,238,421,392,330,524,281,254,370,380,362,620,1758,0,1758
20231,A,골목상권,3111027,문정초등학교,5390,2660,2730,614,640,1043,874,889,1330,308,326,528,472,413,613,306,314,515,402,476,717,2229,0,2229
20231,A,골목상권,3111028,문현중학교(장지역 1번),1734,848,886,176,197,316,304,278,463,95,94,149,158,141,211,81,103,167,146,137,252,759,0,759
20231,A,골목상권,3111029,오금역 4번,1254,630,624,104,132,186,173,227,432,54,67,92,93,108,216,50,65,94,80,119,216,630,0,630
20231,A,골목상권,3111030,방이역 2번,1695,830,865,160,246,270,222,308,489,82,133,134,93,152,236,78,113,136,129,156,253,673,0,673
20231,A,골목상권,3111031,장지동주민센터(한림연예예술고교),3682,1814,1868,472,503,496,574,657,980,244,242,267,273,330,458,228,261,229,301,327,522,1440,0,1440
20231,A,골목상권,3111032,방이역 1번,1872,908,964,189,267,299,224,301,592,100,135,157,101,129,286,89,132,142,123,172,306,648,0,648
20231,A,골목상권,3111033,문정동성당,703,349,354,87,83,106,135,108,184,37,44,55,73,57,83,50,39,51,62,51,101,306,0,306
20231,A,골목상권,3111034,오동나무공원(송파레미니스1단지),3817,1897,1920,459,525,570,569,704,990,236,280,284,282,340,475,223,245,286,287,364,515,1441,0,1441
20231,A,골목상권,3111035,오금공원(오주중학교),3963,1981,1982,471,510,580,596,717,1089,248,263,293,312,361,504,223,247,287,284,356,585,1529,0,1529
20231,A,골목상권,3111036,투구봉어린이공원,1368,684,684,158,196,214,225,240,335,76,100,117,124,114,153,82,96,97,101,126,182,496,0,496
20231,A,골목상권,3111037,Sh수협은행 오금동금융센터(아랫말어린이공원),537,295,242,56,54,83,86,108,150,30,35,47,43,57,83,26,19,36,43,51,67,234,0,234
20231,A,골목상권,3111038,보인중학교,2669,1334,1335,354,350,357,412,473,723,204,183,172,208,226,341,150,167,185,204,247,382,997,0,997
20231,A,골목상권,3111039,벌말어린이공원,1887,987,900,192,248,277,293,338,539,99,134,158,169,164,263,93,114,119,124,174,276,767,0,767
20231,A,골목상권,3111040,거여초등학교,2546,1262,1284,261,351,370,355,472,737,133,187,203,174,215,350,128,164,167,181,257,387,923,0,923
20231,A,골목상권,3111041,거여역 8번,288,156,132,20,32,36,37,43,120,11,15,21,22,26,61,9,17,15,15,17,59,138,0,138
20231,A,골목상권,3111042,거여역 1번(거여공원),5600,2883,2717,584,703,702,842,1028,1741,308,377,393,419,539,847,276,326,309,423,489,894,2350,0,2350
20231,A,골목상권,3111043,마천공원,2741,1436,1305,285,339,393,439,489,796,154,205,220,237,245,375,131,134,173,202,244,421,1013,0,1013
20231,A,골목상권,3111044,남천초등학교,5301,2683,2618,574,590,646,796,934,1761,284,325,342,428,489,815,290,265,304,368,445,946,2247,0,2247
20231,A,골목상권,3111045,개미어린이공원,2557,1284,1273,274,302,325,398,433,825,118,173,183,210,233,367,156,129,142,188,200,458,1070,0,1070
20231,A,골목상권,3111046,마천역(마천초등학교),10304,5230,5074,1068,1052,1198,1579,1717,3690,544,545,632,816,932,1761,524,507,566,763,785,1929,4623,0,4623
20231,A,골목상권,3111047,마천1치안센터,2809,1469,1340,253,298,306,381,500,1071,126,147,172,218,285,521,127,151,134,163,215,550,1295,0,1295
20231,A,골목상권,3111048,천호역 1번(천호문구완구거리),2502,1237,1265,171,196,423,362,400,950,71,105,219,200,216,426,100,91,204,162,184,524,1262,0,1262
20231,A,골목상권,3111049,천호지구대(천호동자전거거리),3521,1826,1695,394,339,510,566,569,1143,217,175,271,300,307,556,177,164,239,266,262,587,1562,0,1562
20231,A,골목상권,3111050,강동구청(강동구청역 2번),1106,534,572,159,112,172,188,161,314,82,59,80,89,77,147,77,53,92,99,84,167,420,0,420
20231,A,골목상권,3111051,천호역 6번,6263,3109,3154,523,576,1078,973,1026,2087,266,287,536,525,533,962,257,289,542,448,493,1125,3038,0,3038
20231,A,골목상권,3111052,암사역 3번(천호동자전거거리),4815,2414,2401,654,437,849,909,743,1223,322,213,390,515,390,584,332,224,459,394,353,639,2111,0,2111
20231,A,골목상권,3111053,성내천어린이공원(하니사랑길),3839,1871,1968,534,425,563,694,577,1046,271,235,296,331,275,463,263,190,267,363,302,583,1387,0,1387
20231,A,골목상권,3111054,암사역 4번(삼성광나루아파트),393,189,204,50,27,58,80,46,132,21,15,30,38,25,60,29,12,28,42,21,72,162,0,162
20231,A,골목상권,3111055,선사초등학교,103,60,43,13,17,12,14,19,28,11,11,9,7,10,12,2,6,3,7,9,16,40,0,40
20231,A,골목상권,3111056,천호태영아파트,411,207,204,14,21,123,104,74,75,8,10,52,46,47,44,6,11,71,58,27,31,315,0,315
20231,A,골목상권,3111057,천호공원(해공체육문화센터),3883,1993,1890,364,404,498,532,669,1416,181,230,266,283,338,695,183,174,232,249,331,721,1799,0,1799
20231,A,골목상권,3111058,성내중학교,1635,810,825,204,189,285,290,255,412,104,97,137,152,132,188,100,92,148,138,123,224,631,0,631
20231,A,골목상권,3111059,강동역 4번(강풀만화거리),11657,5873,5784,1167,1062,2035,2035,1707,3651,631,540,1044,1074,845,1739,536,522,991,961,862,1912,5336,0,5336
20231,A,골목상권,3111060,암사역 2번(서울강동초등학교),9658,4824,4834,1121,995,1477,1635,1551,2879,583,541,754,865,769,1312,538,454,723,770,782,1567,4057,0,4057
20231,A,골목상권,3111061,암사역 1번,9628,4750,4878,1059,976,1440,1747,1521,2885,523,538,706,933,753,1297,536,438,734,814,768,1588,4279,0,4279
20231,A,골목상권,3111062,둔촌동역 3번(성내3동주민센터),3392,1729,1663,473,423,435,584,591,886,263,237,245,287,287,410,210,186,190,297,304,476,1275,0,1275
20231,A,골목상권,3111063,강동구립 천호도서관,5742,2947,2795,500,471,983,846,923,2019,246,253,512,482,498,956,254,218,471,364,425,1063,2866,0,2866
20231,A,골목상권,3111064,둔촌동역 4번,2476,1240,1236,274,335,350,432,424,661,143,192,186,228,213,278,131,143,164,204,211,383,999,0,999
20231,A,골목상권,3111065,천일초등학교,2673,1391,1282,226,312,363,369,469,934,114,165,204,209,246,453,112,147,159,160,223,481,1223,0,1223
20231,A,골목상권,3111066,암사동성당(효정하나플러스아파트),5397,2711,2686,589,579,824,899,907,1599,294,321,424,464,463,745,295,258,400,435,444,854,2293,0,2293
20231,A,골목상권,3111067,강동구립성내도서관,9505,4678,4827,1073,891,1686,1790,1373,2692,552,506,811,932,678,1199,521,385,875,858,695,1493,4097,0,4097
20231,A,골목상권,3111068,강동성심병원,386,187,199,59,19,95,89,58,66,34,9,37,48,29,30,25,10,58,41,29,36,152,0,152
20231,A,골목상권,3111069,천호1동주민센터,5164,2658,2506,479,533,697,792,890,1773,258,273,364,427,473,863,221,260,333,365,417,910,2496,0,2496
20231,A,골목상권,3111070,천호초등학교,2407,1189,1218,302,241,343,384,372,765,148,123,171,204,191,352,154,118,172,180,181,413,1026,0,1026
20231,A,골목상권,3111071,천동초등학교,1018,515,503,119,94,165,173,135,332,65,52,82,95,63,158,54,42,83,78,72,174,381,0,381
20231,A,골목상권,3111072,굽은다리역 1번(십자성마을),7213,3605,3608,875,823,1067,1191,1062,2195,455,420,550,641,519,1020,420,403,517,550,543,1175,2771,0,2771
20231,A,골목상권,3111073,둔촌동역 1번(한산중학교),7458,3688,3770,878,889,1141,1140,1256,2154,473,439,596,562,600,1018,405,450,545,578,656,1136,3026,0,3026
20231,A,골목상권,3111074,명일역 1번,2307,1124,1183,320,252,335,406,345,649,164,124,176,208,165,287,156,128,159,198,180,362,847,0,847
20231,A,골목상권,3111075,굽은다리역 2번,4718,2349,2369,461,521,703,656,739,1638,217,264,390,355,357,766,244,257,313,301,382,872,1959,0,1959
20231,A,골목상권,3111076,둔촌2동주민센터,1743,898,845,149,204,250,246,302,592,80,102,136,142,149,289,69,102,114,104,153,303,846,0,846
20231,A,골목상권,3111077,길동주민센터(강동도서관),11358,5637,5721,1309,1147,1759,1965,1764,3414,701,597,869,1010,867,1593,608,550,890,955,897,1821,4732,0,4732
20231,A,골목상권,3111078,굽은다리역 4번,10272,5040,5232,1043,1233,1645,1625,1616,3110,549,634,809,845,783,1420,494,599,836,780,833,1690,4142,0,4142
20231,A,골목상권,3111079,둔촌고등학교(둔촌중학교),1969,981,988,193,248,311,268,325,624,100,134,154,148,166,279,93,114,157,120,159,345,805,0,805
20231,A,골목상권,3111080,굽은다리역 3번,3247,1574,1673,385,444,447,452,551,968,205,216,241,221,253,438,180,228,206,231,298,530,1185,0,1185
20231,A,골목상권,3111081,둔촌푸르지오아파트,284,140,144,14,50,41,29,59,91,5,31,22,14,28,40,9,19,19,15,31,51,115,0,115
20231,A,골목상권,3111082,중앙보훈병원,1250,610,640,155,167,176,182,196,374,87,79,97,89,93,165,68,88,79,93,103,209,469,0,469
20231,A,골목상권,3111083,GS강동자이아파트,3443,1725,1718,404,413,503,563,583,977,205,217,258,302,287,456,199,196,245,261,296,521,1315,0,1315
20231,A,골목상권,3111084,길동신동아아파트,1100,531,569,173,164,135,174,190,264,89,88,63,77,85,129,84,76,72,97,105,135,349,0,349
20231,A,골목상권,3111085,묘곡초등학교(고덕아이파크아파트),5017,2602,2415,480,688,676,602,915,1656,245,387,381,322,465,802,235,301,295,280,450,854,1978,0,1978
20231,A,골목상권,3111086,한영중고,2818,1392,1426,332,473,313,355,553,792,174,262,168,170,263,355,158,211,145,185,290,437,1094,0,1094
20231,A,골목상권,3111087,고덕중학교(고덕2동주민센터),2973,1575,1398,251,378,374,361,550,1059,130,219,220,200,288,518,121,159,154,161,262,541,1304,0,1304
20231,A,골목상권,3111088,고덕동성당,2415,1236,1179,214,260,303,298,427,913,107,152,169,157,227,424,107,108,134,141,200,489,1060,0,1060
20231,A,골목상권,3111089,상일여고(상일초등학교),4387,2269,2118,440,557,662,531,803,1394,238,280,371,288,401,691,202,277,291,243,402,703,1761,0,1761
20231,A,골목상권,3111090,강일동주민센터,604,322,282,27,45,172,141,95,124,17,15,88,86,49,67,10,30,84,55,46,57,486,0,486
20231,D,발달상권,3120001,서대문역,643,344,299,36,57,112,88,110,240,18,18,47,52,75,134,18,39,65,36,35,106,414,0,414
20231,D,발달상권,3120002,서촌(경복궁역),1803,837,966,185,193,260,274,308,583,95,98,130,122,140,252,90,95,130,152,168,331,822,0,822
20231,D,발달상권,3120003,광화문역,2270,1028,1242,307,171,302,446,310,734,159,81,121,186,138,343,148,90,181,260,172,391,1036,0,1036
20231,D,발달상권,3120004,종로구청,279,157,122,16,16,45,41,50,111,14,7,28,23,25,60,2,9,17,18,25,51,189,0,189
20231,D,발달상권,3120005,삼청동,1224,565,659,95,123,147,202,166,491,45,52,73,96,80,219,50,71,74,106,86,272,582,0,582
20231,D,발달상권,3120006,종각역,300,187,113,6,17,64,35,54,124,3,9,44,20,33,78,3,8,20,15,21,46,239,0,239
20231,D,발달상권,3120007,북촌(안국역),1503,686,817,118,146,170,203,242,624,67,69,78,104,107,261,51,77,92,99,135,363,760,0,760
20231,D,발달상권,3120008,인사동,271,153,118,6,12,30,34,43,146,2,7,14,17,30,83,4,5,16,17,13,63,210,0,210
20231,D,발달상권,3120009,종로3가역,3675,2407,1268,105,136,374,383,688,1989,67,68,253,248,522,1249,38,68,121,135,166,740,2912,0,2912
20231,D,발달상권,3120010,원남동사거리,902,366,536,21,266,205,84,81,245,11,24,97,55,52,127,10,242,108,29,29,118,668,0,668
20231,D,발달상권,3120011,종로4가,1001,499,502,168,88,168,161,123,293,80,46,90,78,58,147,88,42,78,83,65,146,362,0,362
20231,D,발달상권,3120012,대학로(혜화역),1973,921,1052,99,284,599,242,255,494,54,102,297,117,122,229,45,182,302,125,133,265,1235,0,1235
20231,D,발달상권,3120013,이화사거리,646,326,320,59,42,176,97,83,189,32,17,79,54,48,96,27,25,97,43,35,93,416,0,416
20231,D,발달상권,3120014,종로5가역,721,420,301,22,39,78,91,128,363,12,16,44,57,78,213,10,23,34,34,50,150,539,0,539
20231,D,발달상권,3120015,종로6가,186,111,75,9,11,17,22,36,91,6,5,8,14,22,56,3,6,9,8,14,35,124,0,124
20231,D,발달상권,3120016,동대문역,677,460,217,18,36,61,54,120,388,8,22,35,33,90,272,10,14,26,21,30,116,512,0,512
20231,D,발달상권,3120017,동묘앞역(동묘),991,513,478,39,95,174,135,164,384,21,43,100,74,89,186,18,52,74,61,75,198,597,0,597
20231,D,발달상권,3120018,중림동,1598,931,667,123,104,273,301,269,528,64,50,121,176,196,324,59,54,152,125,73,204,1100,0,1100
20231,D,발달상권,3120019,경찰청앞교차로,258,119,139,46,8,65,76,28,35,24,1,33,35,9,17,22,7,32,41,19,18,140,0,140
20231,D,발달상권,3120020,시청역_1번,18,11,7,1,1,3,4,5,4,0,1,3,1,4,2,1,0,0,3,1,2,14,0,14
20231,D,발달상권,3120021,시청역_8번,18,12,6,1,1,4,1,2,9,1,1,2,1,0,7,0,0,2,0,2,2,11,0,11
20231,D,발달상권,3120022,북창동(시청역_6번),240,153,87,3,4,27,25,49,132,1,2,19,22,28,81,2,2,8,3,21,51,208,0,208
20231,D,발달상권,3120023,서울시청,17,11,6,0,0,0,2,2,13,0,0,0,1,0,10,0,0,0,1,2,3,14,0,14
20231,D,발달상권,3120024,회현역,1741,923,818,72,104,140,202,247,976,36,45,75,126,131,510,36,59,65,76,116,466,1172,0,1172
20231,D,발달상권,3120025,롯데백화점(시청광장 지하쇼핑센터),1,1,0,0,0,1,0,0,0,0,0,1,0,0,0,0,0,0,0,0,0,1,0,1
20231,D,발달상권,3120026,을지로입구역,73,42,31,7,3,2,16,7,38,5,1,0,9,3,24,2,2,2,7,4,14,42,0,42
20231,D,발달상권,3120027,명동역(명동재미로),1307,630,677,120,87,168,196,203,533,61,36,81,91,105,256,59,51,87,105,98,277,700,0,700
20231,D,발달상권,3120028,명동(명동거리),114,66,48,2,4,14,16,24,54,0,2,8,7,18,31,2,2,6,9,6,23,84,0,84
20231,D,발달상권,3120029,을지로2가,25,16,9,0,2,4,2,7,10,0,2,2,2,3,7,0,0,2,0,4,3,19,0,19
20231,D,발달상권,3120030,중부경찰서(영화인의거리),185,127,58,1,12,24,19,49,80,0,8,16,14,39,50,1,4,8,5,10,30,140,0,140
20231,D,발달상권,3120031,을지로3가역,507,340,167,4,16,21,56,80,330,3,7,14,38,56,222,1,9,7,18,24,108,425,0,425
20231,D,발달상권,3120032,충무로역,2496,1260,1236,148,197,388,339,353,1071,73,89,219,184,187,508,75,108,169,155,166,563,1392,0,1392
20231,D,발달상권,3120033,을지로4가역,106,66,40,0,1,5,6,12,82,0,0,5,5,7,49,0,1,0,1,5,33,85,0,85
20231,D,발달상권,3120034,중구청(퇴계로4가),988,513,475,105,70,233,166,137,277,46,35,105,85,74,168,59,35,128,81,63,109,550,0,550
20231,D,발달상권,3120035,퇴계로5가,271,163,108,12,23,36,35,54,111,5,12,19,26,35,66,7,11,17,9,19,45,165,0,165
20231,D,발달상권,3120036,장충동족발거리(남소영길),267,141,126,7,48,60,33,34,85,4,17,38,22,19,41,3,31,22,11,15,44,191,0,191
20231,D,발달상권,3120037,동대문역사문화공원역,2146,1133,1013,97,150,312,266,332,989,48,75,162,148,196,504,49,75,150,118,136,485,1280,0,1280
20231,D,발달상권,3120038,약수역,2438,1145,1293,169,247,399,365,378,880,85,123,191,179,170,397,84,124,208,186,208,483,1260,0,1260
20231,D,발달상권,3120039,신당역,2615,1365,1250,228,257,450,393,457,830,128,136,220,206,247,428,100,121,230,187,210,402,1349,0,1349
20231,D,발달상권,3120040,용산전자상가(용산역),1280,708,572,129,92,236,261,205,357,72,57,126,156,122,175,57,35,110,105,83,182,663,0,663
20231,D,발달상권,3120041,신용산역(용산역),2372,1140,1232,185,142,501,453,322,769,91,77,213,203,177,379,94,65,288,250,145,390,1427,0,1427
20231,D,발달상권,3120042,"숙대입구역(남영역, 남영동)",192,96,96,6,13,65,46,22,40,1,4,31,27,14,19,5,9,34,19,8,21,144,0,144
20231,D,발달상권,3120043,서울역,1032,900,132,3,4,29,86,252,658,3,1,22,76,237,561,0,3,7,10,15,97,982,0,982
20231,D,발달상권,3120044,삼각지역,1666,840,826,159,112,295,280,239,581,82,59,148,155,122,274,77,53,147,125,117,307,877,0,877
20231,D,발달상권,3120045,남영동 먹자골목,646,384,262,17,38,112,107,116,256,8,20,67,71,75,143,9,18,45,36,41,113,450,0,450
20231,D,발달상권,3120046,이태원(이태원역),2931,1464,1467,171,220,613,557,457,913,83,108,338,277,236,422,88,112,275,280,221,491,1738,0,1738
20231,D,발달상권,3120047,한남오거리,1433,674,759,130,84,240,326,263,390,70,47,93,152,127,185,60,37,147,174,136,205,812,0,812
20231,D,발달상권,3120048,금호역,1531,740,791,91,168,205,200,275,592,49,81,106,100,135,269,42,87,99,100,140,323,766,0,766
20231,D,발달상권,3120049,왕십리역(왕십리),2362,1132,1230,113,333,938,292,217,469,55,143,440,160,109,225,58,190,498,132,108,244,1568,0,1568
20231,D,발달상권,3120050,서울숲역,1080,565,515,99,127,249,168,169,268,57,60,148,94,81,125,42,67,101,74,88,143,519,0,519
20231,D,발달상권,3120051,뚝섬역,2558,1314,1244,219,261,467,424,452,735,102,126,228,226,244,388,117,135,239,198,208,347,1326,0,1326
20231,D,발달상권,3120052,성수역,993,581,412,46,103,190,158,198,298,22,60,106,88,128,177,24,43,84,70,70,121,628,0,628
20231,D,발달상권,3120053,건대입구역(건대),4782,2180,2602,209,476,1461,645,500,1491,103,198,620,329,243,687,106,278,841,316,257,804,3028,0,3028
20231,D,발달상권,3120054,어린이대공원역,2783,1407,1376,203,354,786,411,394,635,98,160,404,219,210,316,105,194,382,192,184,319,1633,0,1633
20231,D,발달상권,3120055,군자역,5277,2519,2758,421,440,1408,904,687,1417,229,206,602,437,350,695,192,234,806,467,337,722,2793,0,2793
20231,D,발달상권,3120056,구의역,3681,1717,1964,208,308,1160,725,482,798,111,133,470,374,259,370,97,175,690,351,223,428,2342,0,2342
20231,D,발달상권,3120057,아차산역,3403,1619,1784,340,386,621,525,576,955,188,169,279,261,285,437,152,217,342,264,291,518,1573,0,1573
20231,D,발달상권,3120058,구의사거리,1820,898,922,215,194,315,276,272,548,112,88,159,136,136,267,103,106,156,140,136,281,830,0,830
20231,D,발달상권,3120059,구삼강변맛길,3771,1821,1950,422,521,553,573,667,1035,201,264,262,272,335,487,221,257,291,301,332,548,1551,0,1551
20231,D,발달상권,3120060,강변역(테크노마트),2,0,2,0,0,0,0,1,1,0,0,0,0,0,0,0,0,0,0,1,1,2,0,2
20231,D,발달상권,3120061,올림픽대교북단,192,90,102,23,24,39,29,31,46,8,15,24,14,13,16,15,9,15,15,18,30,98,0,98
20231,D,발달상권,3120062,신설동역,2696,1448,1248,86,248,863,420,371,708,47,95,397,228,240,441,39,153,466,192,131,267,2065,0,2065
20231,D,발달상권,3120063,청량리역(청량리),1102,632,470,53,91,179,152,171,456,26,41,85,89,111,280,27,50,94,63,60,176,681,0,681
20231,D,발달상권,3120064,경희대학교(경희대),672,315,357,32,119,191,87,67,176,13,44,95,41,39,83,19,75,96,46,28,93,436,0,436
20231,D,발달상권,3120065,회기역,1539,736,803,97,215,499,234,160,334,49,79,257,121,83,147,48,136,242,113,77,187,939,0,939
20231,D,발달상권,3120066,장한평역(장한평),3268,1775,1493,231,293,767,604,493,880,127,123,391,355,287,492,104,170,376,249,206,388,1913,0,1913
20231,D,발달상권,3120067,장안동사거리,5130,2644,2486,558,442,1042,1082,756,1250,297,226,533,573,404,611,261,216,509,509,352,639,2589,0,2589
20231,D,발달상권,3120068,사가정역,718,381,337,27,38,101,111,134,307,18,19,48,62,83,151,9,19,53,49,51,156,501,0,501
20231,D,발달상권,3120069,상봉역,5808,2844,2964,685,641,1049,974,951,1508,347,305,485,462,490,755,338,336,564,512,461,753,2446,0,2446
20231,D,발달상권,3120070,한성대입구역,1175,552,623,65,136,268,175,180,351,32,66,116,84,90,164,33,70,152,91,90,187,712,0,712
20231,D,발달상권,3120071,성북구청,747,302,445,42,97,282,116,77,133,18,30,99,59,42,54,24,67,183,57,35,79,489,0,489
20231,D,발달상권,3120072,성신여대,2820,1146,1674,133,445,996,399,288,559,76,110,363,181,155,261,57,335,633,218,133,298,1985,0,1985
20231,D,발달상권,3120073,미아사거리,376,171,205,14,52,83,50,42,135,8,15,28,24,28,68,6,37,55,26,14,67,258,0,258
20231,D,발달상권,3120075,월곡역,2116,971,1145,209,313,436,268,354,536,112,100,185,137,175,262,97,213,251,131,179,274,1036,0,1036
20231,D,발달상권,3120076,수유역,5393,2695,2698,266,504,1301,992,858,1472,144,178,626,541,474,732,122,326,675,451,384,740,3512,0,3512
20231,D,발달상권,3120077,미아역,1793,900,893,133,179,285,271,309,616,68,89,138,138,164,303,65,90,147,133,145,313,959,0,959
20231,D,발달상권,3120078,미아사거리역,571,308,263,16,40,78,84,111,242,13,22,43,48,63,119,3,18,35,36,48,123,351,0,351
20231,D,발달상권,3120079,창동역,417,254,163,9,35,119,60,100,94,5,9,52,38,75,75,4,26,67,22,25,19,343,0,343
20231,D,발달상권,3120080,마들역,16,14,2,0,0,1,1,4,10,0,0,1,1,4,8,0,0,0,0,0,2,16,0,16
20231,D,발달상권,3120081,노원역,899,517,382,26,101,212,146,163,251,12,44,95,93,103,170,14,57,117,53,60,81,682,0,682
20231,D,발달상권,3120082,상계백병원,100,48,52,11,12,24,14,13,26,5,4,15,9,4,11,6,8,9,5,9,15,45,0,45
20231,D,발달상권,3120083,등나무근린공원,1592,759,833,237,267,208,317,353,210,123,129,96,154,166,91,114,138,112,163,187,119,623,0,623
20231,D,발달상권,3120084,공릉역,1109,558,551,73,171,238,152,160,315,44,75,117,88,70,164,29,96,121,64,90,151,629,0,629
20231,D,발달상권,3120085,은행사거리,39,22,17,3,8,2,6,12,8,2,5,0,2,8,5,1,3,2,4,4,3,21,0,21
20231,D,발달상권,3120086,태릉입구역,1562,754,808,146,247,313,235,258,363,75,107,127,118,137,190,71,140,186,117,121,173,756,0,756
20231,D,발달상권,3120087,응암역,2360,1086,1274,206,207,573,506,322,546,111,89,247,243,160,236,95,118,326,263,162,310,1301,0,1301
20231,D,발달상권,3120088,구산역,1589,719,870,164,206,268,248,298,405,78,89,104,112,153,183,86,117,164,136,145,222,719,0,719
20231,D,발달상권,3120089,구파발역,131,67,64,31,18,9,29,23,21,16,11,4,13,14,9,15,7,5,16,9,12,39,0,39
20231,D,발달상권,3120090,연신내역,2351,1085,1266,136,216,685,351,304,659,75,95,306,169,152,288,61,121,379,182,152,371,1505,0,1505
20231,D,발달상권,3120091,본서부병원,3305,1542,1763,382,338,619,660,484,822,192,164,248,335,232,371,190,174,371,325,252,451,1551,0,1551
20231,D,발달상권,3120092,불광역,1170,557,613,82,94,280,174,166,374,36,31,143,92,78,177,46,63,137,82,88,197,684,0,684
20231,D,발달상권,3120093,연희동,1167,545,622,93,129,353,184,127,281,39,48,186,77,59,136,54,81,167,107,68,145,661,0,661
20231,D,발달상권,3120094,"신촌역(신촌역, 신촌로터리)",3443,1693,1750,99,434,1421,467,336,686,56,175,683,252,192,335,43,259,738,215,144,351,2580,0,2580
20231,D,발달상권,3120095,홍제역,1341,646,695,63,100,139,185,237,617,30,49,73,96,123,275,33,51,66,89,114,342,794,0,794
20231,D,발달상권,3120096,"이화여대(이대역, 이대)",1935,712,1223,56,322,556,256,266,479,23,60,180,118,127,204,33,262,376,138,139,275,1435,0,1435
20231,D,발달상권,3120097,충정로역,401,164,237,32,21,135,117,44,52,11,7,47,57,16,26,21,14,88,60,28,26,270,0,270
20231,D,발달상권,3120098,DMC(디지털미디어시티),708,329,379,85,88,179,156,122,78,39,41,65,83,61,40,46,47,114,73,61,38,396,0,396
20231,D,발달상권,3120100,망원역,1261,580,681,99,128,286,216,191,341,61,54,123,90,100,152,38,74,163,126,91,189,618,0,618
20231,D,발달상권,3120101,합정역,4090,2036,2054,769,465,784,557,526,989,449,228,357,283,269,450,320,237,427,274,257,539,1933,0,1933
20231,D,발달상권,3120102,서교동(홍대),3575,1747,1828,380,312,845,688,480,870,207,144,403,360,239,394,173,168,442,328,241,476,1816,0,1816
20231,D,발달상권,3120103,홍대입구역(홍대),3865,1826,2039,283,388,1069,724,510,891,150,148,515,362,251,400,133,240,554,362,259,491,2337,0,2337
20231,D,발달상권,3120104,연남동(홍대),8655,3976,4679,650,790,2235,1672,1099,2209,324,369,1002,781,515,985,326,421,1233,891,584,1224,4645,0,4645
20231,D,발달상권,3120105,상수역(홍대),1603,709,894,69,186,559,310,149,330,42,71,264,129,57,146,27,115,295,181,92,184,1068,0,1068
20231,D,발달상권,3120106,마포역,2160,1056,1104,262,156,445,459,363,475,134,69,194,237,203,219,128,87,251,222,160,256,1097,0,1097
20231,D,발달상권,3120107,공덕역(공덕오거리),1457,693,764,156,132,321,247,245,356,87,61,127,127,122,169,69,71,194,120,123,187,684,0,684
20231,D,발달상권,3120108,신정네거리역,3299,1672,1627,265,307,587,559,550,1031,124,159,289,302,300,498,141,148,298,257,250,533,1646,0,1646
20231,D,발달상권,3120109,서울남부지방법원,2272,1156,1116,253,281,288,355,398,697,136,145,135,184,212,344,117,136,153,171,186,353,987,0,987
20231,D,발달상권,3120110,목동역 8번출구,2147,1123,1024,209,225,386,326,360,641,100,125,190,171,193,344,109,100,196,155,167,297,1038,0,1038
20231,D,발달상권,3120111,목동사거리,2515,1293,1222,218,261,454,434,416,732,119,155,215,227,208,369,99,106,239,207,208,363,1193,0,1193
20231,D,발달상권,3120112,등촌역,3638,1716,1922,318,336,938,663,466,917,159,167,400,338,226,426,159,169,538,325,240,491,1867,0,1867
20231,D,발달상권,3120113,오목교역,3648,1748,1900,502,607,443,522,706,868,257,296,203,235,346,411,245,311,240,287,360,457,1247,0,1247
20231,D,발달상권,3120114,목동신시가지,7731,3643,4088,1255,1266,831,1215,1726,1438,630,636,339,455,872,711,625,630,492,760,854,727,2808,0,2808
20231,D,발달상권,3120116,송정역,664,333,331,39,56,206,94,72,197,24,19,91,52,42,105,15,37,115,42,30,92,438,0,438
20231,D,발달상권,3120117,강서농산물도매시장,14,5,9,0,5,6,3,0,0,0,1,2,2,0,0,0,4,4,1,0,0,10,0,10
20231,D,발달상권,3120118,마곡역(마곡),291,137,154,2,38,156,64,18,13,0,12,69,42,8,6,2,26,87,22,10,7,267,0,267
20231,D,발달상권,3120119,발산역(마곡),1513,645,868,15,217,714,318,154,95,7,59,278,156,88,57,8,158,436,162,66,38,1329,0,1329
20231,D,발달상권,3120120,화곡역,2432,1184,1248,175,214,643,429,357,614,94,108,292,215,173,302,81,106,351,214,184,312,1306,0,1306
20231,D,발달상권,3120121,까치산역,2907,1342,1565,238,201,766,616,328,758,113,96,333,317,144,339,125,105,433,299,184,419,1522,0,1522
20231,D,발달상권,3120122,강서구청,4330,2059,2271,401,413,1199,802,581,934,184,182,481,441,320,451,217,231,718,361,261,483,2484,0,2484
20231,D,발달상권,3120123,오류동역,2296,1090,1206,116,195,886,507,243,349,58,67,363,290,145,167,58,128,523,217,98,182,1611,0,1611
20231,D,발달상권,3120124,개봉동 현대아파트,3704,1847,1857,399,308,496,636,590,1275,216,143,257,347,300,584,183,165,239,289,290,691,1673,0,1673
20231,D,발달상권,3120125,구로역,1698,869,829,188,136,411,393,233,337,103,66,187,210,128,175,85,70,224,183,105,162,890,0,890
20231,D,발달상권,3120126,디지털단지오거리,684,402,282,19,40,92,51,150,332,14,21,55,37,89,186,5,19,37,14,61,146,426,0,426
20231,D,발달상권,3120127,구로구청,5057,2394,2663,437,484,1708,1240,563,625,227,165,709,659,318,316,210,319,999,581,245,309,3337,0,3337
20231,D,발달상권,3120128,신도림역,1194,553,641,186,108,248,310,165,177,97,48,100,149,76,83,89,60,148,161,89,94,508,0,508
20231,D,발달상권,3120129,구로디지털단지,1538,766,772,83,90,696,312,167,190,39,34,319,195,97,82,44,56,377,117,70,108,1110,0,1110
20231,D,발달상권,3120130,구로디지털단지역,2019,1121,898,44,110,965,430,189,281,26,38,497,270,124,166,18,72,468,160,65,115,1678,0,1678
20231,D,발달상권,3120131,가산디지털단지,1668,890,778,80,70,651,346,165,356,38,24,307,223,110,188,42,46,344,123,55,168,1230,0,1230
20231,D,발달상권,3120132,독산동,5866,3402,2464,423,429,1842,1135,787,1250,225,204,1127,722,475,649,198,225,715,413,312,601,3755,0,3755
20231,D,발달상권,3120133,서울시흥동우체국(홈플러스시흥점),444,218,226,31,50,75,52,69,167,15,27,40,26,35,75,16,23,35,26,34,92,207,0,207
20231,D,발달상권,3120134,구로전화국,2984,1568,1416,208,237,560,513,546,920,106,120,301,298,282,461,102,117,259,215,264,459,1755,0,1755
20231,D,발달상권,3120135,양평역,463,222,241,47,30,127,107,43,109,28,15,47,53,23,56,19,15,80,54,20,53,275,0,275
20231,D,발달상권,3120136,영등포구청역,2664,1334,1330,148,254,741,451,334,736,81,142,355,235,171,350,67,112,386,216,163,386,1576,0,1576
20231,D,발달상권,3120138,당산2동(영등포우체국),1435,675,760,87,113,344,171,206,514,35,54,167,86,107,226,52,59,177,85,99,288,951,0,951
20231,D,발달상권,3120139,대림3동사거리,2461,1294,1167,245,265,273,390,487,801,123,140,129,197,281,424,122,125,144,193,206,377,1200,0,1200
20231,D,발달상권,3120140,문래동주민센터,1161,593,568,166,79,123,197,179,417,82,39,61,96,101,214,84,40,62,101,78,203,572,0,572
20231,D,발달상권,3120141,영등포청과시장교차로,1247,638,609,124,98,303,195,166,361,59,47,150,117,91,174,65,51,153,78,75,187,614,0,614
20231,D,발달상권,3120142,대림역,1961,1053,908,110,178,405,345,327,596,55,93,228,196,176,305,55,85,177,149,151,291,1154,0,1154
20231,D,발달상권,3120143,당산역,2378,1044,1334,70,206,1123,461,197,321,36,71,421,242,118,156,34,135,702,219,79,165,1803,0,1803
20231,D,발달상권,3120144,영중로,837,381,456,37,70,334,127,62,207,21,30,123,72,32,103,16,40,211,55,30,104,593,0,593
20231,D,발달상권,3120145,영등포역(영등포),3113,1943,1170,66,173,846,522,519,987,35,62,400,349,393,704,31,111,446,173,126,283,2568,0,2568
20231,D,발달상권,3120146,한강성심병원,1233,711,522,40,101,615,178,112,187,24,41,362,118,61,105,16,60,253,60,51,82,961,0,961
20231,D,발달상권,3120147,보라매역,1127,514,613,125,104,319,196,134,249,67,39,117,91,69,131,58,65,202,105,65,118,583,0,583
20231,D,발달상권,3120148,국회의사당역(국회의사당),1512,753,759,205,93,297,340,234,343,101,44,132,166,124,186,104,49,165,174,110,157,824,0,824
20231,D,발달상권,3120149,여의도역(여의도),2929,1428,1501,379,319,385,416,506,924,193,169,162,192,239,473,186,150,223,224,267,451,1050,0,1050
20231,D,발달상권,3120150,63빌딩,648,303,345,69,62,66,81,98,272,27,31,32,39,48,126,42,31,34,42,50,146,255,0,255
20231,D,발달상권,3120151,보라매공원,2989,1447,1542,370,316,444,474,412,973,195,166,207,221,202,456,175,150,237,253,210,517,1160,0,1160
20231,D,발달상권,3120152,신대방삼거리역,2654,1264,1390,268,254,722,445,378,587,137,131,288,207,198,303,131,123,434,238,180,284,1395,0,1395
20231,D,발달상권,3120153,노량진역(노량진),1508,754,754,47,273,616,158,160,254,23,90,339,104,87,111,24,183,277,54,73,143,1194,0,1194
20231,D,발달상권,3120154,장승배기역,939,459,480,66,105,240,138,131,259,37,40,114,80,66,122,29,65,126,58,65,137,538,0,538
20231,D,발달상권,3120155,총신대학교,1763,862,901,205,154,309,344,236,515,94,82,167,169,121,229,111,72,142,175,115,286,794,0,794
20231,D,발달상권,3120156,"총신대입구역(이수, 총신대)",3931,1793,2138,337,391,817,683,585,1118,185,151,319,325,303,510,152,240,498,358,282,608,1989,0,1989
20231,D,발달상권,3120157,신림역(신림),7149,3651,3498,270,667,3043,1247,713,1209,151,271,1536,716,382,595,119,396,1507,531,331,614,5190,0,5190
20231,D,발달상권,3120158,녹두거리(대학동),1876,1147,729,54,207,647,334,247,387,33,93,417,242,176,186,21,114,230,92,71,201,1491,0,1491
20231,D,발달상권,3120159,서울대입구역,6240,2841,3399,192,765,2866,962,532,923,86,281,1206,485,296,487,106,484,1660,477,236,436,4846,0,4846
20231,D,발달상권,3120160,사당역(사당),3654,1683,1971,307,375,1163,598,430,781,153,169,495,302,200,364,154,206,668,296,230,417,2064,0,2064
20231,D,발달상권,3120161,방배동가구거리(사당동가구거리),1348,610,738,201,160,211,266,232,278,105,76,89,124,104,112,96,84,122,142,128,166,528,0,528
20231,D,발달상권,3120162,방배동카페골목,2069,1021,1048,290,276,287,330,388,498,140,145,144,154,197,241,150,131,143,176,191,257,811,0,811
20231,D,발달상권,3120163,사당역 11번(사당역먹자골목),3399,1613,1786,403,400,564,605,492,935,212,212,262,283,228,416,191,188,302,322,264,519,1369,0,1369
20231,D,발달상권,3120164,내방역,2784,1337,1447,284,274,480,467,448,831,139,157,197,230,238,376,145,117,283,237,210,455,1325,0,1325
20231,D,발달상권,3120165,서래마을카페거리(서래마을),1587,729,858,252,194,214,278,264,385,126,104,84,120,126,169,126,90,130,158,138,216,602,0,602
20231,D,발달상권,3120166,방배역,3039,1480,1559,275,290,515,540,500,919,156,143,233,281,251,416,119,147,282,259,249,503,1538,0,1538
20231,D,발달상권,3120167,고속터미널(고속터미널역),284,138,146,65,39,20,55,58,47,29,23,7,25,31,23,36,16,13,30,27,24,92,0,92
20231,D,발달상권,3120168,서울고교교차로,229,115,114,32,29,32,26,43,67,15,15,19,11,22,33,17,14,13,15,21,34,78,0,78
20231,D,발달상권,3120169,서초역,1785,852,933,156,214,339,230,313,533,83,104,152,105,150,258,73,110,187,125,163,275,705,0,705
20231,D,발달상권,3120170,삼호가든사거리,572,253,319,105,67,86,97,85,132,53,34,34,44,36,52,52,33,52,53,49,80,226,0,226
20231,D,발달상권,3120171,서초3동사거리,2374,1163,1211,247,317,470,370,387,583,125,169,211,184,198,276,122,148,259,186,189,307,1093,0,1093
20231,D,발달상권,3120172,교대입구교차로,2105,1030,1075,139,187,500,482,335,462,74,94,203,241,187,231,65,93,297,241,148,231,1279,0,1279
20231,D,발달상권,3120173,교대역(법원.검찰청),4041,1902,2139,321,524,896,750,597,953,153,268,416,330,301,434,168,256,480,420,296,519,2297,0,2297
20231,D,발달상권,3120174,논현역 5번,1494,707,787,162,137,330,260,228,377,90,69,141,119,109,179,72,68,189,141,119,198,698,0,698
20231,D,발달상권,3120175,남부터미널역,3351,1552,1799,340,321,650,665,569,806,168,157,277,296,258,396,172,164,373,369,311,410,1685,0,1685
20231,D,발달상권,3120176,논현역 4번,5137,2456,2681,331,348,1411,1216,675,1156,173,164,636,626,354,503,158,184,775,590,321,653,3151,0,3151
20231,D,발달상권,3120177,신논현역 1번,4639,2292,2347,211,334,1487,1004,615,988,106,155,674,541,349,467,105,179,813,463,266,521,3050,0,3050
20231,D,발달상권,3120178,신사역,4060,1950,2110,261,311,1054,830,587,1017,137,136,448,408,333,488,124,175,606,422,254,529,2505,0,2505
20231,D,발달상권,3120179,양재역,5081,2355,2726,539,514,1083,1057,737,1151,254,245,472,496,333,555,285,269,611,561,404,596,2461,0,2461
20231,D,발달상권,3120180,양재화물트럭터미널앞,1492,708,784,418,133,120,360,173,288,227,55,51,169,91,115,191,78,69,191,82,173,402,0,402
20231,D,발달상권,3120181,교육개발원입구사거리,1028,483,545,79,78,225,203,125,318,47,38,96,105,65,132,32,40,129,98,60,186,563,0,563
20231,D,발달상권,3120182,"양재시민의숲역(양재동꽃시장, aT센터)",2012,1025,987,200,163,357,384,335,573,105,90,166,202,178,284,95,73,191,182,157,289,1048,0,1048
20231,D,발달상권,3120183,양재천카페거리,1359,678,681,117,109,275,325,221,312,68,62,127,163,116,142,49,47,148,162,105,170,721,0,721
20231,D,발달상권,3120184,포이사거리(삼호물산),5580,2936,2644,562,537,1111,1087,981,1302,301,283,583,586,523,660,261,254,528,501,458,642,2878,0,2878
20231,D,발달상권,3120185,논현역,3906,1889,2017,235,287,967,854,605,958,127,133,454,404,318,453,108,154,513,450,287,505,2315,0,2315
20231,D,발달상권,3120186,가로수길,3522,1580,1942,330,356,673,721,584,858,165,163,260,316,297,379,165,193,413,405,287,479,1875,0,1875
20231,D,발달상권,3120187,신논현역,5248,2505,2743,247,398,1414,1150,730,1309,118,168,618,584,401,616,129,230,796,566,329,693,3441,0,3441
20231,D,발달상권,3120188,압구정역,1134,521,613,147,93,195,238,152,309,76,38,86,107,66,148,71,55,109,131,86,161,543,0,543
20231,D,발달상권,3120189,강남역,5924,2776,3148,470,703,1655,1198,784,1114,247,317,716,558,405,533,223,386,939,640,379,581,3442,0,3442
20231,D,발달상권,3120190,강남을지병원,2543,1188,1355,219,225,595,543,366,595,119,105,256,247,175,286,100,120,339,296,191,309,1367,0,1367
20231,D,발달상권,3120191,학동역,4811,2200,2611,266,334,1153,1170,761,1127,129,155,491,526,395,504,137,179,662,644,366,623,2998,0,2998
20231,D,발달상권,3120192,뱅뱅사거리,5192,2441,2751,399,481,1534,1130,743,905,208,223,695,521,372,422,191,258,839,609,371,483,3195,0,3195
20231,D,발달상권,3120193,도산공원교차로,1111,515,596,78,110,218,222,168,315,36,62,107,102,76,132,42,48,111,120,92,183,556,0,556
20231,D,발달상권,3120194,언주역(차병원),2437,1131,1306,148,148,707,599,315,520,73,70,298,278,167,245,75,78,409,321,148,275,1529,0,1529
20231,D,발달상권,3120195,성수대교남단,486,239,247,56,32,81,115,59,143,28,16,41,59,31,64,28,16,40,56,28,79,248,0,248
20231,D,발달상권,3120196,서울세관,1441,690,751,101,106,244,285,265,440,52,52,109,137,140,200,49,54,135,148,125,240,859,0,859
20231,D,발달상권,3120197,역삼역,5286,2833,2453,786,456,1408,1020,620,996,494,216,686,563,370,504,292,240,722,457,250,492,3139,0,3139
20231,D,발달상권,3120198,구역삼세무서,7396,3741,3655,453,538,1942,1721,1124,1618,221,252,932,903,641,792,232,286,1010,818,483,826,4777,0,4777
20231,D,발달상권,3120199,경복아파트교차로,587,283,304,30,48,181,156,89,83,15,20,87,66,50,45,15,28,94,90,39,38,401,0,401
20231,D,발달상권,3120200,학동사거리,1197,548,649,92,92,261,254,168,330,45,39,113,118,85,148,47,53,148,136,83,182,646,0,646
20231,D,발달상권,3120201,도곡1동,1796,851,945,158,188,384,371,281,414,82,91,173,181,128,196,76,97,211,190,153,218,939,0,939
20231,D,발달상권,3120202,압구정로데오역(압구정로데오),1934,926,1008,231,220,250,327,311,595,115,105,119,146,154,287,116,115,131,181,157,308,785,0,785
20231,D,발달상권,3120203,강남구청역,1322,632,690,97,118,321,276,214,296,44,61,149,118,111,149,53,57,172,158,103,147,756,0,756
20231,D,발달상권,3120204,르네상스호텔사거리,1498,639,859,90,108,467,394,224,215,45,41,171,180,103,99,45,67,296,214,121,116,1026,0,1026
20231,D,발달상권,3120205,매봉역,1161,557,604,72,148,261,171,210,299,38,70,109,90,107,143,34,78,152,81,103,156,574,0,574
20231,D,발달상권,3120206,개나리아파트,3987,1899,2088,484,554,583,741,661,964,264,265,272,350,322,426,220,289,311,391,339,538,1991,0,1991
20231,D,발달상권,3120207,선정릉역,7038,3203,3835,644,724,1470,1554,1136,1510,319,381,628,667,550,658,325,343,842,887,586,852,3779,0,3779
20231,D,발달상권,3120208,청담사거리(청담동명품거리),3534,1617,1917,285,325,598,641,593,1092,153,155,253,309,262,485,132,170,345,332,331,607,1875,0,1875
20231,D,발달상권,3120209,"강남구청(청담역_8번, 강남세무서)",1251,585,666,161,149,208,212,215,306,85,83,91,90,97,139,76,66,117,122,118,167,540,0,540
20231,D,발달상권,3120210,선릉역,4480,2146,2334,247,433,1079,1108,745,868,128,160,480,532,417,429,119,273,599,576,328,439,2898,0,2898
20231,D,발달상권,3120211,도성초등학교,1580,756,824,147,279,239,238,351,326,85,145,100,101,171,154,62,134,139,137,180,172,663,0,663
20231,D,발달상권,3120212,한티역,1716,826,890,129,344,220,218,415,390,64,172,98,111,182,199,65,172,122,107,233,191,752,0,752
20231,D,발달상권,3120213,삼성중앙역,4267,2036,2231,339,449,958,846,666,1009,182,239,434,416,316,449,157,210,524,430,350,560,2280,0,2280
20231,D,발달상권,3120214,영동대교남단교차로,365,184,181,43,52,52,57,69,92,24,28,24,26,32,50,19,24,28,31,37,42,158,0,158
20231,D,발달상권,3120215,포스코사거리,2954,1396,1558,231,305,639,700,526,553,130,163,260,288,276,279,101,142,379,412,250,274,1684,0,1684
20231,D,발달상권,3120216,경기고교사거리(경기고교앞사거리),198,94,104,6,23,60,34,33,42,3,9,30,14,17,21,3,14,30,20,16,21,126,0,126
20231,D,발달상권,3120217,대치사거리,4089,2033,2056,353,711,787,749,734,755,185,409,373,351,360,355,168,302,414,398,374,400,1991,0,1991
20231,D,발달상권,3120218,코엑스,15,9,6,4,0,0,4,0,7,2,0,0,2,0,5,2,0,0,2,0,2,8,0,8
20231,D,발달상권,3120219,은마아파트,1319,669,650,113,302,145,147,379,233,66,170,68,63,194,108,47,132,77,84,185,125,498,0,498
20231,D,발달상권,3120220,대치역,1365,658,707,218,288,114,152,345,248,111,139,59,58,166,125,107,149,55,94,179,123,394,0,394
20231,D,발달상권,3120221,봉은사역,659,340,319,34,61,118,128,112,206,18,36,65,68,53,100,16,25,53,60,59,106,400,0,400
20231,D,발달상권,3120222,삼성역,355,192,163,31,48,67,43,65,101,15,30,32,16,41,58,16,18,35,27,24,43,177,0,177
20231,D,발달상권,3120223,휘문고교사거리,325,182,143,49,57,42,37,61,79,35,39,19,19,27,43,14,18,23,18,34,36,107,0,107
20231,D,발달상권,3120224,수서역,285,140,145,40,17,47,52,50,79,18,10,16,22,32,42,22,7,31,30,18,37,168,0,168
20231,D,발달상권,3120225,잠실새내역(신천),3794,1800,1994,234,297,805,727,604,1127,116,147,363,355,315,504,118,150,442,372,289,623,2227,0,2227
20231,D,발달상권,3120226,석촌고분역,1942,924,1018,181,179,433,374,273,502,89,96,204,183,131,221,92,83,229,191,142,281,976,0,976
20231,D,발달상권,3120227,잠실역,4458,2108,2350,561,503,687,586,711,1410,251,250,323,277,309,698,310,253,364,309,402,712,1565,0,1565
20231,D,발달상권,3120228,석촌역(석촌호수),4598,2195,2403,466,421,1046,861,646,1158,251,208,481,411,291,553,215,213,565,450,355,605,2225,0,2225
20231,D,발달상권,3120229,방이동먹자골목,2635,1334,1301,188,169,633,590,377,678,105,77,314,307,195,336,83,92,319,283,182,342,1553,0,1553
20231,D,발달상권,3120230,송파사거리(송파역),1109,594,515,78,133,183,174,194,347,45,69,92,96,112,180,33,64,91,78,82,167,574,0,574
20231,D,발달상권,3120232,송파나루역,950,452,498,101,95,192,170,158,234,54,51,82,82,78,105,47,44,110,88,80,129,455,0,455
20231,D,발달상권,3120233,몽촌토성역,904,445,459,47,51,267,197,143,199,18,26,125,93,78,105,29,25,142,104,65,94,633,0,633
20231,D,발달상권,3120234,가락시장역,1751,930,821,93,144,292,304,340,578,42,65,137,168,208,310,51,79,155,136,132,268,1027,0,1027
20231,D,발달상권,3120235,문정역,654,336,318,80,80,118,137,98,141,47,39,56,81,51,62,33,41,62,56,47,79,305,0,305
20231,D,발달상권,3120236,장지역(가든파이브),188,109,79,26,24,28,31,33,46,14,16,20,17,22,20,12,8,8,14,11,26,83,0,83
20231,D,발달상권,3120237,경찰병원역,3652,1938,1714,314,343,694,647,635,1019,164,189,358,349,354,524,150,154,336,298,281,495,1951,0,1951
20231,D,발달상권,3120238,방이역,531,275,256,62,63,72,75,104,155,36,38,37,32,54,78,26,25,35,43,50,77,247,0,247
20231,D,발달상권,3120239,오금역,4301,2115,2186,442,518,790,648,751,1152,221,258,398,315,369,554,221,260,392,333,382,598,1879,0,1879
20231,D,발달상권,3120240,개롱역,3745,1797,1948,495,519,581,643,622,885,259,253,270,315,295,405,236,266,311,328,327,480,1384,0,1384
20231,D,발달상권,3120241,거여역,1959,1006,953,201,241,293,312,347,565,108,128,154,158,183,275,93,113,139,154,164,290,830,0,830
20231,D,발달상권,3120242,강동구청역,3768,1822,1946,471,388,611,665,561,1072,245,198,274,327,281,497,226,190,337,338,280,575,1647,0,1647
20231,D,발달상권,3120243,천호역,2895,1384,1511,178,213,786,609,400,709,86,101,356,293,212,336,92,112,430,316,188,373,1771,0,1771
20231,D,발달상권,3120244,암사역,2226,1140,1086,210,170,475,436,334,601,118,78,233,231,180,300,92,92,242,205,154,301,1311,0,1311
20231,D,발달상권,3120245,둔촌역,2701,1415,1286,312,311,370,432,501,775,189,179,195,222,264,366,123,132,175,210,237,409,1232,0,1232
20231,D,발달상권,3120246,길동역,5185,2536,2649,396,418,1420,996,713,1242,215,186,582,538,395,620,181,232,838,458,318,622,2969,0,2969
20231,D,발달상권,3120247,굽은다리역,1781,840,941,189,207,285,271,285,544,85,115,132,129,136,243,104,92,153,142,149,301,699,0,699
20231,D,발달상권,3120248,명일역,2297,1156,1141,214,249,304,382,376,772,122,133,149,188,194,370,92,116,155,194,182,402,1123,0,1123
20231,D,발달상권,3120249,고덕역,899,436,463,116,152,128,117,184,202,65,79,55,46,91,100,51,73,73,71,93,102,321,0,321
20231,R,전통시장,3130001,통인시장,813,381,432,86,78,99,134,130,286,47,38,47,59,68,122,39,40,52,75,62,164,374,0,374
20231,R,전통시장,3130002,세종마을음식문화거리(금천교시장),656,305,351,59,55,104,98,106,234,32,23,49,46,53,102,27,32,55,52,53,132,306,0,306
20231,R,전통시장,3130004,낙원시장(낙원지하시장(대일상가)),360,177,183,52,21,47,53,44,143,31,13,27,31,21,54,21,8,20,22,23,89,140,0,140
20231,R,전통시장,3130005,세운상가가동,21,17,4,0,0,2,5,4,10,0,0,2,4,3,8,0,0,0,1,1,2,17,0,17
20231,R,전통시장,3130007,광장시장(광장전통시장),78,32,46,1,3,2,3,13,56,1,3,0,3,4,21,0,0,2,0,9,35,64,0,64
20231,R,전통시장,3130010,종로신진시장,96,57,39,0,6,7,5,23,55,0,4,5,4,12,32,0,2,2,1,11,23,70,0,70
20231,R,전통시장,3130011,충신시장,242,126,116,13,36,27,22,54,90,7,18,17,12,26,46,6,18,10,10,28,44,111,0,111
20231,R,전통시장,3130012,"동대문종합시장(동대문종합시장 신관, 동대문종합시장D동상가)",1,1,0,0,0,0,0,1,0,0,0,0,0,1,0,0,0,0,0,0,0,1,0,1
20231,R,전통시장,3130013,동대문상가A동,50,26,24,3,0,6,7,6,28,1,0,3,5,4,13,2,0,3,2,2,15,33,0,33
20231,R,전통시장,3130014,동문시장,149,91,58,2,7,7,17,34,82,0,3,5,10,20,53,2,4,2,7,14,29,110,0,110
20231,R,전통시장,3130015,창신골목시장,820,430,390,33,58,97,80,154,398,17,33,61,38,89,192,16,25,36,42,65,206,517,0,517
20231,R,전통시장,3130016,동대문상가B동,60,29,31,1,7,14,11,5,22,0,4,8,5,2,10,1,3,6,6,3,12,31,0,31
20231,R,전통시장,3130017,동대문상가C동,87,54,33,5,2,10,10,16,44,2,2,9,8,8,25,3,0,1,2,8,19,55,0,55
20231,R,전통시장,3130018,동대문문구완구거리(동대문문구완구시장),196,109,87,8,15,23,18,28,104,4,8,14,12,14,57,4,7,9,6,14,47,112,0,112
20231,R,전통시장,3130019,동대문상가D동,47,26,21,2,1,7,7,8,22,1,1,5,3,5,11,1,0,2,4,3,11,32,0,32
20231,R,전통시장,3130020,동묘시장(동묘벼룩시장),361,200,161,10,32,84,36,63,136,4,13,43,20,45,75,6,19,41,16,18,61,264,0,264
20231,R,전통시장,3130021,신설종합시장,17,12,5,0,1,1,0,3,12,0,1,1,0,2,8,0,0,0,0,1,4,15,0,15
20231,R,전통시장,3130024,남대문시장(자유상가),68,40,28,1,2,6,10,10,39,1,2,5,6,6,20,0,0,1,4,4,19,53,0,53
20231,R,전통시장,3130025,삼익패션타운(남대문시장),1,1,0,0,0,0,0,1,0,0,0,0,0,1,0,0,0,0,0,0,0,1,0,1
20231,R,전통시장,3130031,청계천공구상가,40,28,12,0,3,1,3,12,21,0,1,1,3,10,13,0,2,0,0,2,8,28,0,28
20231,R,전통시장,3130032,인현시장,153,87,66,5,12,21,9,27,79,4,4,13,6,14,46,1,8,8,3,13,33,85,0,85
20231,R,전통시장,3130033,대림상가(청계상가),137,85,52,5,11,15,4,30,72,2,5,8,2,21,47,3,6,7,2,9,25,88,0,88
20231,R,전통시장,3130034,필동 골목형상점가,14,9,5,0,1,1,2,5,5,0,1,0,2,4,2,0,0,1,0,1,3,10,0,10
20231,R,전통시장,3130035,방산종합시장(방산시장),282,183,99,9,20,40,30,48,135,5,12,24,15,36,91,4,8,16,15,12,44,194,0,194
20231,R,전통시장,3130036,중부시장(신중부시장),223,137,86,5,9,20,17,46,126,4,7,7,10,30,79,1,2,13,7,16,47,171,0,171
20231,R,전통시장,3130038,"평화시장(통일상가, 동화상가)",9,6,3,0,1,1,1,1,5,0,1,1,0,1,3,0,0,0,1,0,2,6,0,6
20231,R,전통시장,3130042,약수시장,497,250,247,46,36,82,76,77,180,27,19,37,40,47,80,19,17,45,36,30,100,253,0,253
20231,R,전통시장,3130046,team204(팀204),3,2,1,0,0,0,1,1,1,0,0,0,0,1,1,0,0,0,1,0,0,3,0,3
20231,R,전통시장,3130047,테크노상가(엘리시움),7,4,3,1,0,0,2,1,3,1,0,0,0,1,2,0,0,0,2,0,1,6,0,6
20231,R,전통시장,3130048,동평화시장,7,6,1,0,0,0,2,3,2,0,0,0,2,3,1,0,0,0,0,0,1,5,0,5
20231,R,전통시장,3130049,신당 미래유산 먹거리 골목형상점가,149,93,56,4,6,24,20,33,62,2,3,16,16,24,32,2,3,8,4,9,30,100,0,100
20231,R,전통시장,3130050,청평화시장,5,2,3,0,0,0,0,2,3,0,0,0,0,1,1,0,0,0,0,1,2,5,0,5
20231,R,전통시장,3130051,동화동 골목형상점가,1605,799,806,163,177,268,257,255,485,85,85,134,130,143,222,78,92,134,127,112,263,689,0,689
20231,R,전통시장,3130052,서울중앙시장(신중앙시장),1508,818,690,89,128,165,155,253,718,52,74,82,99,149,362,37,54,83,56,104,356,833,0,833
20231,R,전통시장,3130053,백학시장,1064,551,513,67,101,120,148,207,421,32,61,70,91,103,194,35,40,50,57,104,227,517,0,517
20231,R,전통시장,3130054,황학동주방가구거리상점가,1122,625,497,54,113,218,154,181,402,23,59,127,101,101,214,31,54,91,53,80,188,616,0,616
20231,R,전통시장,3130055,"황학시장(서울중앙시장, 신중앙시장)",1234,656,578,94,111,142,179,209,499,49,56,69,114,122,246,45,55,73,65,87,253,614,0,614
20231,R,전통시장,3130056,용산용문시장,679,330,349,50,60,125,84,109,251,20,32,66,48,63,101,30,28,59,36,46,150,372,0,372
20231,R,전통시장,3130057,만리시장,27,16,11,0,1,1,2,6,17,0,1,1,2,4,8,0,0,0,0,2,9,16,0,16
20231,R,전통시장,3130058,이촌종합시장,85,45,40,6,9,13,9,20,28,2,5,9,5,11,13,4,4,4,4,9,15,42,0,42
20231,R,전통시장,3130059,후암시장,793,401,392,70,90,102,86,140,305,39,49,59,48,75,131,31,41,43,38,65,174,402,0,402
20231,R,전통시장,3130060,신흥시장,130,69,61,6,6,23,10,17,68,1,3,13,5,11,36,5,3,10,5,6,32,81,0,81
20231,R,전통시장,3130061,이태원시장,64,29,35,7,5,11,5,10,26,4,1,3,3,7,11,3,4,8,2,3,15,32,0,32
20231,R,전통시장,3130062,보광시장,84,42,42,5,4,13,12,11,39,3,2,8,6,7,16,2,2,5,6,4,23,37,0,37
20231,R,전통시장,3130063,신금호역 골목형상점가,468,243,225,44,48,68,77,84,147,23,23,34,44,48,71,21,25,34,33,36,76,239,0,239
20231,R,전통시장,3130064,금남시장,233,121,112,8,19,23,33,41,109,1,11,16,20,24,49,7,8,7,13,17,60,131,0,131
20231,R,전통시장,3130065,무학봉상점가,3013,1554,1459,222,314,480,415,521,1061,117,168,271,219,270,509,105,146,209,196,251,552,1619,0,1619
20231,R,전통시장,3130066,행당시장상점가,1686,829,857,105,202,347,221,271,540,47,97,172,121,132,260,58,105,175,100,139,280,911,0,911
20231,R,전통시장,3130067,왕십리도선동상점가,3178,1557,1621,302,328,629,499,544,876,155,153,304,278,269,398,147,175,325,221,275,478,1483,0,1483
20231,R,전통시장,3130068,마장축산물시장,1614,835,779,129,170,244,233,267,571,77,88,139,127,137,267,52,82,105,106,130,304,757,0,757
20231,R,전통시장,3130069,"한양대앞상점가(한양시장, 왕십리맛골목)",480,249,231,4,89,242,36,37,72,2,43,131,19,20,34,2,46,111,17,17,38,364,0,364
20231,R,전통시장,3130070,뚝섬역상점가,1308,683,625,77,121,309,243,210,348,37,64,154,135,125,168,40,57,155,108,85,180,785,0,785
20231,R,전통시장,3130071,성수역 골목형상점가,3,2,1,0,0,0,0,2,1,0,0,0,0,2,0,0,0,0,0,0,1,3,0,3
20231,R,전통시장,3130072,성동용답상가시장,4754,2382,2372,432,520,745,714,840,1503,214,268,371,392,447,690,218,252,374,322,393,813,2149,0,2149
20231,R,전통시장,3130073,뚝도시장,580,306,274,31,70,60,75,129,215,17,39,35,39,72,104,14,31,25,36,57,111,295,0,295
20231,R,전통시장,3130074,영동교골목시장,482,248,234,20,43,74,67,98,180,10,28,34,37,56,83,10,15,40,30,42,97,268,0,268
20231,R,전통시장,3130075,노룬산시장(노룬산골목시장),91,43,48,2,7,11,12,19,40,2,4,6,5,9,17,0,3,5,7,10,23,59,0,59
20231,R,전통시장,3130076,능동로골목시장,876,426,450,47,90,139,107,134,359,21,43,67,59,69,167,26,47,72,48,65,192,449,0,449
20231,R,전통시장,3130077,조양시장,76,33,43,0,13,31,4,4,24,0,4,17,1,1,10,0,9,14,3,3,14,53,0,53
20231,R,전통시장,3130078,화양제일골목시장,900,426,474,34,112,353,127,94,180,16,38,169,73,51,79,18,74,184,54,43,101,618,0,618
20231,R,전통시장,3130079,한아름시장,302,128,174,11,51,131,32,28,49,6,15,53,18,15,21,5,36,78,14,13,28,205,0,205
20231,R,전통시장,3130080,자양종합시장(기능상실),59,30,29,10,9,6,14,8,12,5,4,3,7,4,7,5,5,3,7,4,5,18,0,18
20231,R,전통시장,3130081,자양골목전통시장(자양골목시장),2006,978,1028,193,219,346,351,314,583,95,107,171,184,149,272,98,112,175,167,165,311,897,0,897
20231,R,전통시장,3130082,면곡골목시장,257,125,132,23,28,46,30,48,82,10,13,21,15,24,42,13,15,25,15,24,40,105,0,105
20231,R,전통시장,3130083,"중곡제일시장(중곡제일골목시장, 광성시장)",848,429,419,85,96,120,101,165,281,45,44,71,49,82,138,40,52,49,52,83,143,369,0,369
20231,R,전통시장,3130084,신성시장(신성골목시장),243,122,121,19,25,45,38,40,76,12,13,19,22,19,37,7,12,26,16,21,39,112,0,112
20231,R,전통시장,3130085,용두시장,18,12,6,0,1,2,2,3,10,0,1,1,2,2,6,0,0,1,0,1,4,13,0,13
20231,R,전통시장,3130086,서울약령시장,1983,1076,907,73,143,313,251,319,884,48,77,185,160,185,421,25,66,128,91,134,463,1288,0,1288
20231,R,전통시장,3130087,경동광성상가(경동시장),75,34,41,1,3,8,6,12,45,0,0,5,3,8,18,1,3,3,3,4,27,50,0,50
20231,R,전통시장,3130088,경동시장,6,4,2,0,0,0,1,1,4,0,0,0,1,1,2,0,0,0,0,0,2,4,0,4
20231,R,전통시장,3130089,청량리수산시장,380,198,182,27,16,36,54,49,198,12,11,23,28,30,94,15,5,13,26,19,104,201,0,201
20231,R,전통시장,3130090,청량리종합시장,115,67,48,5,6,11,14,12,67,4,2,8,8,9,36,1,4,3,6,3,31,56,0,56
20231,R,전통시장,3130091,청량종합도매시장,437,227,210,18,27,87,44,55,206,8,17,56,24,32,90,10,10,31,20,23,116,244,0,244
20231,R,전통시장,3130092,청량리농수산물시장,450,247,203,29,43,62,36,64,216,18,26,32,20,34,117,11,17,30,16,30,99,241,0,241
20231,R,전통시장,3130094,청량리청과물시장,66,44,22,3,0,2,8,14,39,2,0,1,6,11,24,1,0,1,2,3,15,56,0,56
20231,R,전통시장,3130095,청량리전통시장,365,232,133,3,12,38,39,50,223,1,6,21,26,41,137,2,6,17,13,9,86,277,0,277
20231,R,전통시장,3130097,답십리 건축자재시장,1682,831,851,125,179,216,234,300,628,55,97,116,113,151,299,70,82,100,121,149,329,803,0,803
20231,R,전통시장,3130098,회기시장,1181,526,655,44,192,404,141,127,273,24,64,189,75,53,121,20,128,215,66,74,152,852,0,852
20231,R,전통시장,3130099,전농로터리시장,45,30,15,1,8,3,3,18,12,1,6,3,2,10,8,0,2,0,1,8,4,23,0,23
20231,R,전통시장,3130100,답십리시장,446,210,236,35,57,60,59,92,143,13,30,24,36,40,67,22,27,36,23,52,76,197,0,197
20231,R,전통시장,3130101,답십리현대시장,316,161,155,18,25,33,55,49,136,12,10,17,35,28,59,6,15,16,20,21,77,165,0,165
20231,R,전통시장,3130102,이문제일시장,66,27,39,8,7,5,11,16,19,0,3,2,6,8,8,8,4,3,5,8,11,27,0,27
20231,R,전통시장,3130103,이경시장,225,111,114,15,25,30,25,36,94,7,12,16,13,17,46,8,13,14,12,19,48,97,0,97
20231,R,전통시장,3130104,전곡시장,674,334,340,58,69,97,90,112,248,29,33,50,49,57,116,29,36,47,41,55,132,305,0,305
20231,R,전통시장,3130105,장미제일시장(중화동제일시장),967,481,486,98,99,138,148,163,321,50,42,75,81,86,147,48,57,63,67,77,174,444,0,444
20231,R,전통시장,3130106,중랑동부시장,1326,678,648,98,155,285,207,204,377,47,70,158,109,113,181,51,85,127,98,91,196,711,0,711
20231,R,전통시장,3130107,중랑동부시장(중랑교종합상가),184,99,85,10,9,64,40,15,46,4,5,36,24,9,21,6,4,28,16,6,25,121,0,121
20231,R,전통시장,3130108,태능엔터피아(태릉시장),326,169,157,36,35,56,46,50,103,17,21,26,29,24,52,19,14,30,17,26,51,113,0,113
20231,R,전통시장,3130109,묵1동도깨비시장,808,400,408,93,101,103,127,135,249,55,59,46,60,66,114,38,42,57,67,69,135,327,0,327
20231,R,전통시장,3130110,면목골목시장(면목시장),1775,902,873,172,171,260,293,286,593,85,94,129,159,154,281,87,77,131,134,132,312,897,0,897
20231,R,전통시장,3130111,"동원전통종합시장(동원시장, 동원전통시장 상점가)",2093,1061,1032,190,222,296,315,354,716,101,115,156,174,180,335,89,107,140,141,174,381,966,0,966
20231,R,전통시장,3130112,사가정시장,2023,1016,1007,146,223,331,279,346,698,72,113,177,158,174,322,74,110,154,121,172,376,1005,0,1005
20231,R,전통시장,3130113,신아타운,119,65,54,4,12,13,15,30,45,2,7,4,8,20,24,2,5,9,7,10,21,96,0,96
20231,R,전통시장,3130114,유영시장,120,57,63,13,20,12,16,25,34,7,12,6,7,10,15,6,8,6,9,15,19,48,0,48
20231,R,전통시장,3130115,우림골목시장,2050,1047,1003,149,195,290,284,357,775,74,99,166,164,185,359,75,96,124,120,172,416,969,0,969
20231,R,전통시장,3130116,동성타워프라자,301,154,147,41,33,41,46,43,97,23,17,25,24,19,46,18,16,16,22,24,51,109,0,109
20231,R,전통시장,3130117,정릉시장,847,423,424,62,83,142,101,122,337,29,43,80,63,67,141,33,40,62,38,55,196,407,0,407
20231,R,전통시장,3130118,정릉골 골목형상점가,660,323,337,79,74,95,113,98,201,48,29,42,62,53,89,31,45,53,51,45,112,270,0,270
20231,R,전통시장,3130119,정릉아리랑시장,387,196,191,37,37,60,59,53,141,21,21,34,32,25,63,16,16,26,27,28,78,180,0,180
20231,R,전통시장,3130120,돈암시장(돈암제일시장),295,134,161,20,21,58,33,32,131,10,10,29,18,20,47,10,11,29,15,12,84,154,0,154
20231,R,전통시장,3130121,길음시장,8,8,0,0,0,3,2,3,0,0,0,3,2,3,0,0,0,0,0,0,0,8,0,8
20231,R,전통시장,3130122,밤나무골시장,244,117,127,22,23,24,41,41,93,13,8,16,22,20,38,9,15,8,19,21,55,114,0,114
20231,R,전통시장,3130123,꿈의숲 장곡 골목형상점가,396,203,193,41,53,47,50,82,123,25,29,22,24,42,61,16,24,25,26,40,62,147,0,147
20231,R,전통시장,3130124,번동시장,32,19,13,8,1,4,4,2,13,6,0,3,1,1,8,2,1,1,3,1,5,13,0,13
20231,R,전통시장,3130125,장위전통시장,916,453,463,86,102,106,108,166,348,46,52,55,57,87,156,40,50,51,51,79,192,380,0,380
20231,R,전통시장,3130126,새석관시장,9,2,7,1,1,5,0,2,0,0,0,1,0,1,0,1,1,4,0,1,0,4,0,4
20231,R,전통시장,3130127,석관시장,182,108,74,14,16,23,27,39,63,10,10,14,17,28,29,4,6,9,10,11,34,94,0,94
20231,R,전통시장,3130128,돌곶이시장(석관황금시장),1959,998,961,149,208,257,275,339,731,81,108,134,149,176,350,68,100,123,126,163,381,887,0,887
20231,R,전통시장,3130129,장미원골목시장,1234,599,635,124,144,164,176,202,424,76,72,88,91,88,184,48,72,76,85,114,240,528,0,528
20231,R,전통시장,3130130,수유북부골목시장,67,34,33,3,3,9,10,6,36,2,2,7,5,4,14,1,1,2,5,2,22,28,0,28
20231,R,전통시장,3130131,동북프라자,26,12,14,4,3,1,3,4,11,1,0,0,2,3,6,3,3,1,1,1,5,10,0,10
20231,R,전통시장,3130132,삼양골목시장(삼양시장),697,350,347,55,68,93,102,127,252,36,24,49,51,70,120,19,44,44,51,57,132,327,0,327
20231,R,전통시장,3130133,우이골목시장(우이시장),1558,776,782,161,199,171,223,290,514,87,106,87,112,156,228,74,93,84,111,134,286,651,0,651
20231,R,전통시장,3130134,"솔샘시장(미아6,7동골목시장)",130,67,63,10,11,20,14,26,49,6,7,13,7,14,20,4,4,7,7,12,29,69,0,69
20231,R,전통시장,3130135,수유중앙골목시장(수유중앙시장),983,488,495,94,103,147,139,168,332,46,52,75,75,83,157,48,51,72,64,85,175,420,0,420
20231,R,전통시장,3130136,수유재래시장,492,252,240,40,54,67,61,89,181,18,26,44,34,44,86,22,28,23,27,45,95,183,0,183
20231,R,전통시장,3130137,"수유전통시장(수유시장, 수유골목시장)",493,251,242,37,51,73,76,79,177,19,28,44,38,40,82,18,23,29,38,39,95,243,0,243
20231,R,전통시장,3130138,수유프라자,241,107,134,21,26,39,34,29,92,9,12,16,14,11,45,12,14,23,20,18,47,87,0,87
20231,R,전통시장,3130139,강북종합전통시장(강북종합골목시장),2101,1033,1068,167,194,378,304,320,738,87,99,191,167,157,332,80,95,187,137,163,406,1084,0,1084
20231,R,전통시장,3130140,숭인시장,148,69,79,15,16,22,24,22,49,8,6,10,11,12,22,7,10,12,13,10,27,70,0,70
20231,R,전통시장,3130141,강북북부골목시장,987,471,516,118,89,136,186,139,319,53,49,60,92,78,139,65,40,76,94,61,180,429,0,429
20231,R,전통시장,3130143,방천골목시장,617,297,320,40,58,92,95,117,215,26,25,45,50,59,92,14,33,47,45,58,123,337,0,337
20231,R,전통시장,3130144,백운시장,370,174,196,37,46,50,51,54,132,17,21,28,21,25,62,20,25,22,30,29,70,149,0,149
20231,R,전통시장,3130145,쌍문역둘리상점가,592,294,298,44,69,99,67,92,221,20,35,54,34,40,111,24,34,45,33,52,110,269,0,269
20231,R,전통시장,3130146,쌍문시장(쌍문역골목시장),3414,1694,1720,235,315,613,537,550,1164,121,156,316,275,284,542,114,159,297,262,266,622,1721,0,1721
20231,R,전통시장,3130147,쌍문역동측상점가,866,425,441,76,69,142,144,137,298,38,33,72,71,66,145,38,36,70,73,71,153,428,0,428
20231,R,전통시장,3130148,방학동도깨비시장,1176,593,583,88,148,134,148,222,436,49,88,79,77,110,190,39,60,55,71,112,246,525,0,525
20231,R,전통시장,3130149,창동신창시장,2288,1106,1182,229,296,302,347,423,691,101,145,158,172,211,319,128,151,144,175,212,372,917,0,917
20231,R,전통시장,3130150,창동골목시장,1298,646,652,104,141,151,193,214,495,53,78,81,93,128,213,51,63,70,100,86,282,609,0,609
20231,R,전통시장,3130151,신도봉시장,211,109,102,15,39,26,19,44,68,4,19,16,11,23,36,11,20,10,8,21,32,88,0,88
20231,R,전통시장,3130152,오!도봉거리 상점가,720,397,323,49,80,80,95,133,283,24,40,45,58,80,150,25,40,35,37,53,133,359,0,359
20231,R,전통시장,3130153,창동역상점가,162,132,30,0,8,29,31,35,59,0,6,21,26,32,47,0,2,8,5,3,12,150,0,150
20231,R,전통시장,3130154,상계주공1단지(가)상가,191,104,87,113,14,17,2,18,27,66,9,7,2,8,12,47,5,10,0,10,15,25,0,25
20231,R,전통시장,3130156,시영2단지 무지개종합상가(중계 무지개2단지아파트상가),509,230,279,77,64,69,94,78,127,46,28,30,47,33,46,31,36,39,47,45,81,211,0,211
20231,R,전통시장,3130157,상계중앙시장,1835,894,941,111,194,259,228,310,733,66,93,142,121,144,328,45,101,117,107,166,405,914,0,914
20231,R,전통시장,3130158,상계역전종합상가,1165,524,641,140,132,201,189,192,311,69,62,101,81,89,122,71,70,100,108,103,189,468,0,468
20231,R,전통시장,3130159,공릉동 도깨비시장,1354,676,678,113,142,274,208,191,426,51,71,135,113,97,209,62,71,139,95,94,217,639,0,639
20231,R,전통시장,3130160,수일시장,92,45,47,2,6,7,7,15,55,1,4,2,6,9,23,1,2,5,1,6,32,55,0,55
20231,R,전통시장,3130161,증산종합시장,151,72,79,15,12,21,22,27,54,4,6,10,13,12,27,11,6,11,9,15,27,59,0,59
20231,R,전통시장,3130162,증산골목시장,97,58,39,6,8,16,17,19,31,3,7,11,10,11,16,3,1,5,7,8,15,50,0,50
20231,R,전통시장,3130163,응암오거리상점가,1250,614,636,102,107,252,199,192,398,57,54,116,105,101,181,45,53,136,94,91,217,675,0,675
20231,R,전통시장,3130164,역촌중앙시장,151,75,76,9,15,27,27,19,54,7,6,16,13,9,24,2,9,11,14,10,30,78,0,78
20231,R,전통시장,3130165,"대림골목시장(대림시장, 양지시장)",572,277,295,42,71,57,77,102,223,23,40,28,39,51,96,19,31,29,38,51,127,260,0,260
20231,R,전통시장,3130166,응암시장(신응암시장),215,120,95,33,13,29,51,28,61,21,8,18,29,15,29,12,5,11,22,13,32,91,0,91
20231,R,전통시장,3130167,연신내상점가(연빛거리),1685,852,833,113,189,379,276,264,464,57,90,194,157,137,217,56,99,185,119,127,247,904,0,904
20231,R,전통시장,3130168,연서시장,102,63,39,8,4,12,13,9,56,4,3,5,8,7,36,4,1,7,5,2,20,68,0,68
20231,R,전통시장,3130169,대조시장,1925,868,1057,139,153,391,340,269,633,63,70,171,175,124,265,76,83,220,165,145,368,1049,0,1049
20231,R,전통시장,3130170,제일시장,78,39,39,6,4,21,16,10,21,3,3,10,7,5,11,3,1,11,9,5,10,37,0,37
20231,R,전통시장,3130171,불광먹자골목 골목형상점가,1115,542,573,56,97,310,195,157,300,36,41,137,112,78,138,20,56,173,83,79,162,696,0,696
20231,R,전통시장,3130172,모래내시장(서중시장),47,31,16,0,2,5,2,9,29,0,2,4,2,5,18,0,0,1,0,4,11,38,0,38
20231,R,전통시장,3130173,백련시장,151,68,83,11,8,25,20,22,65,7,4,13,9,10,25,4,4,12,11,12,40,66,0,66
20231,R,전통시장,3130175,신촌 상인회(신촌상점가),6,3,3,0,1,4,0,0,1,0,1,1,0,0,1,0,0,3,0,0,0,6,0,6
20231,R,전통시장,3130176,유진상가,316,161,155,15,40,44,22,56,139,11,18,31,12,23,66,4,22,13,10,33,73,113,0,113
20231,R,전통시장,3130177,인왕시장(홍제골목형상점가),272,138,134,18,33,39,34,38,110,12,13,25,22,18,48,6,20,14,12,20,62,123,0,123
20231,R,전통시장,3130178,이대 앞 스타트업 상점가,44,17,27,0,7,15,4,2,16,0,0,10,1,0,6,0,7,5,3,2,10,30,0,30
20231,R,전통시장,3130179,"이화여대 3,5,7길 상점가",501,136,365,13,129,166,46,45,102,4,6,30,23,22,51,9,123,136,23,23,51,383,0,383
20231,R,전통시장,3130180,포방터시장,598,291,307,40,82,72,62,115,227,20,45,41,31,56,98,20,37,31,31,59,129,279,0,279
20231,R,전통시장,3130181,아현가구거리상점가,656,334,322,34,58,116,93,116,239,19,34,60,55,57,109,15,24,56,38,59,130,359,0,359
20231,R,전통시장,3130183,상암동상점가,3058,1552,1506,297,295,669,504,464,829,148,155,329,279,255,386,149,140,340,225,209,443,1588,0,1588
20231,R,전통시장,3130185,망원월드컵시장,911,427,484,100,105,138,171,139,258,49,52,66,73,68,119,51,53,72,98,71,139,383,0,383
20231,R,전통시장,3130186,망원시장,2120,1006,1114,181,172,369,400,331,667,101,90,161,206,162,286,80,82,208,194,169,381,1086,0,1086
20231,R,전통시장,3130187,영진시장,222,99,123,17,17,39,35,28,86,8,11,16,17,10,37,9,6,23,18,18,49,100,0,100
20231,R,전통시장,3130189,서교시장,37,28,9,0,3,12,10,1,11,0,2,10,9,0,7,0,1,2,1,1,4,34,0,34
20231,R,전통시장,3130190,홍대소상공인상점가,431,214,217,18,55,150,66,45,97,11,24,81,28,26,44,7,31,69,38,19,53,293,0,293
20231,R,전통시장,3130191,홍대 걷고싶은 거리,694,321,373,34,87,211,88,79,195,19,39,104,46,35,78,15,48,107,42,44,117,402,0,402
20231,R,전통시장,3130192,동진시장,33,16,17,5,3,10,5,3,7,1,3,4,3,1,4,4,0,6,2,2,3,16,0,16
20231,R,전통시장,3130193,신수시장,72,35,37,5,9,11,7,13,27,2,5,4,4,7,13,3,4,7,3,6,14,32,0,32
20231,R,전통시장,3130194,용강동 상점가,727,360,367,132,64,85,139,125,182,62,35,42,72,71,78,70,29,43,67,54,104,301,0,301
20231,R,전통시장,3130195,도화동 상점가,2663,1220,1443,214,260,547,427,402,813,107,123,231,210,200,349,107,137,316,217,202,464,1393,0,1393
20231,R,전통시장,3130196,공덕시장,3,2,1,0,0,0,1,2,0,0,0,0,0,2,0,0,0,0,1,0,0,3,0,3
20231,R,전통시장,3130197,마포시장,78,56,22,3,3,7,7,21,37,1,0,7,6,19,23,2,3,0,1,2,14,67,0,67
20231,R,전통시장,3130198,아현시장,606,294,312,40,74,75,87,91,239,21,40,41,47,41,104,19,34,34,40,50,135,322,0,322
20231,R,전통시장,3130199,신월3동 골목시장,967,526,441,63,109,100,124,190,381,33,57,51,81,107,197,30,52,49,43,83,184,511,0,511
20231,R,전통시장,3130200,"신월7동 골목시장(약수시장, 우성상가)",269,128,141,21,25,46,36,46,95,10,9,26,21,21,41,11,16,20,15,25,54,105,0,105
20231,R,전통시장,3130201,월정로시장,1535,793,742,157,132,192,236,263,555,79,69,103,125,152,265,78,63,89,111,111,290,714,0,714
20231,R,전통시장,3130202,신영시장,1216,584,632,125,133,132,198,224,404,53,60,65,98,118,190,72,73,67,100,106,214,567,0,567
20231,R,전통시장,3130203,서서울 골목형상점가,656,319,337,43,53,104,89,118,249,16,27,57,46,58,115,27,26,47,43,60,134,354,0,354
20231,R,전통시장,3130204,경창시장,821,391,430,128,71,85,147,112,278,64,44,37,72,52,122,64,27,48,75,60,156,300,0,300
20231,R,전통시장,3130205,신곡종합시장(신월6동 골목시장),162,93,69,14,15,14,25,33,61,11,10,9,14,18,31,3,5,5,11,15,30,79,0,79
20231,R,전통시장,3130206,신정3동 골목시장,52,25,27,5,6,9,5,5,22,3,1,4,2,4,11,2,5,5,3,1,11,25,0,25
20231,R,전통시장,3130207,신정1동 골목시장(신정제일시장),181,76,105,13,18,23,16,28,83,3,4,10,6,15,38,10,14,13,10,13,45,90,0,90
20231,R,전통시장,3130208,목동깨비시장(목3동시장),1253,635,618,130,117,254,228,189,335,64,70,129,124,95,153,66,47,125,104,94,182,592,0,592
20231,R,전통시장,3130209,목사랑시장(목4동시장),1703,857,846,175,283,216,222,325,482,100,173,116,99,149,220,75,110,100,123,176,262,619,0,619
20231,R,전통시장,3130210,목2동시장,1050,532,518,62,74,196,139,146,433,29,32,103,79,77,212,33,42,93,60,69,221,623,0,623
20231,R,전통시장,3130211,신정2동 골목시장(오목교중앙시장),931,457,474,82,127,119,113,179,311,42,61,65,56,91,142,40,66,54,57,88,169,410,0,410
20231,R,전통시장,3130212,공항시장,351,157,194,5,30,142,45,43,86,3,10,53,26,26,39,2,20,89,19,17,47,266,0,266
20231,R,전통시장,3130213,방신전통시장,792,396,396,53,65,91,102,153,328,27,26,47,55,78,163,26,39,44,47,75,165,420,0,420
20231,R,전통시장,3130214,송화벽화시장(송화골목시장),543,267,276,60,83,68,98,99,135,30,41,27,46,52,71,30,42,41,52,47,64,233,0,233
20231,R,전통시장,3130216,화곡중앙시장,1042,500,542,148,100,172,187,149,286,65,51,92,91,67,134,83,49,80,96,82,152,409,0,409
20231,R,전통시장,3130217,화곡본동시장,348,153,195,34,32,68,67,45,102,18,13,28,28,19,47,16,19,40,39,26,55,168,0,168
20231,R,전통시장,3130218,신월중앙시장,86,50,36,15,4,17,25,8,17,7,4,9,14,7,9,8,0,8,11,1,8,40,0,40
20231,R,전통시장,3130219,까치산시장,960,422,538,97,77,173,185,125,303,51,32,77,89,51,122,46,45,96,96,74,181,459,0,459
20231,R,전통시장,3130220,등마루시장,631,252,379,24,25,26,21,38,497,14,8,13,11,14,192,10,17,13,10,24,305,384,0,384
20231,R,전통시장,3130221,"남부골목시장(남부화곡시장, 남부시장)",2164,1028,1136,201,183,319,374,316,771,103,103,155,188,152,327,98,80,164,186,164,444,950,0,950
20231,R,전통시장,3130222,오류시장,132,68,64,12,5,13,16,28,58,6,4,7,10,18,23,6,1,6,6,10,35,76,0,76
20231,R,전통시장,3130223,고척근린시장,636,304,332,44,72,79,75,109,257,20,34,41,38,54,117,24,38,38,37,55,140,286,0,286
20231,R,전통시장,3130225,개봉중앙시장,3138,1523,1615,300,370,436,492,511,1029,174,184,215,257,236,457,126,186,221,235,275,572,1261,0,1261
20231,R,전통시장,3130226,고척프라자,35,19,16,3,0,8,3,6,15,2,0,5,2,2,8,1,0,3,1,4,7,18,0,18
20231,R,전통시장,3130227,고척골목시장상점가(그라운드 고척),301,143,158,5,33,52,35,47,129,0,18,30,21,22,52,5,15,22,14,25,77,161,0,161
20231,R,전통시장,3130228,구로시장,249,129,120,17,26,25,26,56,99,10,11,10,18,33,47,7,15,15,8,23,52,129,0,129
20231,R,전통시장,3130229,남구로시장,763,442,321,69,60,72,122,134,306,36,30,42,74,94,166,33,30,30,48,40,140,433,0,433
20231,R,전통시장,3130230,가리봉시장,223,115,108,14,19,25,17,43,105,7,10,15,10,24,49,7,9,10,7,19,56,125,0,125
20231,R,전통시장,3130231,독산동 우시장,78,40,38,0,6,41,10,12,9,0,1,18,8,8,5,0,5,23,2,4,4,74,0,74
20231,R,전통시장,3130232,독산동 맛나는거리상점가(독산동 맛나는거리),1004,503,501,80,108,138,139,201,338,44,50,73,66,109,161,36,58,65,73,92,177,498,0,498
20231,R,전통시장,3130233,남문시장,1694,859,835,153,153,219,220,368,581,74,69,125,118,186,287,79,84,94,102,182,294,798,0,798
20231,R,전통시장,3130234,푸른터시장(기능상실),184,96,88,28,12,26,34,25,59,15,5,16,18,15,27,13,7,10,16,10,32,81,0,81
20231,R,전통시장,3130235,대명여울빛거리시장(대명시장),947,513,434,24,43,118,158,176,428,14,20,66,91,109,213,10,23,52,67,67,215,684,0,684
20231,R,전통시장,3130236,비단길현대시장(현대시장),2368,1137,1231,176,240,368,279,406,899,90,117,173,140,198,419,86,123,195,139,208,480,1214,0,1214
20231,R,전통시장,3130237,박미시장(기능상실),294,159,135,18,24,29,37,54,132,13,13,14,19,32,68,5,11,15,18,22,64,178,0,178
20231,R,전통시장,3130238,은행나무시장,1077,531,546,100,130,124,160,183,380,50,72,58,89,94,168,50,58,66,71,89,212,448,0,448
20231,R,전통시장,3130240,영등포유통상가,19,17,2,0,0,3,5,3,8,0,0,2,5,3,7,0,0,1,0,0,1,16,0,16
20231,R,전통시장,3130241,선유도역 골목형상점가,1220,616,604,174,121,234,240,176,275,77,70,117,135,91,126,97,51,117,105,85,149,495,0,495
20231,R,전통시장,3130242,대림중앙 골목형상점가,523,267,256,22,48,51,56,114,232,9,30,23,29,60,116,13,18,28,27,54,116,252,0,252
20231,R,전통시장,3130243,도림시장,53,26,27,4,6,4,9,11,19,2,5,2,6,6,5,2,1,2,3,5,14,25,0,25
20231,R,전통시장,3130244,대림중앙시장,1201,589,612,88,111,131,144,228,499,49,62,77,79,108,214,39,49,54,65,120,285,580,0,580
20231,R,전통시장,3130245,영일시장,237,166,71,5,6,22,20,48,136,3,5,15,13,43,87,2,1,7,7,5,49,177,0,177
20231,R,전통시장,3130246,영등포청과시장(조광시장),1206,678,528,68,100,151,153,219,515,34,53,97,98,134,262,34,47,54,55,85,253,681,0,681
20231,R,전통시장,3130247,우리시장,437,220,217,33,48,50,47,79,180,17,26,28,24,39,86,16,22,22,23,40,94,197,0,197
20231,R,전통시장,3130248,영등포역지하도상점가,49,27,22,3,1,5,10,8,22,2,1,5,4,6,9,1,0,0,6,2,13,36,0,36
20231,R,전통시장,3130249,동남상가,164,80,84,8,13,26,23,28,66,6,8,11,15,14,26,2,5,15,8,14,40,67,0,67
20231,R,전통시장,3130250,삼구시장(로타리상가),4,3,1,0,0,0,0,1,3,0,0,0,0,1,2,0,0,0,0,0,1,4,0,4
20231,R,전통시장,3130253,영신상가(제일상가),21,19,2,0,0,0,2,3,16,0,0,0,2,3,14,0,0,0,0,0,2,21,0,21
20231,R,전통시장,3130254,남서울상가,4,4,0,0,0,0,0,0,4,0,0,0,0,0,4,0,0,0,0,0,0,4,0,4
20231,R,전통시장,3130255,영등포전통시장,839,503,336,31,45,79,87,149,448,20,30,54,54,105,240,11,15,25,33,44,208,534,0,534
20231,R,전통시장,3130256,신동시장,51,26,25,3,5,3,9,11,20,2,5,2,6,5,6,1,0,1,3,6,14,27,0,27
20231,R,전통시장,3130257,영등포시장기계공구상가,155,116,39,6,3,6,15,48,77,2,2,4,14,40,54,4,1,2,1,8,23,125,0,125
20231,R,전통시장,3130258,영진시장A동,132,69,63,14,13,15,19,17,54,8,4,11,10,8,28,6,9,4,9,9,26,53,0,53
20231,R,전통시장,3130259,대신시장,234,103,131,23,27,21,40,37,86,11,11,10,16,19,36,12,16,11,24,18,50,91,0,91
20231,R,전통시장,3130260,신대방1동골목상권,605,300,305,44,60,76,82,107,236,23,26,40,45,51,115,21,34,36,37,56,121,319,0,319
20231,R,전통시장,3130261,성대전통시장(성대시장),1937,910,1027,135,170,360,302,317,653,70,88,148,147,155,302,65,82,212,155,162,351,1041,0,1041
20231,R,전통시장,3130262,상도도깨비 골목형상점가,913,433,480,69,97,152,129,145,321,35,49,84,58,72,135,34,48,68,71,73,186,439,0,439
20231,R,전통시장,3130263,신노량진시장(기능상실),193,97,96,11,14,38,25,34,71,6,5,18,13,16,39,5,9,20,12,18,32,100,0,100
20231,R,전통시장,3130264,상도약수골목형상점가,474,227,247,54,53,98,65,74,130,23,32,41,36,34,61,31,21,57,29,40,69,199,0,199
20231,R,전통시장,3130265,노량진중앙시장,91,50,41,3,14,39,10,5,20,1,10,21,7,2,9,2,4,18,3,3,11,67,0,67
20231,R,전통시장,3130266,만양로상점가,75,43,32,2,4,29,7,9,24,2,1,19,5,4,12,0,3,10,2,5,12,53,0,53
20231,R,전통시장,3130267,본동인정시장(기능상실),265,143,122,16,21,58,43,37,90,7,13,36,26,20,41,9,8,22,17,17,49,170,0,170
20231,R,전통시장,3130268,상도전통시장,1531,742,789,96,152,291,222,230,540,57,74,148,119,114,230,39,78,143,103,116,310,887,0,887
20231,R,전통시장,3130269,강남시장(동작구 강남시장),157,71,86,11,16,34,19,24,53,8,7,15,10,8,23,3,9,19,9,16,30,81,0,81
20231,R,전통시장,3130270,흑석시장,53,21,32,2,1,8,6,5,31,2,0,3,5,1,10,0,1,5,1,4,21,36,0,36
20231,R,전통시장,3130271,남성역골목시장,533,238,295,43,47,86,86,77,194,22,23,38,37,36,82,21,24,48,49,41,112,266,0,266
20231,R,전통시장,3130272,사당시장,13,9,4,0,3,1,2,5,2,0,1,1,2,4,1,0,2,0,0,1,1,4,0,4
20231,R,전통시장,3130273,남성사계시장(남성시장),748,374,374,38,50,175,125,90,270,20,24,71,74,55,130,18,26,104,51,35,140,440,0,440
20231,R,전통시장,3130274,사당1동먹자골목상점가(사당1동먹자골목),747,358,389,31,70,214,121,91,220,15,35,93,56,56,103,16,35,121,65,35,117,465,0,465
20231,R,전통시장,3130275,강남골목시장,409,199,210,40,32,89,74,60,114,14,13,45,44,35,48,26,19,44,30,25,66,223,0,223
20231,R,전통시장,3130276,신림중앙시장(조원동 펭귄시장),63,30,33,4,6,26,13,4,10,2,1,13,6,2,6,2,5,13,7,2,4,45,0,45
20231,R,전통시장,3130277,조원동 펭귄시장(신림중앙시장),1393,704,689,124,136,339,215,207,372,57,62,187,123,104,171,67,74,152,92,103,201,721,0,721
20231,R,전통시장,3130278,미성동 도깨비시장 골목형상점가,875,415,460,68,90,114,119,153,331,30,41,59,61,77,147,38,49,55,58,76,184,389,0,389
20231,R,전통시장,3130279,관악신사시장,2214,1128,1086,163,215,403,334,404,695,95,105,206,186,216,320,68,110,197,148,188,375,1192,0,1192
20231,R,전통시장,3130280,신림종합시장,279,147,132,18,29,102,46,35,49,12,12,61,19,17,26,6,17,41,27,18,23,181,0,181
20231,R,전통시장,3130281,우림시장,73,31,42,7,4,16,11,6,29,3,2,7,5,3,11,4,2,9,6,3,18,29,0,29
20231,R,전통시장,3130282,난곡 골목형상점가,339,174,165,32,26,59,55,43,124,19,15,33,32,17,58,13,11,26,23,26,66,151,0,151
20231,R,전통시장,3130283,신원시장,381,213,168,25,30,79,42,55,150,15,13,49,22,33,81,10,17,30,20,22,69,223,0,223
20231,R,전통시장,3130285,서원동상점가,488,221,267,5,48,238,89,59,49,3,15,100,48,29,26,2,33,138,41,30,23,394,0,394
20231,R,전통시장,3130286,신신림시장(삼성동시장),33,18,15,4,1,5,5,7,11,2,0,2,3,6,5,2,1,3,2,1,6,21,0,21
20231,R,전통시장,3130287,삼성동 시장(삼성동시장),181,101,80,10,11,15,23,31,91,6,7,12,15,18,43,4,4,3,8,13,48,117,0,117
20231,R,전통시장,3130288,신림현대종합상가,18,11,7,0,0,5,3,4,6,0,0,1,3,4,3,0,0,4,0,0,3,13,0,13
20231,R,전통시장,3130289,봉일시장,2,1,1,0,0,0,0,0,2,0,0,0,0,0,1,0,0,0,0,0,1,1,0,1
20231,R,전통시장,3130293,봉천중앙시장,321,145,176,9,34,159,44,41,34,5,9,69,22,21,19,4,25,90,22,20,15,256,0,256
20231,R,전통시장,3130294,관악중부시장,549,274,275,21,45,183,72,59,169,9,23,84,42,36,80,12,22,99,30,23,89,356,0,356
20231,R,전통시장,3130290,영림시장,1771,851,920,142,121,290,267,257,694,84,69,134,146,119,299,58,52,156,121,138,395,977,0,977
20231,R,전통시장,3130291,봉천제일종합시장,103,47,56,5,8,31,16,16,27,1,3,13,10,7,13,4,5,18,6,9,14,78,0,78
20231,R,전통시장,3130295,인헌시장(원당종합시장),1291,660,631,58,78,352,223,178,402,34,42,180,115,97,192,24,36,172,108,81,210,846,0,846
20231,R,전통시장,3130296,남부종합시장,131,66,65,22,23,15,13,25,33,16,11,6,5,13,15,6,12,9,8,12,18,53,0,53
20231,R,전통시장,3130301,양재시장,139,69,70,7,13,37,20,26,36,5,7,19,10,10,18,2,6,18,10,16,18,87,0,87
20231,R,전통시장,3130302,강남시장(강남구 강남시장),303,148,155,39,19,54,62,32,97,24,9,23,34,16,42,15,10,31,28,16,55,113,0,113
20231,R,전통시장,3130303,영동전통시장,1246,567,679,77,102,319,268,191,289,34,54,135,126,96,122,43,48,184,142,95,167,736,0,736
20231,R,전통시장,3130305,논현종합시장,89,34,55,6,8,12,17,15,31,2,3,2,6,7,14,4,5,10,11,8,17,45,0,45
20231,R,전통시장,3130306,강남언주로,466,233,233,20,30,144,93,69,110,10,15,69,51,35,53,10,15,75,42,34,57,295,0,295
20231,R,전통시장,3130307,도곡시장,26,12,14,3,5,2,4,6,6,2,3,1,1,2,3,1,2,1,3,4,3,11,0,11
20231,R,전통시장,3130308,청담삼익시장,154,74,80,11,16,22,11,27,67,6,8,9,5,12,34,5,8,13,6,15,33,49,0,49
20231,R,전통시장,3130309,은마종합상점가,610,313,297,64,147,57,61,165,116,34,85,30,27,77,60,30,62,27,34,88,56,180,0,180
20231,R,전통시장,3130310,강남개포시장,38,25,13,0,5,7,6,7,13,0,2,5,2,6,10,0,3,2,4,1,3,32,0,32
20231,R,전통시장,3130311,새마을시장,2423,1199,1224,174,205,484,392,352,816,90,101,238,222,175,373,84,104,246,170,177,443,1260,0,1260
20231,R,전통시장,3130312,석촌시장,976,487,489,83,94,178,160,146,315,42,48,69,87,81,160,41,46,109,73,65,155,527,0,527
20231,R,전통시장,3130313,방이시장,5719,2765,2954,654,611,1053,1062,857,1482,340,302,503,550,415,655,314,309,550,512,442,827,2551,0,2551
20231,R,전통시장,3130314,풍납시장,4699,2280,2419,349,456,679,692,801,1722,168,222,344,367,395,784,181,234,335,325,406,938,2259,0,2259
20231,R,전통시장,3130315,문정동 로데오거리 상점가(문정동 로데오거리),1349,709,640,102,158,215,201,246,427,60,94,110,101,123,221,42,64,105,100,123,206,669,0,669
20231,R,전통시장,3130316,마천시장,144,74,70,16,13,20,20,20,55,9,6,12,7,11,29,7,7,8,13,9,26,61,0,61
20231,R,전통시장,3130317,마천중앙시장,1200,630,570,125,103,157,175,202,438,55,55,91,92,121,216,70,48,66,83,81,222,526,0,526
20231,R,전통시장,3130318,로데오거리상점가,580,280,300,12,29,195,173,73,98,3,16,88,78,40,55,9,13,107,95,33,43,461,0,461
20231,R,전통시장,3130319,성내전통시장,1150,596,554,102,90,199,172,181,406,51,43,108,93,95,206,51,47,91,79,86,200,593,0,593
20231,R,전통시장,3130320,암사종합시장,955,490,465,67,99,186,181,144,278,31,61,96,99,74,129,36,38,90,82,70,149,505,0,505
20231,R,전통시장,3130321,장신구 특화거리 상점가,1046,516,530,129,131,173,204,154,255,57,72,82,109,73,123,72,59,91,95,81,132,454,0,454
20231,R,전통시장,3130322,고분다리전통시장,824,432,392,45,98,98,111,147,325,24,49,50,64,82,163,21,49,48,47,65,162,426,0,426
20231,R,전통시장,3130323,둔촌역전통시장,1781,870,911,161,238,272,254,311,545,81,137,144,125,146,237,80,101,128,129,165,308,724,0,724
20231,R,전통시장,3130324,길동복조리시장,1337,649,688,128,152,184,214,191,468,72,78,92,113,89,205,56,74,92,101,102,263,531,0,531
20231,R,전통시장,3130325,명일전통시장,2089,1038,1051,344,279,238,346,331,551,189,140,128,153,170,258,155,139,110,193,161,293,680,0,680
20231,R,전통시장,3130326,고덕 골목형상점가,124,59,65,4,16,15,15,21,53,0,12,7,8,9,23,4,4,8,7,12,30,56,0,56
20231,R,전통시장,3130327,"평화시장(남평화시장, 제일평화시장, 신평화패션타운)",2,2,0,0,0,1,0,0,1,0,0,1,0,0,1,0,0,0,0,0,0,2,0,2
20231,U,관광특구,3001491,이태원 관광특구,5337,2516,2821,315,322,963,882,866,1989,156,152,510,451,417,830,159,170,453,431,449,1159,3220,0,3220
20231,U,관광특구,3001492,명동 남대문 북창동 다동 무교동 관광특구,600,365,235,13,20,62,76,113,316,7,10,38,51,67,192,6,10,24,25,46,124,469,0,469
20231,U,관광특구,3001493,동대문패션타운 관광특구,1807,941,866,163,161,338,303,288,554,90,83,154,153,155,306,73,78,184,150,133,248,961,0,961
20231,U,관광특구,3001494,종로?청계 관광특구,1720,1092,628,32,94,178,157,304,955,14,51,123,103,207,594,18,43,55,54,97,361,1304,0,1304
20231,U,관광특구,3001495,잠실 관광특구,5902,2885,3017,572,462,1173,1128,849,1718,319,223,536,531,406,870,253,239,637,597,443,848,2964,0,2964
20231,U,관광특구,3001496,강남 마이스 관광특구,19,11,8,6,0,1,4,1,7,3,0,0,2,1,5,3,0,1,2,0,2,10,0,10
20233,D,발달상권,3120218,코엑스,15,9,6,4,0,0,4,0,7,2,0,0,2,0,5,2,0,0,2,0,2,17,0,17
20233,A,골목상권,3110044,관성묘,259,119,140,23,29,54,46,37,70,12,13,29,25,15,25,11,16,25,21,22,45,130,0,130
20233,A,골목상권,3110408,가인초등학교,817,386,431,103,125,129,105,154,201,52,62,66,50,64,92,51,63,63,55,90,109,649,0,649
20233,A,골목상권,3110409,창동역 2번,2979,1490,1489,262,366,482,427,522,920,138,191,243,220,246,452,124,175,239,207,276,468,1286,0,1286
20233,A,골목상권,3110410,방학역 2번,2578,1346,1232,175,258,454,412,441,838,96,130,239,237,226,418,79,128,215,175,215,420,1650,0,1650
20233,A,골목상권,3110411,도봉역 3번,1676,883,793,174,170,197,212,261,662,95,91,113,133,140,311,79,79,84,79,121,351,768,0,768
